Date,Open,High,Low,Close,Volume,Dividends,Stock Splits,daily_return,cum_return,middle_band,upper_band,lower_band,Conversion,Baseline,SpanA,SpanB,Lagging
2016-02-18,76.52118422313194,78.22778340601029,76.24564256557662,77.77446746826172,2799500,0.0,0,,,,,,,,,,89.09842681884766
2016-02-19,77.69447919159084,78.14778837748631,76.89451183207557,77.6144790649414,2750900,0.0,0,-0.0020570813086646655,0.9979429186913353,,,,,,,,90.59169006347656
2016-02-22,78.23665336641372,79.83658770167544,78.23665336641372,79.32105255126953,2633600,0.0,0,0.021987823752578572,1.0198855117026542,,,,,,,,90.93834686279295
2016-02-23,78.99217720454305,79.42771222072959,77.84555879828585,78.23664855957031,1967600,0.0,0,-0.013671074157750374,1.005942581239752,,,,,,,,90.99169158935548
2016-02-24,77.83670034677395,79.48996414324863,77.33894583820835,79.1344223022461,3775900,0.0,0,0.011475104816027537,1.0174858777983835,,,,,,,,92.88492584228516
2016-02-25,79.34772720471635,80.12103002984317,79.07218555983677,79.4810562133789,4584300,0.0,0,0.004380317705598102,1.0219427892040998,,,,,,,,93.0626983642578
2016-02-26,78.92997656952849,81.59652974037209,77.58780957474652,80.00548553466797,4730300,0.0,0,0.006598167491397522,1.0286857388938944,,,,,,,,92.44052124023438
2016-02-29,80.1388292517449,82.88537626652504,80.0055002124631,81.95207977294922,3879600,0.0,0,0.024330759638196975,1.0537144443501627,,,,,,,,93.9515380859375
2016-03-01,82.44092997488502,84.25418682260137,81.46319523442683,84.17418670654297,3240600,0.0,0,0.027114710691298782,1.08228560665996,,,,80.249914694089,,,,93.3293685913086
2016-03-02,83.89864204374828,84.17418367285168,83.32088756021996,84.10308074951172,1645700,0.0,0,-0.0008447477761697186,1.0813713483005536,,,,80.57434932733847,,,,94.41905212402344
2016-03-03,84.26307117648452,84.72527067791613,83.667535897405,84.7074966430664,1879700,0.0,0,0.007186608245123072,1.0891427405482903,,,,81.03210825806224,,,,94.6870346069336
2016-03-04,84.5475096380938,85.62301853530326,84.52972882049647,85.2763671875,1987800,0.0,0,0.006715704831068869,1.096457101712714,,,,81.4809821867558,,,,94.82991027832033
2016-03-07,84.84971301769467,85.50746083852788,84.62750027457854,84.97415161132812,1987900,0.0,0,-0.0035439546282193257,1.0925713074924552,,,,81.4809821867558,,,,94.88351440429688
2016-03-08,84.45863538376616,84.93861583043724,83.88088754705485,84.08531951904297,1719400,0.0,0,-0.010460029025658013,1.081142979903483,,,,81.60541405502488,,,,93.96351623535156
2016-03-09,84.38753244386385,84.60085482636335,83.78311337561836,84.08531951904297,1872800,0.0,0,0.0,1.081142979903483,,,,81.60541405502488,,,,94.48157501220705
2016-03-10,84.71637650167554,85.16080194848973,83.2764423940898,84.18306732177734,1748500,0.0,0,0.0011624835737495953,1.0823997908584955,,,,82.81425937388317,,,,94.26719665527344
2016-03-11,84.92970566363631,87.605141972898,84.81415070728409,87.5162582397461,2680700,0.0,0,0.039594552966668806,1.1252569267087533,,,,84.53416860366241,,,,94.23147583007812
2016-03-14,86.83185031817133,87.38293355973346,85.94299938001876,87.16072082519531,2026200,0.0,0,-0.004062529885324961,1.1206855368153301,,,,85.4407921834939,,,,93.62409210205078
2016-03-15,86.28076838032996,87.66737380373644,86.23632311669971,87.47183227539062,2124200,0.0,0,0.0035693996934611505,1.124685711426905,,,,85.47190809891312,,,,91.61443328857422
2016-03-16,87.20518803712274,88.86734215118985,86.92075593656863,88.71623229980469,1817000,0.0,0,0.014226294248602,1.1406858212948625,82.99868621826172,89.94511140401713,76.05226103250632,86.07189227263981,,,,93.0614242553711
2016-03-17,88.63622344674482,91.46276991846467,88.41401069513601,90.44058990478516,3535100,0.0,0,0.0194367767913457,1.1628570769924236,83.63199234008789,90.86458166132955,76.39940301884623,87.36960615627723,,,,93.0524673461914
2016-03-18,90.8405861664701,90.8405861664701,89.01844535074807,89.33843231201172,3566500,0.0,0,-0.01218653697342953,1.1486858762288412,84.2181900024414,91.3022145234065,77.1341654814763,87.36960615627723,,,,93.57945251464844
2016-03-21,88.89399357853794,89.47174810541829,88.67178082061437,89.18730926513672,1718100,0.0,0,-0.0016915793456864225,1.146742782925931,84.71150283813476,91.7359536956618,77.68705198060772,87.36960615627723,,,,93.32937622070312
2016-03-22,88.95622025744294,89.2139878917807,88.40513013078332,88.82289123535156,1435800,0.0,0,-0.00408598524597048,1.1420572088339724,85.24081497192383,91.80976695521443,78.67186298863322,87.36960615627723,,,,93.00782012939452
2016-03-23,88.88511088211521,89.73840713281602,88.50290463406628,88.51179504394531,1343900,0.0,0,-0.003502432617082274,1.1380572304151784,85.70968360900879,91.78308404998562,79.63628316803197,88.13846031287437,,,,93.67770385742188
2016-03-24,88.3518068770415,89.43620637992535,87.88071684610911,89.19621276855469,1576800,0.0,0,0.007732503044024508,1.1468572614136379,86.19544143676758,91.7222585618021,80.66862431173307,88.70288464924172,83.85420624202064,,,94.24041748046876
2016-03-28,89.29397513369813,89.6672909449243,88.7873303094925,89.09842681884766,1077100,0.0,0,-0.0010963015880591787,1.1455999599766729,86.65008850097657,91.51493739720054,81.78523960475259,88.84954651758218,84.17864087527012,,,93.03461456298828
2016-03-29,89.15175581899861,90.72501906647504,88.7073303299336,90.59169006347656,1824400,0.0,0,0.016759703823558736,1.1647998760061626,87.08206901550292,91.7286627914702,82.43547523953565,89.19176292751665,84.40085787833651,,,94.24041748046876
2016-03-30,90.97390171782044,91.47166290680956,90.73391492312912,90.93834686279295,1568400,0.0,0,0.0038265849668275287,1.1692570817010504,87.42027702331544,92.15581836538291,82.68473568124796,89.67618987645933,84.40530437250895,,,94.95496368408205
2016-03-31,90.6628142336759,91.48944604647409,90.55614965798082,90.99169158935548,1588300,0.0,0,0.0005866032141865762,1.1699429716633867,87.76470756530762,92.48696378092986,83.04245134968538,89.6850814462916,84.41419594234122,,,95.18720245361328
2016-04-01,90.60057913349624,93.16935787982872,90.54725024564266,92.88492584228516,3108100,0.0,0,0.020806671684639344,1.194285590964538,88.17357902526855,93.17704139528648,83.17011665525062,90.52503736296892,85.37858372728762,,,95.2586669921875
2016-04-04,93.0626983642578,93.22269181788064,92.547169930491,93.0626983642578,1877200,0.0,0,0.0019139006718322804,1.1965713349594447,88.56289558410644,93.81243055109849,83.3133606171144,90.55170433199487,85.40525069631357,,,95.73204803466795
2016-04-05,92.44052124023438,92.78717265237356,92.20941803834285,92.44052124023438,1661100,0.0,0,-0.006685569352267828,1.1885715743146377,88.93621406555175,94.17359411448011,83.6988340166234,90.55170433199487,86.61409601517187,,,94.43693542480467
2016-04-06,92.4404942577436,94.07597667031138,92.21828153116248,93.9515380859375,2331500,0.0,0,0.01634582784076155,1.2079997606448076,89.42952499389648,94.60389278856583,84.25515719922713,90.97834675821025,87.76958595236911,,,95.17826080322266
2016-04-07,93.53380733489423,93.81823942505956,92.82272371878304,93.3293685913086,2133100,0.0,0,-0.006622238521095891,1.200000098096391,89.89172744750977,94.70946749070238,85.07398740431715,91.39165350012249,88.67620953220059,,,94.41011810302734
2016-04-08,93.80274924780473,94.74060085818152,93.62411409082551,94.41905212402344,1380300,0.51,0,0.011675676683152059,1.2140109112615152,90.40352668762208,94.8427263207319,85.96432705451225,91.72396559405756,89.00852162613566,,,95.10681915283205
2016-04-11,94.9013982101258,95.15149021626604,94.38334658912324,94.6870346069336,1423500,0.0,0,0.0028382246684508505,1.2174565469776262,90.76206550598144,95.36760666651749,86.15652434544539,92.84937023095435,89.21396630517792,,,94.10643768310548
2016-04-12,94.59768595712484,95.11573059359414,94.01711152514848,94.82991027832033,1495700,0.0,0,0.0015089253980742345,1.2192935980824124,91.1455249786377,95.76502436760967,86.52602558966572,92.84937023095435,89.21396630517792,,,93.38294982910156
2016-04-13,95.33903609879302,95.34796990098738,94.50836967157232,94.88351440429688,2271300,0.0,0,0.000565266020174704,1.219982823322025,91.516109085083,96.08565866070145,86.94655950946455,92.94761007331502,89.31220614753859,,,92.686279296875
2016-04-14,94.8120502005982,94.9817515420524,93.8563378753792,93.96351623535156,1628000,0.0,0,-0.009696080238187799,1.2081537719778837,91.77847328186036,96.27608132275137,87.28086524096935,93.77869396966511,89.31220614753859,,,92.9006576538086
2016-04-15,94.03498030572884,94.67807777337654,93.66877618995382,94.48157501220705,1325100,0.0,0,0.005513403474151524,1.2148148111816157,91.98052253723145,96.58256981864217,87.37847525582073,93.77869396966511,89.31220614753859,,,93.03461456298828
2016-04-18,93.98137636059894,94.46369938557966,93.78487363029274,94.26719665527344,2031500,0.0,0,-0.0022689964356109593,1.2120584007051172,92.22696075439453,96.76337615677551,87.69054535201354,93.78312571607492,90.08106030413573,,,94.0528564453125
2016-04-19,93.80274194640756,94.26720422159184,92.84702962052113,94.23147583007812,2433100,0.0,0,-0.00037893165876079493,1.211599113404823,92.4791690826416,96.86848917996053,88.08984898532267,94.08534680988521,90.64548464050307,,,94.82991027832033
2016-04-20,94.2403948335232,94.57980427786694,93.46331777273156,93.62409210205078,1707300,0.0,0,-0.006445656535429833,1.2037895616611842,92.71922912597657,96.79294839311768,88.64550985883545,94.09749976075426,90.79214650884354,,,94.0528564453125
2016-04-21,93.3382890430008,93.3382890430008,91.44472512785794,91.61443328857422,2442200,0.0,0,-0.021465188802963442,1.1779499914410902,92.87436103820801,96.50277651933952,89.2459455570765,93.39634751442266,91.13436291877801,,,94.7316436767578
2016-04-22,91.96279807672694,93.9099516281523,91.86454667804756,93.0614242553711,1709900,0.0,0,0.01579435592030598,1.1965549528622321,93.06762161254883,96.27481105096372,89.86043217413395,93.39634751442266,91.61434337354825,,,94.48157501220705
2016-04-25,92.97207676064431,93.38294986100682,92.27539015354142,93.0524673461914,1296800,0.0,0,-9.624728238744051e-05,1.1964397876997919,93.26532363891602,95.90021624802547,90.63043102980656,93.39634751442266,91.61434337354825,,,94.2046890258789
2016-04-26,93.29363217289044,93.82955127636936,93.23110918608384,93.57945251464844,1257900,0.0,0,0.005663312145141042,1.2032155996804021,93.4147117614746,95.74431508955028,91.08510843339893,93.21323833495516,91.61434337354825,,,95.17826080322266
2016-04-27,93.36510462122708,94.03499679843613,92.71308005152784,93.32937622070312,1613500,0.0,0,-0.0026723419214935706,1.200000196192781,93.53426322937011,95.56670625443724,91.50182020430299,93.06140145061724,91.61434337354825,,,95.54447174072266
2016-04-28,92.72199976213533,94.08857860604635,92.4629739895418,93.00782012939452,2402300,0.0,0,-0.0034453899118344067,1.1958657276226192,93.63506965637207,95.3199075862124,91.95023172653174,93.01226470286244,91.61434337354825,,,95.7499008178711
2016-04-29,92.8470374247649,94.00818639583188,91.36434653203524,93.67770385742188,2678500,0.0,0,0.007202445204020469,1.2044788849971872,93.67470855712891,95.32362256071927,92.02579455353855,92.97207540495108,91.61434337354825,,,96.34835052490234
2016-05-02,93.78488896884733,94.47264182290796,93.33829425947188,94.24041748046876,2100800,0.0,0,0.006006910928382014,1.2117140823744823,93.73359451293945,95.3748958124638,92.09229321341509,92.97207540495108,92.02765011546049,86.27854544563118,,96.07145690917967
2016-05-03,93.26683890900928,93.77595661296996,92.13249132807736,93.03461456298828,1976800,0.0,0,-0.012794965787692791,1.1962102421460352,93.76329917907715,95.32887178308688,92.19772657506742,92.9184941774716,92.02765011546049,86.51409369642616,,97.42017364501952
2016-05-04,92.57908461643248,94.43692024291306,92.23074128827916,94.24041748046876,1927500,0.0,0,0.01296079876446532,1.2117140823744823,93.77774314880371,95.35541116251319,92.20007513509422,92.9184941774716,92.94761007331502,86.79631040292658,,97.17007446289062
2016-05-05,94.32973382493664,95.3211746119346,94.32973382493664,94.95496368408205,2148400,0.0,0,0.007582162969103745,1.2209014960190037,93.85902290344238,95.50276171255923,92.21528409432553,93.34276057198491,92.94761007331502,87.04074712448414,,97.29511260986328
2016-05-06,94.73167391150798,95.2854538414104,93.99925881169894,95.18720245361328,1313900,0.0,0,0.0024457780880617896,1.2238875501456488,93.89743041992188,95.62635304401206,92.16850779583169,93.34276057198491,92.94761007331502,87.04963869431641,,96.11612701416016
2016-05-09,95.2407993850472,95.71419557132864,94.89245600526148,95.2586669921875,1169500,0.0,0,0.0007507788519054426,1.2248064190354084,93.92601203918457,95.72447249620204,92.1275515821671,93.53927105168194,93.53927105168194,87.95181054512827,,96.25074768066406
2016-05-10,95.45516147854345,95.78563722243534,95.16934111962604,95.73204803466795,1156200,0.0,0,0.004969427532712345,1.2308930057764058,93.97111892700195,95.89998695605333,92.04225089795058,93.57499187723529,93.57499187723529,87.97847751415422,,96.66364288330078
2016-05-11,95.50876017381694,95.68739536048712,94.41013401375815,94.43693542480467,1025800,0.0,0,-0.013528516692699166,1.214240849200833,93.94878997802735,95.84459377462152,92.05298618143318,93.57499187723529,93.57499187723529,88.58290017358337,,95.99044799804688
2016-05-12,94.9103080704557,95.37476356261504,94.31186599017134,95.17826080322266,1185200,0.0,0,0.007849951664391508,1.2237725811759892,94.0095272064209,95.98050156229081,92.03855285055099,93.95906427525635,93.57499187723529,89.37396635528968,,96.4212875366211
2016-05-13,94.98175878142926,95.21398993655956,94.11537077614422,94.41011810302734,1272200,0.0,0,-0.00807056878023249,1.2138960403882457,94.00595436096191,95.97371464914556,92.03819407277825,93.95906427525635,93.57499187723529,90.03393151616154,,98.23446655273438
2016-05-16,94.45478783183262,95.32118272070385,94.41012563188248,95.10681915283205,1620900,0.0,0,0.007379516770060768,1.2228540065754012,94.04793548583984,96.07183984920657,92.02403112247312,94.00818925535725,93.57499187723529,90.3662436100966,,98.19857025146484
2016-05-17,95.2586528507684,95.2586528507684,93.6241145793516,94.10643768310548,1213700,0.0,0,-0.010518504126596828,1.2099914116610124,94.04168357849122,96.064036574753,92.01933058222943,94.70487590089347,93.57499187723529,91.03166826806614,,100.05662536621094
2016-05-18,93.94565666976304,94.177887810216,92.36471450914615,93.38294982910156,1691000,0.0,0,-0.007687974083560589,1.2006890290468317,94.02962646484374,96.06476811947232,91.99448481021517,94.07517586579075,93.57499187723529,91.03166826806614,,97.18428802490234
2016-05-19,92.4451211097494,92.97209968859585,92.0967777202926,92.686279296875,1146700,0.0,0,-0.00746036116337645,1.1917314552452385,94.08321876525879,95.90411181300408,92.2623257175135,93.94120747136397,93.57499187723529,91.12990811042681,,97.74079132080078
2016-05-20,93.14181586157729,93.275795672336,92.56124122462036,92.9006576538086,1632900,0.0,0,0.002312945978195202,1.1944878657217366,94.07518043518067,95.91557264222354,92.2347882281378,93.94120747136397,93.57499187723529,91.54545005860186,,99.45523071289062
2016-05-23,93.14179293361502,93.28470651377675,92.56121843957344,93.03461456298828,1069200,0.0,0,0.0014419371462242037,1.1962102421460348,94.07428779602051,95.91670141893171,92.23187417310932,93.89208654038985,93.57499187723529,91.54545005860186,,101.42999267578124
2016-05-24,93.29363992380586,94.0975118313161,93.07034255030274,94.0528564453125,2153000,0.0,0,0.010944763807613,1.2093024807105708,94.09795799255372,95.92629238949237,92.26962359561506,93.73577064145383,93.57499187723529,91.93209301010532,,101.97753143310548
2016-05-25,94.6780697265016,95.0978698052306,94.24933584634394,94.82991027832033,1311800,0.0,0,0.008261884459188629,1.2192935980824118,94.17298469543456,95.9920314378743,92.35393795299483,93.70898022049822,93.57499187723529,92.36541572519414,,101.96853637695312
2016-05-26,94.7048809598244,94.8924499358276,93.70451308780724,94.0528564453125,1544700,0.0,0,-0.008194185049075986,1.2093024807105708,94.22523651123046,95.96486696043495,92.48560606202598,93.70898022049822,93.57499187723529,92.4448231347989,,102.17498016357422
2016-05-27,94.17787073809365,95.160377487991,94.10641396713932,94.7316436767578,1134700,0.0,0,0.007217082575689648,1.2180301165728453,94.27793350219727,96.01180805018711,92.54405895420743,93.6777152855305,93.57499187723529,92.26535521660034,,100.8914031982422
2016-05-31,94.64234937911895,94.94603732306122,94.00818571365926,94.48157501220705,2166200,0.0,0,-0.002639758530993408,1.2148148111816153,94.28999137878418,96.02603089737256,92.5539518601958,93.6285776041418,93.57499187723529,92.50534544398545,,100.7118682861328
2016-06-01,94.19575522363866,94.54409855156972,93.66877673786917,94.2046890258789,1133700,0.0,0,-0.0029305818228830827,1.2112546969777973,94.3484951019287,95.98642644454698,92.71056375931043,93.6285776041418,93.57499187723529,92.50534544398545,,102.02239227294922
2016-06-02,94.0975024410589,95.18719460532986,93.72236452648856,95.17826080322266,1338500,0.0,0,0.010334642440954278,1.2237725811759892,94.3953872680664,96.07192395604878,92.71885058008402,93.87420652245166,93.57499187723529,92.41379085425172,,102.9289779663086
2016-06-03,95.53553793861448,95.83029207773556,95.04428785457368,95.54447174072266,1438300,0.0,0,0.003847632163158865,1.2284812079197138,94.42486267089843,96.16006331812615,92.68966202367072,94.1957552586545,93.5973193048854,92.33787241208275,,104.21256256103516
2016-06-06,95.6695170429428,96.16077393804107,95.26758453931284,95.7499008178711,1164500,0.0,0,0.0021500885755683097,1.2311225513301625,94.45299758911133,96.25444279662385,92.65155238159882,94.61555824417191,93.76256023503817,92.31330403820535,,104.13179779052734
2016-06-07,95.8124313916247,96.70562086109427,95.51768404571582,96.34835052490234,1299700,0.0,0,0.006250133962744986,1.2388172322005324,94.50748176574707,96.46408516083737,92.55087837065678,95.18719879948172,94.40119929069343,92.29320938924967,,105.0204086303711
2016-06-08,96.32154886967076,96.74134900956426,95.77670956402656,96.07145690917967,1225600,0.0,0,-0.002873880188027811,1.2352570199003239,94.52445220947266,96.52907078440383,92.51983363454148,95.20506287371671,94.41906336492843,92.49986276020579,85.796806233282,104.85884857177734
2016-06-09,95.92854888971812,97.44696823836708,95.66058932725312,97.42017364501952,2009500,0.0,0,0.014038683072276514,1.2525984017155094,94.67361412048339,97.04476897496859,92.3024592659982,95.55787248811812,94.77187297932983,92.47307214646605,86.12124086653148,104.39208221435548
2016-06-10,96.84852573763868,97.6970529315293,96.49124861908156,97.17007446289062,2050800,0.0,0,-0.0025672216828539485,1.249382703938717,94.7732048034668,97.37913743920062,92.16727216773297,95.68291483469923,94.89691532591095,92.93305212539332,86.34345786959787,105.3525161743164
2016-06-13,97.15219904813274,98.07218976916232,96.95570312249376,97.29511260986328,2493200,0.0,0,0.0012867968627563453,1.2509904056825274,94.91745452880859,97.73986761981682,92.09504143780036,95.87048325351574,95.08448374472746,93.14518532264997,86.34345786959787,105.6756820678711
2016-06-14,96.92892595261112,97.22368013650346,95.75884983500237,96.11612701416016,1552000,0.0,0,-0.012117624041719899,1.2358313742666678,94.967919921875,97.83828154070265,92.09755830304734,95.89727714782543,95.08448374472746,93.14518532264997,86.34345786959787,105.51410675048828
2016-06-15,96.26869687199104,96.72648000538814,95.91862943122342,96.25074768066406,1342700,0.53,0,0.0014006043593919326,1.237562285076939,95.07513542175293,97.96912385705357,92.18114698645229,96.558238811868,95.08448374472746,93.53927105168194,86.65100257303757,105.77439880371094
2016-06-16,96.02634047459968,96.7174973028968,95.72114945103702,96.66364288330078,1460400,0.0,0,0.004289786963594278,1.2428711636340979,95.23917007446289,98.10231334559563,92.37602680333015,96.66988715423759,95.08448374472746,93.57499187723529,86.68672339859093,104.90373992919922
2016-06-17,96.58286723697428,96.68160491816602,95.59549727327985,95.99044799804688,2267200,0.0,0,-0.006964302866866223,1.2342154324260555,95.40437850952148,98.02804364995359,92.78071336908937,96.79493690743908,95.08448374472746,93.57499187723529,87.89556871744922,104.99348449707033
2016-06-20,96.79828218289764,97.44456263264172,96.37641113485816,96.4212875366211,2327100,0.0,0,0.004488358451905317,1.239755033693657,95.58041000366211,97.96786677843244,93.19295322889178,96.83384352122108,95.08448374472746,93.76702807624582,88.62441622843109,105.56794738769533
2016-06-21,96.86112398550416,98.54862876611668,96.6187653864502,98.23446655273438,2071300,0.0,0,0.01880475839346807,1.263068327569352,95.84040260314941,98.19421358503453,93.4865916212643,97.07206301969826,95.32270324320464,93.76702807624582,89.53103980826256,104.70624542236328
2016-06-22,98.18959223077384,98.57556494180685,97.50740647094791,98.19857025146484,1247300,0.0,0,-0.0003654145284156529,1.2626067840520765,96.04768829345703,98.46532791944361,93.63004866747045,97.08553110754335,95.33617133104971,93.79159056629626,89.53103980826256,103.91632843017578
2016-06-23,98.73713707503788,100.05662536621097,98.3152591209106,100.05662536621094,1842700,0.0,0,0.01892140700203715,1.2864970808966592,96.30902404785157,99.22766502702316,93.39038306867997,97.8260613197454,96.07670154325177,94.13993388906438,89.53103980826256,105.05630493164062
2016-06-24,97.10350636521888,98.97950906559916,96.6547011050447,97.18428802490234,3365800,0.0,0,-0.028707117902445067,1.2495654575142074,96.46559562683106,99.21241638292548,93.71877487073664,97.8260613197454,96.07670154325177,93.82508387151302,89.53103980826256,104.78702545166016
2016-06-27,96.61877837346104,97.76771853582116,95.72116801558929,97.74079132080078,2662000,0.0,0,0.005726268177792759,1.25672080442964,96.61605300903321,99.29455403309262,93.9375519849738,97.8260613197454,96.3089219028922,93.75809967429963,89.53103980826256,103.88045501708984
2016-06-28,98.57556954611512,99.49112910088478,98.01007748418888,99.45523071289062,1805500,0.0,0,0.017540674358393238,1.2787645348195584,96.86473579406739,99.62751480273853,94.10195678539624,97.8260613197454,96.3089219028922,93.75809967429963,89.53103980826256,104.49980926513672
2016-06-29,100.2182197966448,101.5466795825251,99.7335092753452,101.42999267578124,2442700,0.0,0,0.019855787862896657,1.3041554121495313,97.2260009765625,100.37059421733436,94.08140773579065,98.57108842790248,97.30851106641393,93.73353920881257,89.53103980826256,104.6434097290039
2016-06-30,101.62746387916566,101.99548063023518,100.29899730015003,101.97753143310548,3217100,0.0,0,0.005398193797316431,1.3111954958061336,97.56596450805664,101.19061843421379,93.94131058189949,98.85832432291224,97.83212868405218,93.65538125934455,90.2998939648597,103.88045501708984
2016-07-01,102.27372746297522,102.77638707733674,101.83389345218524,101.96853637695312,1551300,0.0,0,-8.820625510297386e-05,1.3110798401617407,97.88716773986816,101.86380501835038,93.91053046138595,99.248777546463,98.22258190760294,93.64198604886676,90.86431830122706,104.05098724365234
2016-07-05,101.98648282591972,102.5340256464403,101.85183991381706,102.17498016357422,2322400,0.0,0,0.0020245832092551375,1.3137342303921251,98.20842170715332,102.4734007611924,93.94344265311425,99.248777546463,98.22258190760294,93.64198604886676,91.01098016956752,104.33821868896484
2016-07-06,101.86082400529344,101.896722392319,100.19126823144632,100.8914031982422,2411600,0.0,0,-0.012562536966262305,1.29723039555898,98.43557434082031,102.76423279001327,94.10691589162735,99.248777546463,98.22258190760294,93.62635358138289,91.35319657950198,104.0240478515625
2016-07-07,100.94524887089554,101.86081516976778,100.23613594474088,100.7118682861328,1994100,0.0,0,-0.0017794867195635167,1.2949219912978687,98.66759490966797,102.96145013975321,94.37373967958273,99.248777546463,98.22258190760294,93.60178474068854,91.83317703427223,104.57159423828124
2016-07-08,101.59153630606932,102.10317391461362,100.82856890360478,102.02239227294922,1927200,0.0,0,0.013012607243995111,1.3117723025822399,98.89770584106445,103.39036939677011,94.40504228535879,99.248777546463,98.24937580191265,93.60178474068854,91.83317703427223,103.9343032836914
2016-07-11,102.02239643670008,103.03669367448047,101.19658970382926,102.9289779663086,2073300,0.0,0,0.00888614423913836,1.3234289004718922,99.18565101623535,103.93234259282139,94.43895943964932,100.52338557933467,99.04049076452708,93.72459919984348,91.83317703427223,102.43529510498048
2016-07-12,102.8661470063752,104.23051860343584,102.56096276779964,104.21256256103516,3195700,0.0,0,0.012470585252937427,1.3399328334014282,99.53152351379394,104.67292160802171,94.39012541956617,101.98201393939053,99.74905157137434,93.89653728176995,91.85550446192234,102.83024597167967
2016-07-13,104.48186534361308,104.75114438925029,103.74582499504504,104.13179779052734,2194400,0.0,0,-0.0007750003312749776,1.338894385011656,99.9323070526123,105.19583662412029,94.66877748110431,102.4712063103483,100.13441421748306,94.18905923960503,92.0207453920751,102.64173126220705
2016-07-14,104.11382027939273,105.16402957034616,103.79965803347643,105.0204086303711,2344500,0.0,0,0.008533520583513754,1.3503198678053039,100.37079010009765,105.7949251756021,94.9466550245932,102.67764890089623,100.37976342181301,94.79419904508757,92.29316885360168,101.97753143310548
2016-07-15,105.50512916731265,105.50512916731265,104.07792504413486,104.85884857177734,1712700,0.0,0,-0.0015383682152901867,1.3482425786401973,100.78055038452149,106.26108253546585,95.30001823357713,102.84819869937948,100.55031322029625,94.81206311932257,92.72433966974893,102.88410186767578
2016-07-18,104.83190935053123,105.46921185142112,104.34719895938473,104.39208221435548,1485000,0.0,0,-0.004451377864428396,1.3422410414697583,101.20063209533691,106.42754006085583,95.973724129818,102.84819869937948,100.55031322029625,95.16487273372397,93.07714928415034,103.42264556884766
2016-07-19,104.39207349290253,105.36148734598248,104.23947454768482,105.3525161743164,1388600,0.0,0,0.009200256758829628,1.354590003683519,101.64719352722167,106.68515915468267,96.60922789976068,102.87063255602676,100.55031322029625,95.2899150803051,94.12215158858598,102.8392333984375
2016-07-20,105.34356373357106,105.77441291772992,105.11018309735417,105.6756820678711,1627400,0.0,0,0.0030674720005734457,1.3587451705920748,102.01925430297851,107.09347878968474,96.94502981627228,103.30149091066735,100.68495509550488,95.4774834991216,94.30972000740249,102.55198669433594
2016-07-21,105.60386642211203,105.84621822031862,105.0024690891864,105.51410675048828,1305600,0.0,0,-0.0015289734991162929,1.3566676852341872,102.3850311279297,107.35743288035094,97.41262937550844,103.52140396207395,100.72085774679923,95.49088044627645,94.30972000740249,101.63642120361328
2016-07-22,105.6128355173778,106.15140034982508,105.31662246265364,105.77439880371094,1511200,0.0,0,0.00246689339690076,1.3600144397886802,102.6709197998047,107.7326211839611,97.60921841564829,104.35618155881235,100.87344881155246,95.82136127829773,94.71826815059879,102.1839599609375
2016-07-25,105.828277633755,106.0167750139652,104.2843865026339,104.90373992919922,1467200,0.0,0,-0.008231281712387073,1.3488197778018653,103.05689239501953,107.52230111958475,98.59148367045431,104.94861267243506,100.87344881155246,95.87718544948252,94.71826815059879,101.62744140625
2016-07-26,104.96655728209068,105.21788708619864,104.5626285127256,104.99348449707033,1571600,0.0,0,0.0008554944555043686,1.3499736856432494,103.41952705383301,107.22114874591101,99.617905361755,104.97552919165076,100.93628418270718,95.93971032608327,94.71826815059879,101.77105712890624
2016-07-27,105.01142653919838,105.69361228119092,104.2933424118269,105.56794738769533,1961700,0.0,0,0.005471414663269281,1.3573599514619055,103.72516288757325,107.16468230084129,100.2856434743052,105.11466269697996,100.93628418270718,95.95916363297428,94.71826815059879,102.16600036621094
2016-07-28,105.3166207152022,105.82825832477133,103.98815442553284,104.70624542236328,2176000,0.0,0,-0.008162534051812775,1.3462804546375307,103.88897552490235,107.18310627893808,100.59484477086662,105.06977738767895,100.93628418270718,96.19738313145146,94.95648764907597,103.30597686767578
2016-07-29,104.35616235292537,104.52670363181916,103.7278311125212,103.91632843017578,2296800,0.0,0,-0.007544124889600767,1.3361239467513166,103.98591537475586,107.15998605008699,100.81184469942474,104.93961573117315,100.93628418270718,96.21085121929653,94.96995573692104,105.15504455566406
2016-08-01,104.0061025782171,105.06528295168144,103.97019734627662,105.05630493164062,1875500,0.0,0,0.010970138366953819,1.3507814113225791,104.14030380249024,107.20414431728065,101.07646328769982,104.93961573117315,100.93628418270718,96.95138143149859,95.7104859491231,104.8678207397461
2016-08-02,104.54467368168773,104.90371917457772,104.05098527293606,104.78702545166016,2037300,0.0,0,-0.0025631919964792527,1.347319099220084,104.27090606689453,107.20718828524996,101.3346238485391,104.93961573117315,100.93628418270718,96.95138143149859,95.7104859491231,104.34719848632812
2016-08-03,104.80499263703967,105.2268706224282,103.476526226554,103.88045501708984,2011800,0.0,0,-0.008651552333533208,1.3356626975232126,104.42035865783691,106.9209667985872,101.91975051708663,104.81396328818954,102.08073891700698,97.0674916113188,95.7104859491231,98.90769958496094
2016-08-04,104.11383648913984,105.02042498126728,103.86250665327664,104.49980926513672,1773800,0.0,0,0.005962182664149607,1.3436261625035368,104.60975570678711,106.43419256262264,102.78531885095158,104.7466506202596,102.94245481258514,97.0674916113188,95.7104859491231,99.87709045410156
2016-08-05,104.63443170856053,105.24480698247308,104.1586993484066,104.6434097290039,2224100,0.0,0,0.0013741696264999437,1.3454725327654198,104.74080657958984,106.12131454064341,103.36029861853628,104.65239227566266,103.1713342906357,97.9397997471582,96.45551305728017,97.0406494140625
2016-08-08,104.6075172525409,104.8408978749689,103.74581208691124,103.88045501708984,1549000,0.0,0,-0.007290996288155105,1.3356626975232124,104.7883804321289,105.96421189888929,103.61254896536852,104.65239227566266,103.1713342906357,98.34522650348221,96.67991358113521,97.27404022216795
2016-08-09,103.92532234599425,104.24846261089316,103.64706533664032,104.05098724365234,1312300,0.0,0,0.0016416199422157884,1.3378553480435402,104.78030166625976,105.97412610106691,103.5864772314526,104.65239227566266,103.1713342906357,98.73567972703297,97.07036680468599,97.91133880615234
2016-08-10,104.41900717652554,104.41900717652554,103.97917320161042,104.33821868896484,1001100,0.0,0,0.002760487458325578,1.3415484809528682,104.79062271118164,105.96504560899123,103.61619981337205,104.36066660451354,103.1713342906357,98.73567972703297,97.07036680468599,96.94192504882812
2016-08-11,104.3202608677462,104.72418272747127,103.76374006596674,104.0240478515625,1070800,0.0,0,-0.0030110810913773767,1.337508969688705,104.74080467224121,105.95627627373273,103.5253330707497,104.36066660451354,103.19376814728298,98.73567972703297,97.07036680468599,98.01903533935548
2016-08-12,104.05097864914384,104.96654494014038,103.84453212642492,104.57159423828124,933700,0.0,0,0.005263651992278406,1.3445491514416972,104.7264419555664,105.94279255161122,103.51009135952158,104.36066660451354,103.48998462671493,98.73567972703297,97.07036680468599,97.52535247802734
2016-08-15,104.67932151801884,105.11914867216608,103.907376068898,103.9343032836914,878700,0.0,0,-0.006094302752405856,1.336355061847321,104.7035530090332,105.96119236391858,103.44591365414782,104.36066660451354,103.67399502682717,98.74907667418782,97.07036680468599,98.826904296875
2016-08-16,103.40470907357624,103.70092213119716,102.21089251858102,102.43529510498048,1813200,0.0,0,-0.014422650956915972,1.3170812792357893,104.55769195556641,106.1231740504835,102.99220986064933,103.72784975052704,104.18114643420304,99.78193817193088,97.20052010325786,100.78367614746094
2016-08-17,102.69560988929108,102.9289836642473,101.4748591886588,102.83024597167967,1448200,0.0,0,0.0038556131096652013,1.3221594350825054,104.41542015075683,106.06451482091857,102.76632548059509,103.35983308556594,103.81312976924194,100.86553275538243,97.79743256773554,101.42098999023438
2016-08-18,102.79432336194284,103.15336883349156,102.10316647899536,102.64173126220705,1098200,0.0,0,-0.0018332612908904533,1.3197355713697831,104.27180137634278,106.01195128177707,102.53165147090849,103.29700393041244,103.81312976924194,101.30281026391567,98.05774546064276,101.15172576904295
2016-08-19,102.4891691541117,102.83923670805152,101.6543910989726,101.97753143310548,3096700,0.0,0,-0.00647105052626995,1.3111954958061336,104.0819580078125,105.95014907793876,102.21376693768624,103.29700393041244,103.81312976924194,101.52870616135462,98.63040364531938,101.05297088623048
2016-08-22,102.00444070217796,103.126453651514,101.50178109230698,102.88410186767578,1434200,0.0,0,0.00888990370555276,1.3228518975030046,103.98097610473633,105.87899393912419,102.08295827034847,103.29700393041244,103.81312976924194,101.69925595983787,98.80095344380263,101.5941925048828
2016-08-23,103.41366754958594,104.4459206215746,103.24311942472406,103.42264556884766,1924700,0.0,0,0.005234469576888889,1.3297763255152137,103.90243415832519,105.7553443315427,102.04952398510768,103.29700393041244,103.81312976924194,101.69925595983787,98.80095344380263,102.36089324951172
2016-08-24,103.43165960802364,103.65606223015938,102.64175799524212,102.8392333984375,1360900,0.0,0,-0.005641048604019594,1.3222749926305077,103.7659984588623,105.50545124788972,102.02654566983487,103.29700393041244,103.81312976924194,101.7104728881615,98.80095344380263,102.22559356689452
2016-08-25,102.87512698144953,103.26109972171164,102.41734376666798,102.55198669433594,1208000,0.0,0,-0.002793162634620816,1.3185816635283987,103.65828552246094,105.41840567649105,101.89816536843084,103.29700393041244,103.81312976924194,101.99322300308611,98.93559531901126,101.25144958496094
2016-08-26,102.72252888673135,103.22518848269384,100.79266529762762,101.63642120361328,1665700,0.0,0,-0.008927818175298419,1.3068096061871346,103.5442901611328,105.50860903032053,101.57997129194509,102.61929295960111,103.47203282372635,102.12113085443659,98.9714979703056,99.77210235595705
2016-08-29,102.0942002947002,102.4891510440126,101.95955737123244,102.1839599609375,1229500,0.0,0,0.005387229802467308,1.3138496898437364,103.40067291259766,105.32084211097343,101.48050371422188,102.61929295960111,103.40472015579641,102.61481518518241,99.12408903505883,96.91272735595705
2016-08-30,102.23781669705902,102.3275763593085,101.13375299154298,101.62744140625,1458900,0.0,0,-0.0054462418064463725,1.3066941467355229,103.24269371032715,105.20056981679362,101.28481760386067,102.61929295960111,103.31046181119947,102.91103074199376,99.12408903505883,97.87787628173828
2016-08-31,101.5556325664068,102.20191310212849,101.18761589081292,101.77105712890624,2493100,0.0,0,0.0014131588935919481,1.3085407131901867,103.13722381591796,105.17289135303835,101.10155627879757,102.61929295960111,103.31046181119947,102.95590668717898,99.12408903505883,97.87787628173828
2016-09-01,102.0582846687578,102.19292757851852,101.28633929090066,102.16600036621094,1157700,0.0,0,0.003880702907551159,1.313618770940513,103.02053337097168,104.996439949081,101.04462679286236,102.61929295960111,103.31046181119947,103.02547343984358,99.12408903505883,98.7077407836914
2016-09-02,102.62379789955548,103.7009276321209,102.54300940308995,103.30597686767578,1747300,0.0,0,0.011158080940612658,1.3282762355117752,102.95366172790527,104.78944104473098,101.11788241107956,102.61929295960111,103.01873614005035,103.00303078519306,99.12408903505883,98.26573944091795
2016-09-06,103.76374589714034,105.29865863786398,103.41367843951332,105.15504455566406,2391100,0.0,0,0.01789894199787434,1.3520509748083553,103.01739120483398,105.05695486321427,100.9778275464537,103.0456619677458,103.0456619677458,102.93794995694017,99.12408903505883,100.61099243164062
2016-09-07,104.8767919126882,105.15505578303684,104.43696475069818,104.8678207397461,1415900,0.0,0,-0.0027314316410748107,1.3483579399954178,103.05823287963867,105.20983375719096,100.90663200208637,103.0456619677458,103.0456619677458,102.93794995694017,99.12408903505883,101.65733337402344
2016-09-08,104.40105291347032,104.82293085467911,104.32924929335512,104.34719848632812,3568700,0.0,0,-0.004964556808232046,1.3416639404044797,103.05868186950684,105.21136618494882,100.90599755406487,103.0456619677458,103.0456619677458,102.93794995694017,99.12408903505883,102.24363708496094
2016-09-09,103.49448962080268,103.8445571551979,98.90769958496097,98.90769958496094,2960700,0.0,0,-0.05212884466735235,1.2717245492593467,102.80286445617676,105.57140991989382,100.0343189924597,102.10317911141247,102.10317911141247,103.44735110259826,99.35630939469925,102.23458862304688
2016-09-12,98.24344005749464,100.37975685567332,97.83951818044248,99.87709045410156,2629100,0.0,0,0.009800964669165468,1.284188676635548,102.56813926696778,105.4905167357304,99.64576179820516,101.56908840915324,101.56908840915324,103.84455271642237,99.35630939469925,102.96524810791016
2016-09-13,99.52702691475967,99.58985936139902,96.86113009458528,97.0406494140625,2444000,0.0,0,-0.028399315870565434,1.2477185967703717,102.22345657348633,105.9463613301109,98.50055181686176,101.07989436622464,101.07989436622464,103.91186328314919,99.61087145006391,104.02061462402344
2016-09-14,97.41765432318526,98.22550504210682,96.72649733757802,97.27404022216795,1915400,0.0,0,0.0024050829164343757,1.2507194634519816,101.9653938293457,106.27057955038671,97.66020810830469,101.012577987721,101.012577987721,103.91186328314919,99.91008854384712,103.57862854003906
2016-09-15,97.40867235241276,98.1716466299299,96.9508960037707,97.91133880615234,1535600,0.0,0,0.00655157925515204,1.2589136511427486,101.71944847106934,106.35214148307217,97.08675545906651,101.012577987721,101.012577987721,103.91186328314919,99.91008854384712,104.37240600585938
2016-09-16,97.35482501891588,97.47151190778068,96.55595229553808,96.94192504882812,2797100,0.0,0,-0.009900934551038021,1.246449229477376,101.4344581604004,106.49176443395962,96.37715188684118,100.92730546670103,100.92730546670103,103.76600044757461,99.91008854384712,105.3105010986328
2016-09-19,97.48047056571076,98.18958347616164,97.23811881444854,98.01903533935548,1509800,0.0,0,0.011110882004714107,1.260298379790966,101.2365333557129,106.50121435512513,95.97185235630066,100.85550403928747,100.92730546670103,103.77721737589826,99.91008854384712,105.3105010986328
2016-09-20,98.81790654738484,98.99743270161684,97.48944724718096,97.52535247802734,1396800,0.0,0,-0.0050366019173616605,1.253950758554863,100.96859588623047,106.41492021958135,95.5222715528796,100.68944157510859,100.92730546670103,103.92532561561424,99.91008854384712,104.3363037109375
2016-09-21,97.4984447314585,99.0513068982976,96.9598730094651,98.826904296875,1472200,0.0,0,0.013345779182299289,1.2706857084840129,100.73880882263184,106.13868676263277,95.3389308826309,100.20025472536798,100.92730546670103,104.01733081567036,99.93688243815683,104.09278869628906
2016-09-22,99.8322114892505,100.91831905243212,99.58088171902304,100.78367614746094,2059400,0.0,0,0.019799991353648183,1.2958452745252007,100.636030960083,105.94869101974109,95.32337090042492,98.73713567398511,100.92730546670103,103.95449809236504,100.59784410219939,104.75123596191406
2016-09-23,100.66700059482122,101.789013515298,100.0835525065286,101.42098999023438,2459800,0.0,0,0.0063235820237490525,1.3040396584087484,100.57948112487793,105.83246046612257,95.32650178363329,99.17248290541804,100.92730546670103,103.58648142740394,100.70949244456895,105.70738983154295
2016-09-26,100.98117758879452,101.49281528131544,100.2720644977174,101.15172576904295,1557200,0.0,0,-0.002654916119605444,1.3005775424990342,100.55524635314941,105.79277977342957,95.31771293286926,99.17248290541804,100.92730546670103,103.5550668498272,100.83454219777045,103.86726379394533
2016-09-27,101.62744093985866,101.62744093985866,100.7388086456874,101.05297088623048,1428000,0.0,0,-0.0009763044778687835,1.2993077828204769,100.49869689941406,105.68835619807088,95.30903760075724,99.17248290541804,100.92730546670103,103.5550668498272,100.87344881155246,101.84674072265624
2016-09-28,101.38673240731812,101.7204743595339,100.70119742360863,101.5941925048828,1483700,0.55,0,0.0053558209511885835,1.3062666426657492,100.49703445434571,105.68525185850936,95.30881705018206,99.17248290541804,100.92730546670103,103.5550668498272,100.87344881155246,102.17147064208984
2016-09-29,101.251409299995,102.59541271701636,100.60195595216508,102.36089324951172,2444400,0.0,0,0.007546698543738906,1.3161246432356895,100.52652626037597,105.75034691222717,95.30270560852478,99.77764286324073,100.92730546670103,103.5550668498272,100.87344881155246,101.9098892211914
2016-09-30,102.64052058260695,103.63273795773183,102.19853415658518,102.22559356689452,2807000,0.0,0,-0.0013217907574076815,1.314385001846664,100.52950592041016,105.75717201336803,95.30183982745228,100.29630548359847,100.92730546670103,103.5550668498272,100.87344881155246,103.90335845947266
2016-10-03,101.83776225068634,102.13542963384872,100.80044090084084,101.25144958496094,2571500,0.0,0,-0.009529355105149073,1.3018597604191853,100.42677955627441,105.50935421582086,95.34420489672796,100.29630548359847,100.92730546670103,103.5550668498272,100.87344881155246,104.57083129882812
2016-10-04,101.25140970669216,101.25140970669216,99.38423476510307,99.77210235595705,2572400,0.0,0,-0.01461062765094101,1.2828387722059573,100.15763244628906,104.75176395499287,95.56350093758525,101.50848636141745,100.92730546670103,103.04566289166374,100.87344881155246,98.51830291748048
2016-10-05,99.79917955939976,99.99762443873236,96.74134189074344,96.91272735595705,3795800,0.0,0,-0.028659063330134127,1.2460738145909553,99.7598777770996,104.0153997036195,95.50435585057971,100.18703992423764,100.92730546670103,103.01200655769875,100.87344881155246,95.35221862792967
2016-10-06,96.65113248980694,98.09435845624256,95.6498929701888,97.87787628173828,2907500,0.0,0,0.00995894917120932,1.2584834003740415,99.43641166687011,103.19775827117965,95.67506506256058,99.64131546396032,100.47427580402639,102.96487738540029,100.87344881155246,95.35221862792967
2016-10-07,98.05827694685117,98.85204950792968,97.24646019015478,97.87787628173828,2295900,0.0,0,0.0,1.2584834003740415,99.38492050170899,103.20219862858676,95.56764237483122,99.64131546396032,100.47427580402639,102.96487738540029,100.93628418270718,92.5198974609375
2016-10-10,97.9139681387266,98.89716356663148,97.87788662552204,98.7077407836914,1231100,0.0,0,0.008478570781045525,1.2691535409608836,99.32645301818847,103.14764795096788,95.50525808540907,99.64131546396032,100.47427580402639,102.96487738540029,100.93628418270718,93.34974670410156
2016-10-11,98.47319950818788,98.752829472806,97.63432337802136,98.26573944091795,1483200,0.0,0,-0.004477879234841886,1.2634704246739887,99.38770751953125,103.09680776349303,95.67860727556946,99.64131546396032,100.47427580402639,102.81901454982574,100.93628418270718,95.09967041015624
2016-10-12,98.11240110472067,101.125141925197,98.11240110472067,100.61099243164062,2420700,0.0,0,0.023866436095285826,1.2936249608227541,99.55455513000489,103.16621889130008,95.9428913687097,99.64131546396032,100.40247437661282,103.0456619677458,100.93628418270718,95.1988754272461
2016-10-13,100.40353004510166,101.71145908444646,100.0066471657875,101.65733337402344,2329900,0.0,0,0.010399867023414444,1.3070784883934805,99.74185485839844,103.38195467724195,96.10175503955493,98.89266130201875,100.23641191243397,103.0456619677458,100.93628418270718,94.79296875
2016-10-14,101.90087306383376,103.3621363639735,101.6663466905129,102.24363708496094,2254800,0.0,0,0.005767451215549224,1.3146169998101838,100.00694046020507,103.56314189887811,96.45073902153203,99.50601466708116,99.74722506269336,103.0456619677458,100.93628418270718,95.53263092041016
2016-10-17,101.91888409528433,102.65853765254629,101.81966168915288,102.23458862304688,1750700,0.0,0,-8.849902225738226e-05,1.3145006574910576,100.21771812438965,103.77738904134462,96.65804720743468,99.50601466708116,99.64131546396032,102.10317911141247,102.08073891700698,97.3998031616211
2016-10-18,103.14564876600312,103.4974348665752,102.24363171185034,102.96524810791016,1085600,0.0,0,0.007146891230298991,1.3238952507123027,100.48971290588379,104.01572587790876,96.96369993385882,99.57366391838201,99.64131546396032,101.56908840915324,101.99545926513377,96.31737518310548
2016-10-19,103.21781993297914,104.02963672219376,102.76681137028709,104.02061462402344,1577400,0.0,0,0.0102497350854458,1.3374648263129838,100.74939842224121,104.50729385693182,96.9915029875506,100.63804845617426,99.83976484619129,101.07989436622464,101.50626522220517,96.78643035888672
2016-10-20,103.78608862580666,104.06571861535734,102.57738897663668,103.57862854003906,1691900,0.0,0,-0.0042490239610860625,1.33178190621887,100.88914604187012,104.84654444366281,96.93174764007743,100.85002099668935,99.85780579277306,101.012577987721,101.43894884370155,95.71302795410156
2016-10-21,102.8299574696362,104.44456903116505,102.46914922495272,104.37240600585938,1928200,0.0,0,0.0076635255458463725,1.3419880508786743,101.03671684265137,105.27569480051339,96.79773888478935,101.0394462045932,100.04723100067693,101.012577987721,101.43894884370155,95.65892791748048
2016-10-24,104.75124799434946,106.51920076298909,104.75124799434946,105.3105010986328,1999600,0.0,0,0.008987960790333371,1.3540497868610677,101.24465560913086,105.87978773877398,96.60952347948773,102.31580093385489,101.08454686658894,100.92730546670103,101.35367632268158,92.24927520751952
2016-10-25,104.99479647599084,105.6713093310142,104.71516648292685,105.3105010986328,1548600,0.0,0,0.0,1.3540497868610677,101.45753211975098,106.42101729695128,96.49404694255068,103.26292396438829,101.08454686658894,100.89140475299425,101.35367632268158,91.08568572998048
2016-10-26,104.76927489468513,104.86849731425556,104.15590306545135,104.3363037109375,2459700,0.0,0,-0.009250714577674235,1.3415238587588554,101.59463768005371,106.71635654853915,96.47291881156826,104.09277372675099,101.08454686658894,100.80837352090481,101.35367632268158,92.5198974609375
2016-10-27,105.29247325205232,105.92388255411444,103.94846263762044,104.09278869628906,3291800,0.0,0,-0.002333943277529671,1.3383928181670595,101.68123245239258,106.91045627625071,96.45200862853444,104.16943122607098,101.08454686658894,100.5637800960345,101.35367632268158,92.04183197021484
2016-10-28,104.67005773192136,105.59913417833828,104.01158226732396,104.75123596191406,2781100,0.0,0,0.006325580031736333,1.3468589290522763,101.80751457214356,107.20436551549848,96.41066362878864,104.38141623741971,101.08454686658894,99.83222057034307,101.35367632268158,90.96842193603516
2016-10-31,105.49090076507768,105.88779050508612,104.82341001475444,105.70738983154295,1953500,0.0,0,0.009127852868261455,1.3591528591909696,102.03031158447266,107.6816706193141,96.37895254963121,104.4941749939709,101.08454686658894,100.04989418605953,101.35367632268158,92.18614196777344
2016-11-01,105.70737938600068,105.9509209594027,103.34409225778523,103.86726379394533,2566600,0.0,0,-0.017407733182420726,1.335493088864049,102.23506965637208,107.8403813659914,96.62975794675275,104.4941749939709,101.08454686658894,100.04989418605953,101.35367632268158,92.35752868652344
2016-11-02,103.48841135432836,103.74999022303928,101.2333688997324,101.84674072265624,3754800,0.0,0,-0.01945293442308693,1.3095138293838908,102.48177032470703,107.52918669298603,97.43435395642803,103.87628483136075,101.08454686658894,100.04989418605953,101.35367632268158,92.82658386230467
2016-11-03,102.0722550955396,102.5954197667123,101.04394930292126,102.17147064208984,2162700,0.0,0,0.0031884173919507486,1.3136891060524984,102.6964500427246,107.28163668176826,98.11126340368095,103.78157503295517,101.08454686658894,100.04989418605953,101.35367632268158,93.7105712890625
2016-11-04,102.46011328976964,102.48717958198782,101.89184502637931,101.9098892211914,2492400,0.0,0,-0.002560219787916762,1.3103257732080122,102.89805068969727,106.93415133512053,98.86195004427401,103.49743513116198,101.08454686658894,100.35247416497089,101.35367632268158,95.7310791015625
2016-11-07,103.37116475857812,104.0206182123536,102.92917827880947,103.90335845947266,1738200,0.0,0,0.019561097097794855,1.3359571828874772,103.15783157348633,106.71751788014433,99.59814526682834,103.49743513116198,101.08454686658894,100.61180547514975,101.35367632268158,96.06482696533205
2016-11-08,104.18296371276227,104.77829823726296,103.9123558594722,104.57083129882812,1757200,0.0,0,0.006423977523458246,1.344539341802649,103.47308616638183,106.27205829931862,100.67411403344505,103.49743513116198,101.08454686658894,100.61180547514975,101.35367632268158,95.66791534423828
2016-11-09,102.00008926743511,103.10956638077111,97.92296836351954,98.51830291748048,6318600,0.0,0,-0.057879700354026675,1.2667178075849115,103.36845169067382,106.6997348432361,100.03716853811154,101.93694466146113,101.08454686658894,101.21789591405924,101.35367632268158,95.43341064453124
2016-11-10,98.78890128165486,98.78890128165486,93.07011666197342,95.35221862792967,8722300,0.0,0,-0.032137016125853735,1.226009276975649,103.05319595336914,107.85905164458812,98.24734026215016,99.51051881068805,99.79465871248125,100.55717269546933,101.28636365475164,96.47071838378906
2016-11-11,95.1718179761572,96.45268049653558,93.91801486536032,95.35221862792967,4281800,0.0,0,0.0,1.226009276975649,102.70862503051758,108.58012215624767,96.8371279047875,99.51051881068805,99.79465871248125,100.05779563399335,100.73907564748006,96.49779510498048
2016-11-14,94.86514064061956,95.09966702314117,90.5715440237005,92.5198974609375,7476100,0.0,0,-0.029703778346721776,1.1895921691613396,102.2228904724121,109.60288261881597,94.84289832600824,97.67492113048172,98.54537239334479,100.05779563399335,100.73907564748006,96.15501403808594
2016-11-15,92.9979605895984,95.30712901932888,92.91678235479502,93.34974670410156,3461300,0.0,0,0.008969413779500002,1.2002621135554006,101.74211540222169,110.06900421641669,93.41522658802668,97.67492113048172,98.54537239334479,100.05779563399335,100.73907564748006,96.15501403808594
2016-11-16,93.35877699858042,95.32517470242334,92.96188724199996,95.09967041015624,2947400,0.0,0,0.018745885959407627,1.2227620902575076,101.29606819152832,110.03699910830964,92.555137274747,97.67492113048172,98.54537239334479,100.05779563399335,100.47427580402639,96.16409301757812
2016-11-17,95.00043058527264,96.68720486020332,94.50431848033904,95.1988754272461,3234800,0.0,0,0.0010431688844134701,1.2240376376231046,100.87708053588867,109.94113630476691,91.81302476701042,97.67492113048172,98.54537239334479,100.02189492028657,100.47427580402639,96.39989471435548
2016-11-18,95.37928121053127,96.00167517898612,93.78271405551556,94.79296875,2794300,0.0,0,-0.00426377596819727,1.2188186153596383,100.3981086730957,109.68484788059642,91.11136946559499,97.67492113048172,98.54537239334479,99.56453660722636,100.47427580402639,95.99176788330078
2016-11-21,95.94755794563105,96.60602655106096,95.36124547539828,95.53263092041016,2945900,0.0,0,0.007802922307042381,1.2283289623216664,99.90921516418457,109.13874612461636,90.67968420375279,96.8405552022358,98.54537239334479,99.62661986488726,100.47427580402639,96.49057006835938
2016-11-22,95.92951097971012,97.57118171983896,95.09965695323709,97.3998031616211,2500900,0.0,0,0.019544863605468032,1.2523364843528895,99.51368026733398,108.45382362802548,90.57353690664249,94.68022265267768,98.54537239334479,99.57366506552074,100.47427580402639,95.84664916992188
2016-11-23,96.7323021816964,97.19233278350438,96.19109335231012,96.31737518310548,2282600,0.0,0,-0.01111324605779207,1.2384189608551255,99.11273384094238,107.86711970545257,90.3583479764322,94.07136287176974,98.54537239334479,99.60748969117117,100.47427580402639,96.27293395996094
2016-11-25,96.29934033542035,97.3186171048806,96.22717732116374,96.78643035888672,717600,0.0,0,0.004869891594216913,1.2444499269427127,98.74741592407227,107.24325579768069,90.25157605046385,94.07136287176974,98.54537239334479,100.23890665118277,100.47427580402639,96.44525146484376
2016-11-28,96.687208001709,97.45392110364595,95.56870192548838,95.71302795410156,2497100,0.0,0,-0.011090422498329033,1.2306484514749034,98.29550552368164,106.41505166319064,90.17595938417264,95.24398203731698,98.54537239334479,100.35391339473121,100.47427580402639,96.10968780517578
2016-11-29,95.91149163530206,96.76840523246032,95.26203814270646,95.65892791748048,2000600,0.0,0,-0.0005652316907894805,1.2299528499699088,97.79308242797852,105.2230421610475,90.36312269490953,95.26653448091946,98.54537239334479,100.54333860263506,100.47427580402639,95.4748077392578
2016-11-30,95.89342469933808,96.01069131326734,92.17711907799792,92.24927520751952,5864900,0.0,0,-0.03564385242642776,1.1861125920941171,97.21218299865723,104.4643468906202,89.96001910669425,94.87415039891843,98.2612324915516,101.70017390022191,101.08454686658894,95.24806213378906
2016-12-01,91.42844973525328,91.96063649726982,89.94914230767415,91.08568572998048,5000600,0.0,0,-0.01261353517327346,1.1711515191942754,96.67413024902343,104.06800077391686,89.28025972413,93.76016201375656,97.95003163353843,102.17373541548861,101.08454686658894,93.86949920654295
2016-12-02,91.56376149796851,93.0069875407079,91.33825721373285,92.5198974609375,3181000,0.0,0,0.015745742258653772,1.1895921691613394,96.19155158996583,103.34043907444129,89.04266410549036,93.76016201375656,97.95003163353843,102.58866029666996,101.08454686658894,94.16879272460938
2016-12-05,92.31243298951368,92.50186264942108,91.3021781731797,92.04183197021484,2770400,0.0,0,-0.005167164078672903,1.1834453512365783,95.69814872741699,102.55324993316452,88.84304752166946,93.76016201375656,97.95003163353843,102.62698904632995,101.08454686658894,94.50436401367188
2016-12-06,93.01600457934892,93.0520860886853,90.91430311295268,90.96842193603516,3083400,0.0,0,-0.01166219762473919,1.1696437776723785,95.05140190124511,101.06900208917448,89.03380171331575,93.70153170566005,97.95003163353843,102.73298155200433,101.08454686658894,93.82414245605467
2016-12-07,91.5547327703706,92.3755716088384,90.99547970849656,92.18614196777344,4570500,0.0,0,0.013386183972659449,1.1853008444627773,94.43216743469239,98.67463336175963,90.18970150762514,93.70153170566005,97.95003163353843,102.78936093027991,101.08454686658894,95.38411712646484
2016-12-08,92.1771280224488,93.68349490118912,91.79827561694132,92.35752868652344,3474400,0.0,0,0.0018591375568131063,1.1875044817788403,94.12412872314454,98.01118447636378,90.2370729699253,93.70153170566005,97.36372027246856,102.78936093027991,101.08454686658894,95.83760833740234
2016-12-09,92.42969413270248,93.0250218452614,92.39361262257096,92.82658386230467,3304000,0.0,0,0.005078689116653212,1.1935354478664273,93.99784698486329,97.88116817270183,90.11452579702474,93.35877377006724,97.36372027246856,102.48041584897484,101.08454686658894,94.72203826904295
2016-12-12,92.6191312454458,94.5765070208118,92.592071829117,93.7105712890625,3502700,0.0,0,0.009522998584856834,1.2049014842474357,93.91576461791992,97.7496586959901,90.08187053984973,92.97991681047074,97.36372027246856,102.43306094977206,101.08454686658894,94.50436401367188
2016-12-13,94.41413486844316,96.1730724666832,94.22471208989634,95.7310791015625,3091000,0.0,0,0.021561151369651643,1.2308805475348126,94.07632369995117,97.93207672995204,90.2205706699503,93.06110738717868,97.36372027246856,102.29099099887546,101.08454686658894,95.03041076660156
2016-12-14,95.73107814066442,97.57119396187808,95.27105434674458,96.06482696533205,4456400,0.0,0,0.003486306295737762,1.2351717741369843,94.21207771301269,98.14718326193896,90.27697216408642,94.24274853741538,97.36372027246856,102.29099099887546,101.08454686658894,94.8399429321289
2016-12-15,95.5596777148109,96.30834655177524,95.28004778115611,95.66791534423828,2452300,0.0,0,-0.004131705990965906,1.2300684075179105,94.2404899597168,98.20924737071424,90.27173254871936,94.24274853741538,96.52935434422264,102.29099099887546,101.08454686658894,94.25041961669922
2016-12-16,95.91147859998296,96.31738353676612,95.24398100006523,95.43341064453124,2915000,0.0,0,-0.0024512366435835986,1.227053218763288,94.25221672058106,98.23373595618014,90.27069748498198,94.24274853741538,94.3690217946645,101.51074576402503,101.08454686658894,94.5950698852539
2016-12-19,96.03775406421782,96.66916323102748,95.4243822099554,96.47071838378906,1480300,0.0,0,0.010869440086570759,1.2403906002076694,94.3361042022705,98.43000723232728,90.24220117221373,94.28333683518733,93.76016813477611,99.65258876158465,99.79465871248125,94.1596908569336
2016-12-20,96.59701065747925,97.30058979605286,96.11894268210403,96.49779510498048,1672200,0.0,0,0.00028067295076739107,1.240738744297534,94.38436241149903,98.55640837077036,90.2123164522277,94.6847347894097,93.76016813477611,99.65258876158465,99.79465871248125,93.42510986328124
2016-12-21,96.49778491392463,97.1923349991322,96.10089521846668,96.15501403808594,1330100,0.0,0,-0.003552216571597655,1.236331371569017,94.32212295532227,98.34527141591745,90.29897449472709,94.98240329222452,93.76016813477611,98.11014676191326,98.54537239334479,93.86949920654295
2016-12-22,95.91147246795552,96.16403613530376,94.98239602799156,96.15501403808594,1069900,0.0,0,0.0,1.236331371569017,94.31400489807129,98.32147140987398,90.3065383862686,95.08163289549753,93.76016813477611,98.11014676191326,98.54537239334479,93.66997528076172
2016-12-23,96.33641606444516,96.93500062175836,95.77410348800564,96.16409301757812,962400,0.58,0,9.44202398909244e-05,1.2364481062737052,94.28288803100585,98.22141189979398,90.34436416221773,95.8979530258872,93.76016813477611,98.11014676191326,98.54537239334479,94.4227523803711
2016-12-27,96.37268727112593,96.8805779967233,96.15501388630518,96.39989471435548,974300,0.0,0,0.002452076335127007,1.2394799714147116,94.31723136901856,98.31720869996266,90.31725403807445,96.27679499493482,93.76016813477611,98.11014676191326,98.54537239334479,95.45668029785156
2016-12-28,96.59035934708989,96.68105313628725,95.87386664929348,95.99176788330078,1118400,0.0,0,-0.004233685443993829,1.2342324031016112,94.33387336730956,98.35900458760158,90.30874214701755,96.14149291202222,93.76016813477611,98.11014676191326,98.54537239334479,93.99646759033205
2016-12-29,96.05523722085184,96.8352091492604,95.91012165868877,96.49057006835938,1589100,0.0,0,0.005196301683546345,1.2406458470157355,94.54593811035156,98.5561318711911,90.53574434951202,96.14149291202222,93.76016813477611,97.6929637977903,98.54537239334479,93.84226989746094
2016-12-30,96.55407033888808,96.76267225974593,95.6017752727766,95.84664916992188,1635500,0.0,0,-0.006673407546263999,1.2323665116580196,94.78398628234864,98.49527909386077,91.0726934708365,96.14149291202222,93.76016813477611,96.61279752301124,98.54537239334479,94.5950698852539
2017-01-03,96.79896765920844,96.93500489220948,95.53829830429012,96.27293395996094,2240900,0.0,0,0.004447571132959682,1.237847549380496,94.97163810729981,98.5831618112592,91.36011440334042,96.14149291202222,93.76016813477611,96.30836763255726,98.54537239334479,95.9373550415039
2017-01-04,96.50874473380348,96.9894280825496,96.31827876591056,96.44525146484376,1720700,0.0,0,0.001789885254296797,1.2400631544561995,95.19180908203126,98.59042568108185,91.79319248298066,96.08736551356188,93.76016813477611,96.30836763255726,98.54537239334479,95.6743621826172
2017-01-05,96.1368952533172,96.52688482216227,95.58365407613014,96.10968780517578,1919900,0.0,0,-0.003479317587660624,1.2357485809130901,95.44887237548828,98.25016965210699,92.64757509886957,95.98591205527057,93.76016813477611,96.89467721533089,98.54537239334479,97.54267120361328
2017-01-06,96.07339921599888,96.40897385473184,95.39318540306188,95.4748077392578,1995300,0.0,0,-0.006605786371972733,1.2275854897781098,95.6133056640625,97.97670902097434,93.24990230715065,96.19130674280574,93.76016813477611,96.90595343713213,98.54537239334479,96.84429931640624
2017-01-09,95.68340198359904,95.97362624364166,95.18457579313888,95.24806213378906,2278900,0.0,0,-0.0023749260232917013,1.2246700650526205,95.75783233642578,97.59765738736051,93.91800728549104,96.08700193784424,93.76016813477611,96.56769144523501,98.54537239334479,97.14360809326172
2017-01-10,95.44759319777486,95.45666465206423,93.57020349042368,93.86949920654295,2267500,0.0,0,-0.014473396060381005,1.2069449301578214,95.80997810363769,97.34544939811515,94.27450680916023,95.27981578648664,94.24274853741538,95.8550968236475,98.23417153533163,97.68775939941406
2017-01-11,93.85136102681294,94.47715296832818,92.97161680756848,94.16879272460938,2631700,0.0,0,0.0031884000724013983,1.2107931534605212,95.83288917541503,97.25027858411067,94.41549976671939,94.98052244505904,94.24274853741538,95.8550968236475,98.23417153533163,98.05054473876952
2017-01-12,94.04182363046114,94.5587858207202,93.52486144020207,94.50436401367188,1568800,0.0,0,0.0035635084549066054,1.2151078251000207,95.77155342102051,97.30404947033408,94.23905737170695,94.98052244505904,94.24274853741538,95.8550968236475,98.23417153533163,100.83488464355467
2017-01-13,94.5224990793738,95.0122537852167,93.29811577451235,93.82414245605467,2058900,0.0,0,-0.007197779327087983,1.2063617471163328,95.65951919555664,97.4051374023662,93.91390098874709,94.98052244505904,94.28333683518733,95.82578166959924,98.23417153533163,100.68977355957033
2017-01-17,93.94206711634332,95.40226003699698,93.78788697428496,95.38411712646484,2055500,0.0,0,0.016626580638781974,1.2264194179843044,95.64532928466797,97.39509777292376,93.89556079641217,94.98052244505904,94.6847347894097,95.82578166959924,98.23417153533163,101.75997161865234
2017-01-18,95.46576164596593,96.51782228174378,95.26623111517338,95.83760833740234,2078100,0.0,0,0.004754368175744039,1.2322502674352835,95.66553916931153,97.41437680716307,93.91670153145999,94.74925081486538,94.98240329222452,95.5326259890643,98.23417153533163,102.38578033447266
2017-01-19,95.83758499109592,95.83758499109592,94.19600461955028,94.72203826904295,1747600,0.0,0,-0.011640211892934071,1.2179066132172123,95.57810516357422,97.33207927156754,93.8241310555809,94.74471954465614,95.08163289549753,95.3612470212679,98.23417153533163,102.79391479492188
2017-01-20,95.08481254591037,95.61084619059288,94.29576899837896,94.50436401367188,2598800,0.0,0,-0.0022980317922721705,1.2151078251000207,95.47843360900879,97.23864465704159,93.71822256097599,94.74471954465614,95.27140538472328,95.17181854146965,98.23417153533163,104.10900115966795
2017-01-23,94.7764653636552,95.40226433483966,94.55879886391448,95.03041076660156,2223000,0.0,0,0.00556637525070891,1.2218715712246002,95.42220344543458,97.1639230143305,93.68048387653864,94.74471954465614,95.27140538472328,95.21241382982362,98.23417153533163,103.24737548828124
2017-01-24,95.20272501109834,95.20272501109834,94.35018816344407,94.8399429321289,1823700,0.0,0,-0.002004282975693439,1.219422594835911,95.35644989013672,97.0815798326848,93.63131994758864,94.74471954465614,95.13610330181066,95.80323440494197,98.23417153533163,104.12710571289062
2017-01-25,95.06667753590986,95.13016387854334,94.0418245992574,94.25041961669922,2053900,0.0,0,-0.006215981338702159,1.2118426867424192,95.26076622009278,97.00848023663576,93.51305220354979,94.90796902812806,95.13610330181066,95.38605144081902,98.23417153533163,104.9071044921875
2017-01-26,94.4499542845226,95.35690603061518,94.0962436571059,94.5950698852539,1272600,0.0,0,0.0036567504946536378,1.216274093086607,95.1705249786377,96.85836694773475,93.48268300954065,94.90796902812806,95.13610330181066,94.30588516603994,98.23417153533163,104.03643798828124
2017-01-27,94.69479576280176,95.03036334087302,94.01458223602192,94.1596908569336,1207100,0.0,0,-0.0046025551738418935,1.2106761244666613,95.07892112731933,96.77748159081881,93.38036066381986,95.15285462801437,95.13610330181066,94.02175248498172,98.23417153533163,104.02735900878906
2017-01-30,94.36834059598776,94.36834059598776,93.17116445822438,93.42510986328124,1509900,0.0,0,-0.007801438035395458,1.201231109700702,94.92564811706544,96.64034971812897,93.2109465160019,94.84449336998408,95.08197590335034,94.2224514620929,98.23417153533163,102.7032241821289
2017-01-31,93.90577810420824,94.32297504812048,93.56113895562652,93.86949920654295,1376300,0.0,0,0.004756637095873373,1.2069449301578214,94.82679061889648,96.54571731170913,93.10786392608384,94.50437472466015,94.98052244505904,94.37128571350031,98.23417153533163,102.48554229736328
2017-02-01,93.960199562891,94.1778660446148,93.4341658891902,93.66997528076172,1906700,0.0,0,-0.002125545863861711,1.2043795133536157,94.69664268493652,96.35010651273147,93.04317885714157,94.39100532440864,94.98052244505904,94.42090051513682,98.23417153533163,103.01158142089844
2017-02-02,93.66998072626028,94.61321142788832,93.47952167874304,94.4227523803711,1322200,0.0,0,0.008036482313068083,1.2140584880109035,94.59551773071288,96.04104050390221,93.14999495752356,94.28671439653202,94.98052244505904,94.82906058033166,98.23417153533163,103.62830352783205
2017-02-03,95.07576218917036,95.81946241447366,95.01227583772352,95.45668029785156,2988100,0.0,0,0.010949987067898848,1.2273524127542959,94.56286735534668,95.89388467079512,93.23185003989825,94.49531343634902,94.98052244505904,95.01848156485546,98.23417153533163,103.41060638427734
2017-02-06,95.284337260842,95.59270441714956,93.47950543135316,93.99646759033205,2141200,0.0,0,-0.015297124339158308,1.2085774502884274,94.48895034790038,95.77200498007099,93.20589571572978,94.49531343634902,94.98052244505904,94.95083052339916,98.23417153533163,104.55337524414062
2017-02-07,94.0145928913458,94.25946674416429,93.33437928747264,93.84226989746094,1344100,0.0,0,-0.0016404626346507856,1.2065948241401478,94.41866073608398,95.6813139926326,93.15600747953536,94.49531343634902,94.98052244505904,94.95083052339916,98.23417153533163,104.38106536865234
2017-02-08,93.93299206602951,94.71297112122858,93.7425330296892,94.5950698852539,1301900,0.0,0,0.008021971214203782,1.2162740930866074,94.45493927001954,95.6936027775212,93.21627576251787,94.49531343634902,94.98052244505904,94.95083052339916,98.23417153533163,105.21546936035156
2017-02-09,94.50436961532344,96.13688553369266,93.84229871250731,95.9373550415039,2525100,0.0,0,0.014189800355115967,1.233532779644606,94.54336738586426,95.93276808334997,93.15396668837855,94.65402499595852,94.98052244505904,94.95083052339916,98.23417153533163,105.1882553100586
2017-02-10,95.68343363985193,95.9192430914939,94.9850836616552,95.6743621826172,1228100,0.0,0,-0.002741297785132102,1.2301512989678784,94.60186729431152,96.0766277525635,93.12710683605954,94.73563241058265,94.74925081486538,94.923766824169,98.23417153533163,105.8775405883789
2017-02-13,95.8557402614846,97.6605724494312,95.77411099938509,97.54267120361328,1975500,0.0,0,0.0195277917550154,1.254173437361285,94.78779373168945,96.70128149429037,92.87430596908852,95.49747586845191,95.31609462849984,94.87304009502334,98.23417153533163,107.30145263671876
2017-02-14,97.6242783150324,97.6242783150324,95.9736265336475,96.84429931640624,1580600,0.0,0,-0.007159655139536314,1.2451939880646112,94.86080284118653,96.963915911343,92.75768977103006,95.49747586845191,95.31609462849984,94.97573743879093,98.23417153533163,107.88191223144533
2017-02-15,97.12546518230045,97.3794174993065,96.1459624946781,97.14360809326172,1362500,0.0,0,0.003090618435656056,1.2490424075600919,94.9261028289795,97.22100421665075,92.63120144130824,95.49747586845191,95.31609462849984,94.92358503631017,97.95003163353843,108.21746826171876
2017-02-16,96.99847422201007,97.9235687610639,96.90778044275764,97.68775939941406,1321800,0.0,0,0.005601514261545093,1.2560389364193143,95.07438888549805,97.66500325387844,92.48377451711767,95.62897402426827,95.44759278431619,94.76128216195102,97.95003163353843,108.84327697753906
2017-02-17,97.8510142659978,99.58329526188687,97.64241925863976,98.05054473876952,4991400,0.0,0,0.0037137236188633516,1.2607035178837067,95.25169792175294,98.13429207701941,92.36910376648646,96.45883727467975,96.37722986005562,94.61163549123721,97.95003163353843,109.18791198730467
2017-02-21,98.05054335704962,100.87116353986488,97.96891411047874,100.83488464355467,3012600,0.0,0,0.02839698557721748,1.2965036974981976,95.54192161560059,99.31835984645272,91.76548338474845,97.30684828477703,97.02116399904463,94.61163549123721,97.95003163353843,109.77745056152344
2017-02-22,100.9981407322461,101.42440913358166,100.3088555105228,100.68977355957033,2207400,0.0,0,-0.0014390960479332415,1.2946379041509972,95.83441314697265,100.21322558443707,91.45560070950823,97.6333539230445,97.29778679590302,94.63192964012319,97.95003163353843,109.65953826904295
2017-02-23,100.82581253309688,101.80532196861776,100.79860509091438,101.75997161865234,2233300,0.0,0,0.010628666857104951,1.3083981791347987,96.20989074707032,101.22944415991672,91.19033733422391,98.39520281513649,97.48824321342107,94.83262861723438,97.95003163353843,110.23090362548828
2017-02-24,101.64208019201074,102.67600461154336,101.36999190497896,102.38578033447266,2589400,0.0,0,0.0061498515169160495,1.316444633661481,96.59942626953125,102.23564078696766,90.96321175209484,99.22505780546422,97.92358453488387,94.86582705354495,97.36372027246856,109.877197265625
2017-02-27,103.40157776626454,104.1724854206475,102.29509545125909,102.79391479492188,2895100,0.0,0,0.003986241635468568,1.3216923000709715,97.03113746643066,103.16042060818887,90.90185432467246,100.0730559771475,98.67182493943594,94.91317622007683,97.36372027246856,109.5053253173828
2017-02-28,102.61252925966691,104.92525918871338,102.56717890047256,104.10900115966795,3001200,0.0,0,0.01279342621953572,1.338601272996858,97.56533203125,104.19208975863795,90.93857430386204,100.53561084169574,99.04821182346888,95.00806246468971,97.36372027246856,109.4146499633789
2017-03-01,104.09991227807268,104.1815415270595,102.55809719646348,103.24737548828124,2799100,0.0,0,-0.008276188050880262,1.3275227571363883,98.03422584533692,104.87461430925866,91.19383738141518,100.91651981573551,99.04821182346888,95.00806246468971,97.36372027246856,110.60274505615234
2017-03-02,103.22015415878272,104.51709515793668,102.44924672168926,104.12710571289062,2592100,0.0,0,0.008520606169880152,1.338834055731501,98.55708236694336,105.58134787247852,91.53281686140821,101.28383922367658,99.04821182346888,94.9404114232334,97.36372027246856,110.75694274902344
2017-03-03,103.9185304321432,104.98873374566864,103.70992849057365,104.9071044921875,1395100,0.0,0,0.0074908331885028545,1.3488630383100724,99.08129997253418,106.35632141367893,91.80627853138944,101.4788239280737,99.07994910194651,95.02203616496936,96.52935434422264,111.65027618408205
2017-03-06,104.6440940209904,104.78013817206528,103.64644844559616,104.03643798828124,1809800,0.0,0,-0.008299404583901215,1.3376682782268667,99.51028785705566,106.89201224440751,92.1285634697038,102.64879462809571,99.07994910194651,95.02203616496936,94.3690217946645,111.90553283691406
2017-03-07,103.69179130250106,104.51711376553928,103.3290092323721,104.02735900878906,2404400,0.0,0,-8.726730429964302e-05,1.3375515435221788,100.01183242797852,107.18477496163061,92.83888989432643,102.89366941829151,99.07994910194651,95.14447896491251,93.76016813477611,111.55001068115234
2017-03-08,103.43785987605332,104.02737303506944,102.63973783025826,102.7032241821289,2010200,0.0,0,-0.012728717130541467,1.320526228277166,100.45488014221192,107.12015449181479,93.78960579260905,103.1793628253238,99.16155651657064,94.96323463666721,93.76016813477611,111.75968170166016
2017-03-09,102.86646035141868,103.12040572078894,102.28601181586023,102.48554229736328,2015400,0.0,0,-0.0021195233791257984,1.3177273420635836,100.84940376281739,106.98842331315122,94.71038421248356,103.63737278076444,99.16155651657064,94.7424485848596,93.76016813477611,113.26378631591795
2017-03-10,102.4855477452446,103.573887077397,102.4855477452446,103.01158142089844,1509500,0.0,0,0.0051328129972600944,1.3244909900917725,101.2031150817871,106.96925775258292,95.43697241099129,103.63737278076444,99.16155651657064,94.68576388473383,93.76016813477611,113.81986236572266
2017-03-13,103.1204058688698,103.86410598859028,102.67600147183369,103.62830352783205,1597200,0.0,0,0.005986920096039627,1.3324206118173765,101.60081214904785,106.8560629773879,96.34556132070782,103.63737278076444,99.16155651657064,94.63361842079553,93.76016813477611,113.64663696289062
2017-03-14,103.30177663338412,104.0545480346859,103.08411021210688,103.41060638427734,1416100,0.0,0,-0.0021007498544665104,1.329621529411013,101.89420890808105,106.85425412489212,96.93416369126999,103.63737278076444,99.16155651657064,94.73791794070402,93.76016813477611,113.3093719482422
2017-03-15,103.51037956111026,105.25173182369204,103.34712800272732,104.55337524414062,2112400,0.0,0,0.011050789660943527,1.344314897261196,102.27966270446777,106.78241817781577,97.77690723111976,103.76887181977614,99.29305555558234,94.73791794070402,93.76016813477611,113.42784881591795
2017-03-16,104.95244935464495,105.19732326329026,104.0908411082802,104.38106536865234,1814200,0.0,0,-0.0016480565556675764,1.3420993902818832,102.6415355682373,106.55363783238784,98.72943330408677,103.76887181977614,99.49713242669063,94.73791794070402,93.76016813477611,112.8991241455078
2017-03-17,104.625949367498,105.4603432764178,104.36293254239432,105.21546936035156,3237500,0.0,0,0.007993825209124727,1.3528278982210695,103.01792106628417,106.35101271454604,99.6848294180223,103.87317754613902,99.65132099446257,94.73791794070402,93.76016813477611,112.98119354248048
2017-03-20,105.23359874081966,105.98637027027122,104.97058193223448,105.1882553100586,2033400,0.0,0,-0.00025865065715535707,1.3524779883961766,103.37480659484864,105.93563583573305,100.81397735396422,104.13619104306574,100.48572696596321,94.81727372050878,93.76016813477611,111.95111083984376
2017-03-21,105.7052244688958,107.51005643264072,105.4966225312153,105.8775405883789,2854000,0.0,0,0.0065528730017294645,1.3613406048917713,103.62693939208984,106.12951068461915,101.12436809956053,104.89803412425047,101.6420837160129,94.74244161272401,93.76016813477611,114.64938354492188
2017-03-22,106.59403142295383,107.5644694581556,105.92288910726565,107.30145263671876,2851000,0.0,0,0.013448669476330277,1.3796488247316683,103.95752334594727,106.56647511071131,101.34857158118322,105.02500860170011,101.76904799590156,95.40678524847587,93.80485737855267,114.8043441772461
2017-03-23,107.4103003470638,108.38073848179472,107.08379715037928,107.88191223144533,2624400,0.0,0,0.00540961543821572,1.387112194313253,104.26362037658691,107.19025838023741,101.33698237293642,105.5283699768142,102.26335048823641,95.40678524847587,93.80485737855267,116.23553466796876
2017-03-24,108.0995670407847,108.61652919332909,107.81840733010844,108.21746826171876,2475800,0.0,0,0.0031104012093663425,1.3914266697599718,104.55520477294922,107.82158415096453,101.28882539493392,105.85031970271798,102.76215481804337,95.40678524847587,93.80485737855267,116.60016632080078
2017-03-27,107.6733084378282,109.06094345112707,107.51912830734888,108.84327697753906,3023500,0.0,0,0.005782880766594944,1.399473124286654,104.85767288208008,108.51688474298244,101.19846102117772,106.2040357269272,103.35168135488343,95.53828340429223,94.41893593700829,115.57919311523438
2017-03-28,108.84327284059842,109.4872077017953,108.3988615362364,109.18791198730467,2259200,0.0,0,0.003166341728545463,1.4039043344380608,105.11161842346192,109.21124938114409,101.01198746577975,106.78902440503775,103.72806090613702,96.41803356736769,95.24879918741978,116.12615203857422
2017-03-29,109.00654288832108,110.04046742310886,108.97933544048352,109.77745056152344,2266000,0.0,0,0.005399302573780407,1.4114844387243337,105.43812217712403,109.91861992885217,100.95762442539589,107.20169998275159,105.17466146681583,97.16400614191083,95.89273332640877,117.3111801147461
2017-03-30,109.54163011429854,109.82278293962572,108.9883889990148,109.65953826904295,1795300,0.0,0,-0.0010741030318827116,1.4099683590092447,105.71474380493164,110.51276456257456,100.91672304728873,107.50552467767167,105.41953625701163,97.46557035947376,96.20994442103911,117.47528076171876
2017-03-31,109.4146457621129,110.5120564208485,109.2604656433342,110.23090362548828,2713700,0.0,0,0.005210357124097342,1.4173147976933602,105.98093376159667,111.15069036821139,100.81117715498196,108.0043394760319,105.94102416291372,97.94172301427878,96.80179879277955,116.7642593383789
2017-04-03,110.13114262855892,110.5574110246947,109.24232693879796,109.877197265625,2071800,0.0,0,-0.003208776742545827,1.4127669509336558,106.27297172546386,111.62894266599918,100.91700078492855,108.24015006598017,106.42171142027746,98.57432117017404,97.53480861705717,115.86178588867188
2017-04-04,109.65951233562386,110.27623273062405,109.2967303413071,109.5053253173828,1710200,0.0,0,-0.0033844324163384565,1.4079855366681844,106.54687004089355,111.97604677011452,101.11769331167258,108.82060408753699,106.42171142027746,99.37244045829172,98.38227862488225,115.11428833007812
2017-04-05,109.62325189405374,110.41229542603745,109.35116362265042,109.4146499633789,2020800,0.0,0,-0.0008280451543437595,1.4068196610671602,106.88244132995605,112.14517506204038,101.61970759787172,109.03826966602179,106.42171142027746,99.79191133258232,98.94843799814093,114.96843719482422
2017-04-06,109.48719846101058,110.72065319284437,109.23325311966096,110.60274505615234,1859300,0.0,0,0.010858647294225143,1.4220958195732698,107.28830146789551,112.37945324700132,102.1971496887897,109.11989075009663,106.5033325043523,99.9823658196022,98.94843799814093,116.61840057373048
2017-04-07,110.62089861177826,111.27390493496128,110.36695324598315,110.75694274902344,1974600,0.0,0,0.0013941579188907482,1.4240784457215494,107.67556953430176,112.57943299122006,102.77170607738346,109.83638323559884,106.77995837541076,100.16602552357273,98.94843799814093,117.01949310302734
2017-04-10,110.8845456781006,111.7778967759455,110.82073538216888,111.65027618408205,2030600,0.62,0,0.008065710490789746,1.4355646501809132,108.07666816711426,112.90156435619767,103.25177197803086,110.37861610821452,107.03195429590286,100.2793865150101,98.98017527661855,119.1799545288086
2017-04-11,112.16989180083186,113.40052308094452,111.59559210325811,111.90553283691406,2465200,0.0,0,0.0022862160449219626,1.4388466611176796,108.5014144897461,113.09620811812638,103.90662086136581,111.19445603997966,107.84326744840237,100.86437186502111,98.98017527661855,116.66399383544922
2017-04-12,111.60470323775738,112.07872162287048,111.29476252245938,111.55001068115234,2435500,0.0,0,-0.0031769846114744205,1.4342754674170373,108.85124626159669,113.24952397067169,104.45296855252168,111.31688810030275,107.84326744840237,100.986809260119,98.98017527661855,116.9739227294922
2017-04-13,111.8964200621466,112.40690252284054,111.44063016372644,111.75968170166016,1902300,0.0,0,0.0018796145265025377,1.4369713524206005,109.22017707824708,113.27782569377075,105.1625284627234,111.31688810030275,107.84326744840237,101.17045967094722,98.98017527661855,117.34764862060548
2017-04-17,112.18812191013812,113.30025034125984,112.12431160449022,113.26378631591795,1873500,0.0,0,0.013458383124899775,1.4563106634209824,109.62259292602539,113.6066826445157,105.63850320753508,111.31688810030275,107.94303541309456,101.39946464866753,98.98017527661855,117.34764862060548
2017-04-18,113.08148490148236,114.02952183973544,112.87181847266716,113.81986236572266,2440200,0.0,0,0.004909566136643839,1.4634605169385473,110.05417327880859,113.889017739867,106.21932881775018,111.63138747969819,108.35276165578456,101.39946464866753,98.98017527661855,117.86727142333984
2017-04-19,114.09331601325826,114.33032172244812,113.36404948780988,113.64663696289062,2331600,0.0,0,-0.001521925955905945,1.461233238392375,110.44262809753418,114.07280796042093,106.81244823464743,111.78178742105453,108.7072159672775,101.39946464866753,98.98017527661855,119.46251678466795
2017-04-20,113.683116049832,113.88366471864688,113.0176666903665,113.3093719482422,3566100,0.0,0,-0.0029676638364455332,1.4568967893541858,110.74302406311035,114.2757200466692,107.2103280795515,112.34863748421563,108.83872486258772,101.39946464866753,98.98017527661855,119.51722717285156
2017-04-21,113.23641793633406,113.52812312733816,112.65300755432588,113.42784881591795,1623000,0.0,0,0.0010456051925684662,1.458420128202171,111.02032089233398,114.48028095987988,107.56036082478809,112.5755285523085,109.21058141536416,101.53096368767925,99.11167431563027,120.43791198730467
2017-04-24,113.8745139708606,114.29383972285524,112.73503955083164,112.8991241455078,2256000,0.0,0,-0.004661330316404255,1.451621950244528,111.25440368652343,114.55213883894127,107.95666853410559,112.81254212245375,109.34662713242122,101.63300212323338,99.11167431563027,119.59014129638672
2017-04-25,113.7469171745343,113.7742634535646,112.789762634467,112.98119354248048,2242600,0.0,0,0.0007269267817073821,1.4526771731170751,111.4612995147705,114.64397345309204,108.27862557644896,112.81254212245375,109.6504518273413,101.7622492703008,99.21598004199313,120.17357635498048
2017-04-26,112.53452134413742,112.99031123529195,111.8781897429084,111.95111083984376,2142600,0.0,0,-0.009117293509998348,1.4394326889544922,111.59945945739746,114.60873830218208,108.59018061261284,112.88547594308727,109.9134721268317,102.31095900451447,99.47899353891985,120.77520751953124
2017-04-27,111.9511082854303,115.18721922070924,111.91464426039371,114.64938354492188,4901500,0.0,0,0.024102241459115437,1.474126243187817,111.84305610656739,115.00934188895668,108.6767703241781,113.53270448180882,110.55505416398745,103.27005892013169,100.2408366201046,119.97299194335938
2017-04-28,114.3667828819676,115.0322390913951,113.83806501198968,114.8043441772461,2850300,0.0,0,0.001351604583756938,1.4761186789751461,112.10029640197754,115.35096313696236,108.84962966699273,113.53270448180882,111.13550818554427,103.39702829880083,100.26804313286203,120.05504608154295
2017-05-01,115.36952974154232,116.67308904875556,114.76789072926007,116.23553466796876,3284200,0.0,0,0.012466344379033822,1.4945204827715748,112.40052795410156,115.99958802660474,108.80146788159838,114.27563939583197,112.09610867805222,103.89586023252531,100.6761776446816,120.1644515991211
2017-05-02,116.4360816916053,117.23826934833804,116.26287931778744,116.60016632080078,2622700,0.0,0,0.0031370067154903314,1.499208803562467,112.73667640686035,116.58049352440574,108.89285928931497,114.55822954562322,112.37869882784346,104.30623726038067,100.79407300044878,119.38961791992188
2017-05-03,117.23826792144013,117.23826792144013,115.53361134747874,115.57919311523438,1775800,0.0,0,-0.008756189959089888,1.4860814464901342,113.04036979675293,116.7719185336791,109.30882105982676,114.55822954562322,112.81856544228722,104.77785854090531,101.01628012934778,118.76058197021484
2017-05-04,115.5062774863844,116.53636017326954,114.86817439801342,116.12615203857422,1664400,0.0,0,0.004732330349412672,1.4931140748210585,113.37594490051269,116.9447527634909,109.80713703753449,114.55822954562322,113.10880239441079,105.25854265558738,101.32918608000983,117.75787353515624
2017-05-05,116.3540187596371,117.44791148993276,115.89822896288052,117.3111801147461,1638500,0.0,0,0.01020466152859556,1.5083507985781894,113.71136665344238,117.43394473446347,109.9887885724213,114.66305061642058,113.21815024447378,106.1881807247837,101.60581594066662,118.67855834960938
2017-05-08,117.59379058314695,117.73964668496578,116.50900842897518,117.47528076171876,1347100,0.0,0,0.001398849170319183,1.5104607538413308,114.04728355407715,117.85528549205273,110.23928161610158,114.80891821393709,113.48644990231337,106.46253046734165,101.60581594066662,118.96115112304688
2017-05-09,117.48441520734669,117.60291112900111,116.57282840496312,116.7642593383789,1480200,0.0,0,-0.006052519463920714,1.5013186607292177,114.302982711792,118.11970024878653,110.48626517479747,114.82714547267975,113.48644990231337,106.97268181947281,101.84161043953644,119.88636779785156
2017-05-10,116.6822090621001,116.81894046200344,115.7159367438411,115.86178588867188,1525300,0.0,0,-0.007729021318858331,1.4897149367940417,114.50079536437988,118.2073106734707,110.79428005528906,115.78885584847774,113.48644990231337,107.33093074312882,101.86428774145955,120.87574005126952
2017-05-11,116.08967837263238,116.08967837263238,114.82258309178528,115.11428833007812,1789700,0.0,0,-0.00645163159587403,1.4801038448389758,114.67900924682617,118.13233125976647,111.22568723388586,116.25376870711293,113.48644990231337,107.62115775390723,101.86428774145955,121.22384643554688
2017-05-12,115.13252182319384,115.4424555907802,114.76788854295006,114.96843719482422,1585300,0.0,0,-0.0012670115705853968,1.478228536141897,114.83944702148438,118.01987582524603,111.65901821772272,116.25376761395792,113.48644990231337,107.72999054314963,101.86428774145955,120.18869018554688
2017-05-15,114.88639761502588,116.92834131287634,114.76789474832988,116.61840057373048,1605500,0.0,0,0.014351446528843903,1.4994432539357485,115.007177734375,118.19139632331891,111.8229591454311,116.25376761395792,114.05329996547447,107.81161162722447,101.94590882553437,119.6482162475586
2017-05-16,116.6730952868171,117.50262927859492,116.05322075189224,117.01949310302734,1262400,0.0,0,0.003439358860382269,1.5046003773768128,115.16715927124024,118.41823132780516,111.91608721467531,116.25376761395792,114.28019103356732,108.3081708055048,102.22253469659283,119.88636779785156
2017-05-17,116.80984135631206,120.41057897984729,116.80984135631206,119.1799545288086,3462000,0.0,0,0.018462406292250044,1.5323789208514162,115.44382514953614,119.05606036051655,111.83158993855572,117.58923376139867,115.85267075115334,108.70528520205869,102.47453061708495,120.8116226196289
2017-05-18,118.50538209715346,118.55096387218872,114.40327271686738,116.66399383544922,4041800,0.0,0,-0.021110602897160935,1.500029477965342,115.61155624389649,119.12073639328825,112.10237609450472,117.40692584835733,115.85267075115334,109.51886174419101,103.28584376958446,121.34296417236328
2017-05-19,116.78248485762153,121.11248876388082,116.3084594826684,116.9739227294922,2726000,0.0,0,0.002656594240037169,1.5040144476363908,115.78885993957519,119.19449325343257,112.38322662571781,117.7578807403741,116.27655946380364,109.58007777435256,103.28584376958446,124.35680389404295
2017-05-22,116.94655133481334,117.6758178626534,115.50626072227084,117.34764862060548,1449100,0.0,0,0.003194950484626702,1.5088196993247522,116.01128616333008,119.20521237781786,112.81735994884231,117.7578807403741,116.4953392533946,109.58007777435256,103.36745118420859,123.23918914794922
2017-05-23,117.46615843039008,117.7669813947342,117.24737429915744,117.34764862060548,1331300,0.0,0,0.0,1.5088196993247522,116.22960891723633,119.14733171892026,113.31188611555241,117.7578807403741,116.4953392533946,109.62996175669866,103.36745118420859,121.67273712158205
2017-05-24,117.28386090524212,118.2501332718161,117.28386090524212,117.86727142333984,1497500,0.0,0,0.004428063185265341,1.5155008482885353,116.52541694641113,118.76156009107366,114.28927380174859,117.7578807403741,116.4953392533946,109.99207456774138,103.68195056360403,121.2146987915039
2017-05-25,118.1133827875284,120.33762546566598,117.59377570663445,119.46251678466795,1457100,0.0,0,0.013534252062207486,1.5360120187697615,116.76607360839844,119.17412886951432,114.35801834728257,117.7578807403741,116.4953392533946,110.24450169416602,103.83235050496037,120.3810806274414
2017-05-26,119.5901552254173,119.81805017358386,118.95205215247172,119.51722717285156,899200,0.0,0,0.0004579711666565789,1.536715467985996,117.00171775817871,119.51695621647055,114.48647929988688,117.7578807403741,116.4953392533946,110.59368117340168,103.83235050496037,121.15057373046876
2017-05-30,119.42605790952638,124.99581073232352,119.23463395161332,120.43791198730467,2070900,0.0,0,0.007703364914261046,1.5485533480052815,117.2118366241455,120.11296348394359,114.31070976434742,119.69954172459545,118.43700023761596,110.89305498383632,103.83235050496037,120.50015258789062
2017-05-31,120.76607297173612,121.84174423478947,119.53544874073356,119.59014129638672,2548900,0.0,0,-0.007039068321006092,1.5376529751899497,117.3613353729248,120.42632519284061,114.29634555300899,119.69954172459545,118.43700023761596,111.07958462743748,104.03642737606866,121.9658660888672
2017-06-01,120.28296148869258,120.30119698084626,119.4169633910601,120.17357635498048,1221900,0.0,0,0.004878621701330799,1.5451546023638272,117.5910545349121,120.7750243728088,114.4070846970154,120.25103572729718,118.43700023761596,111.23149697489752,104.08631021747772,120.1978530883789
2017-06-02,120.7205010498148,121.33127173002032,120.13709055926915,120.77520751953124,1368100,0.0,0,0.00500635150254336,1.552890189429033,117.82350730895996,121.21986403819294,114.42715057972698,120.25103572729718,118.45522749635862,111.3994740349595,104.65770269205166,119.94133758544922
2017-06-05,120.6384411579523,120.91191782039895,119.5627839044898,119.97299194335938,1508100,0.0,0,-0.0066422206398786265,1.5425755501613425,117.95659790039062,121.47010231477535,114.44309348600589,121.12159251574047,119.41693787215661,112.04387932289814,105.48066511004717,122.64376831054688
2017-06-06,120.0823923603154,120.80254812693006,119.63572720063044,120.05504608154295,1884100,0.0,0,0.0006839384169257112,1.5436305768411083,118.08558616638183,121.7078686807608,114.46330365200286,121.13983581878281,119.69954172459545,112.33410633367654,105.58042287717836,122.88192749023438
2017-06-07,120.11886982883657,120.401457331156,118.59653328663563,120.1644515991211,1679800,0.0,0,0.000911294619834857,1.5450372790807962,118.25559577941894,121.93321006818113,114.57798149065675,121.29479321947898,119.69954172459545,113.1858740369421,106.40952577171683,124.62246704101562
2017-06-08,120.16446638126776,120.50174648557817,117.94020924995516,119.38961791992188,1995700,0.0,0,-0.006448110642439664,1.5350747077585893,118.43198738098144,121.96758263024368,114.8963921317192,121.46800999113934,119.69954172459545,113.46846418673334,107.07302489554783,124.0361557006836
2017-06-09,118.89731333807924,120.06414795212198,118.33213847143976,118.76058197021484,1607200,0.0,0,-0.005268765916722762,1.5269867584587278,118.61430206298829,121.802142988345,115.42646113763158,121.46800999113934,119.69954172459545,113.68839749395522,107.4403443034889,124.750732421875
2017-06-12,117.56644956385588,117.75787353515626,114.16625380216465,117.75787353515624,2057900,0.0,0,-0.008443108129177812,1.514094244145238,118.75377388000489,121.50048080769292,116.00706695231685,118.00399901847706,119.58103226724408,113.833515970017,107.60359172940838,124.05451965332033
2017-06-13,117.82167124231084,118.7605971808354,117.52995907403825,118.67855834960938,1311700,0.0,0,0.007818456522809658,1.525932124164524,118.85678176879883,121.4220669846574,116.29149655294025,117.74876276609248,119.58103226724408,113.94060043044718,108.87838350022778,124.80572509765624
2017-06-14,119.72687473449984,120.29206360832669,118.66032815220412,118.96115112304688,1274700,0.0,0,0.00238116115806708,1.5295656144684313,118.9538646697998,121.37507528064157,116.53265405895803,117.74876276609248,119.58103226724408,114.14768405812524,109.26912588794008,125.41031646728516
2017-06-15,118.64967867908376,120.518459870582,118.31989211844844,119.88636779785156,1247400,0.64,0,0.007777469081882815,1.5414617637436707,118.98918533325195,121.44330371918032,116.53506694732359,117.53908581128181,119.58103226724408,114.15679768749655,109.55481929497236,125.56602478027344
2017-06-16,120.1337237072059,121.15056454340716,119.6024000832476,120.87574005126952,1823800,0.0,0,0.008252583438729255,1.554182805566576,119.19977264404297,121.53854086812754,116.86100441995839,117.6584091727859,119.58103226724408,114.63765287539556,110.012829250413,125.15380096435548
2017-06-19,121.1871957165972,121.81928782601902,120.58259863546448,121.22384643554688,1445900,0.0,0,0.0028798697251384286,1.558658649575658,119.4122688293457,121.6736526582296,117.15088500046181,117.99277081409184,119.58103226724408,114.87010930471314,110.012829250413,126.29888916015624
2017-06-20,121.0864371796022,121.54447335712192,119.5474423326502,120.18869018554688,1360900,0.0,0,-0.008539213038008864,1.5453489313133963,119.55432090759277,121.62610266263069,117.48253915255485,117.99277081409184,119.58103226724408,114.87010875813564,110.012829250413,123.54151153564452
2017-06-21,120.17953991482538,120.41771370574271,119.38256140300292,119.6482162475586,1641900,0.0,0,-0.004496878509566038,1.5383996849143924,119.66934928894042,121.47379234696139,117.86490623091946,117.99277081409184,119.58103226724408,115.15353378971619,110.012829250413,126.72945404052734
2017-06-22,120.00546166029436,120.5001345121709,119.68483078978817,119.88636779785156,1272900,0.0,0,0.001990431263933168,1.541461763743671,119.77030410766602,121.37271362665848,118.16789458867356,117.99277081409184,119.58103226724408,115.26697932376263,110.012829250413,124.8881607055664
2017-06-23,119.9871491407439,120.85741505332724,119.62072580223123,120.8116226196289,1694000,0.0,0,0.007717765070149429,1.5533584035008627,119.83775939941407,121.4958924213894,118.17962637743874,119.67462345002863,119.58103226724408,116.72095225627601,111.34829539785376,124.55836486816406
2017-06-26,121.10477638680132,121.39792628344485,120.0971050679412,121.34296417236328,1286100,0.0,0,0.004398099629927765,1.560190228520445,119.92904624938964,121.70472154799815,118.15337095078114,120.06958997223373,119.58103226724408,116.62979829975534,111.34829539785376,126.39051818847656
2017-06-27,123.30332643205804,124.64078404580484,122.74452181860144,124.35680389404295,4168800,0.0,0,0.02483736689832816,1.5989412456573937,120.12499084472657,122.75355334338666,117.49642834606648,121.48033808212664,119.58103226724408,117.01722010208887,111.69925028987052,125.63932800292967
2017-06-28,124.26518551563144,124.85147115118586,123.00101541349504,123.23918914794922,2121600,0.0,0,-0.008987162029718831,1.5845713016066703,120.30744323730468,123.253248509774,117.36163796483537,122.1170162770944,119.58103226724408,117.12660999688435,111.69925028987052,126.0240707397461
2017-06-29,122.13992899134476,122.13992899134476,120.75666476491836,121.67273712158205,1998700,0.0,0,-0.012710664823399997,1.5644303469031693,120.38240127563476,123.38711611160089,117.37768643966864,122.1170162770944,119.58103226724408,117.12660999688435,111.79901825456271,126.48211669921876
2017-06-30,121.77348950012068,122.45138806415382,121.0864352448192,121.2146987915039,2480300,0.0,0,-0.0037645107763166763,1.5585410320034554,120.4043758392334,123.42682880300335,117.38192287546345,122.1170162770944,119.58103226724408,117.12660999688435,111.89424511785725,125.1629867553711
2017-07-03,121.48952043303495,121.99336306201197,119.84060125188238,120.3810806274414,1252800,0.0,0,-0.006877203609575222,1.54782262799249,120.4247802734375,123.44074151122547,117.40881903564954,122.1170162770944,119.58103226724408,117.12660999688435,112.09829948799384,126.28059387207033
2017-07-05,120.25282670101872,121.38874752003352,120.05128965671182,121.15057373046876,1707700,0.0,0,0.006392143175793619,1.5577165318413513,120.47955665588378,123.50656137991601,117.45255193185156,122.23609847670855,119.58103226724408,117.12660999688435,112.22980838330406,125.34622192382812
2017-07-06,120.51847794905062,121.04064590594844,120.00547966181028,120.50015258789062,1249200,0.0,0,-0.005368700473719401,1.549353618358934,120.49634170532227,123.51985430543499,117.47282910520954,122.23609847670855,119.50886247667526,119.06827098110571,114.54332592030187,125.20877075195312
2017-07-07,120.99483168238795,122.57047716472734,120.34441419566193,121.9658660888672,1254200,0.0,0,0.012163582115860994,1.5681993083223493,120.62515411376953,123.66875569944507,117.58155252809398,122.34603620153412,119.50886247667526,119.06827098110571,114.67937163735891,128.2226104736328
2017-07-10,122.42390207629136,122.44222743624384,120.18868341932564,120.1978530883789,1272100,0.0,0,-0.014495965610575645,1.54546674507838,120.69701766967773,123.62560199344736,117.76843334590811,122.34603620153412,119.50886247667526,119.34401798245656,114.983196332279,127.96614837646484
2017-07-11,120.17035565673724,120.7566553382622,119.92302620401688,119.94133758544922,1112600,0.0,0,-0.002134110521433974,1.542168548237182,120.80619087219239,123.43245100534041,118.17993073904437,122.34603620153412,119.50886247667526,119.3531316118279,115.24621663176941,129.24867248535156
2017-07-12,120.73833618215193,122.98271060045865,120.4268749439544,122.64376831054688,1135400,0.0,0,0.02253127053191628,1.5769155650033266,121.00445137023925,123.55508817390698,118.45381456657152,121.41165592617051,119.50886247667526,120.26926519394854,115.45934991979459,127.92948150634766
2017-07-13,122.6437537442806,123.202558359692,122.3506039232733,122.88192749023438,955500,0.0,0,0.001941877544764159,1.5799777419289958,121.20049018859864,123.69425941963472,118.70672095756255,121.52157980578718,119.50886247667526,120.41968877168912,116.03980394135141,128.2501678466797
2017-07-14,123.60562624929275,124.88813583045112,123.5598338177348,124.62246704101562,1202400,0.0,0,0.01416432494452513,1.602357060070795,121.43729515075684,124.26759233835729,118.60699796315639,122.36436854116675,119.52719481630788,120.4971674720372,116.2574695198362,129.42271423339844
2017-07-17,124.6499363032702,124.95222779294316,123.43155874318693,124.0361557006836,1458900,0.0,0,-0.00470470015762936,1.5948184505577014,121.59531593322754,124.63035304854063,118.56027881791445,122.43762699848003,119.55924079755391,120.5837758578674,116.2574695198362,130.1647186279297
2017-07-18,123.96292357880267,126.41799089537209,123.73390547935452,124.750732421875,2272400,0.0,0,0.005761035700878825,1.6040062565877846,121.77166023254395,125.09896090129264,118.44435956379526,123.17050854969449,120.29212234876837,120.5837758578674,116.69733613427996,130.85179138183594
2017-07-19,124.21941994987068,125.19961012491515,123.05600411684684,124.05451965332033,2758000,0.0,0,-0.0055808311104760255,1.5950545685696214,121.96495170593262,125.35123312808682,118.57867028377842,123.17050854969449,121.97397498470517,118.79251564286056,116.98757308640353,131.73118591308594
2017-07-20,124.29271274504777,125.91416501856166,124.28355705198877,124.80572509765624,2082100,0.0,0,0.006055445996125064,1.6047133353704672,122.2228271484375,125.64984546156101,118.79580883531399,123.17050854969449,122.36894150691026,118.66489751666828,116.99209986566916,132.13426208496094
2017-07-21,124.57670113689844,125.56606108909996,124.23774481537744,125.41031646728516,1542700,0.0,0,0.004844259901986447,1.6124869838351854,122.49902458190918,126.01846714243634,118.97958202138203,123.17050854969449,122.36894150691026,118.66489751666828,117.11453192599224,133.54502868652344
2017-07-24,125.47441196783284,126.399639869611,124.67743361657992,125.56602478027344,1367500,0.0,0,0.0012415909422323068,1.6144890330687827,122.7367446899414,126.40882203704578,119.06466734283703,123.42243291966324,122.9002761491875,118.56005903926294,117.11453192599224,133.64581298828125
2017-07-25,126.16148614851086,126.17064183994688,124.6224773198149,125.15380096435548,1205300,0.0,0,-0.0032829247930664662,1.6091887869939872,122.92728652954102,126.68571475919067,119.16885829989137,124.3842974093227,122.9002761491875,118.61972072001498,117.11453192599224,135.13900756835938
2017-07-26,124.87898821436043,126.40882734620352,124.8423374929598,126.29888916015624,1338000,0.0,0,0.009149448014981854,1.6239119761468803,123.02439079284667,127.02100246291188,119.02777912278147,124.73699750610946,122.9002761491875,118.78690154066797,117.11453192599224,135.62449645996094
2017-07-27,127.44397452041524,127.792086469111,122.75368879470162,123.54151153564452,2933600,0.0,0,-0.02183216054271986,1.588458469176396,123.03950691223145,127.0415964202357,119.03741740422718,125.27288763190631,123.58732393605696,118.78690154066797,117.11453192599224,133.53587341308594
2017-07-28,123.8255061737174,127.1416838300334,123.49571954648144,126.72945404052734,1972600,0.0,0,0.02580462603424616,1.629448045944424,123.2923427581787,127.55068380680109,119.03400170955632,125.27288763190631,123.70640613567112,118.78690154066797,117.68138198915334,134.60768127441406
2017-07-31,127.0317669167588,127.45316640062502,124.35683699902054,124.8881607055664,2386700,0.0,0,-0.014529324290879497,1.6057732668697575,123.47601585388183,127.6759180885687,119.27611361919497,125.27288763190631,123.70640613567112,118.78690154066797,117.90827305724619,133.81069946289062
2017-08-01,124.7965386591139,124.97059465095072,124.13696541539308,124.55836486816406,2375000,0.0,0,-0.0026407293977197543,1.601532854197862,123.68488006591797,127.6551363933946,119.71462373844133,125.27288763190631,123.81634386049669,119.62782785863635,118.14528662739144,134.65347290039062
2017-08-02,124.65914180143538,126.54624882900704,124.24691199083632,126.39051818847656,2409000,0.0,0,0.014709195341892078,1.6250901137967162,123.94687728881836,127.90501810959563,119.98873646804108,125.27288763190631,123.81634386049669,119.8253111197389,118.14528662739144,132.82131958007812
2017-08-03,126.47295726779076,126.5828814862231,125.3553477865422,125.63932800292967,1661900,0.0,0,-0.005943406169335419,1.6154315431886508,124.2038360595703,127.88853857105329,120.51913354808732,125.27288763190631,123.81634386049669,120.53068517468536,118.21822044802498,133.9114532470703
2017-08-04,125.9599389703928,126.4271308028022,125.63930807993395,126.0240707397461,927900,0.0,0,0.00306227948630422,1.6203784460648862,124.40674629211426,128.02168427868725,120.7918083055413,125.27288763190631,123.81634386049669,120.84902427216923,118.43700023761596,132.67474365234375
2017-08-07,125.85002453808954,126.56455985636912,125.45610615700193,126.48211669921876,976600,0.0,0,0.0036345910490274136,1.6262678590609907,124.72095947265625,127.8765345484402,121.56538439687229,125.27288763190631,123.81634386049669,120.84902427216923,118.43700023761596,131.63955688476562
2017-08-08,125.95080964314285,126.0149274477632,124.74158726640437,125.1629867553711,1333500,0.0,0,-0.010429379095422853,1.609306895048142,124.98204193115234,127.24092291031302,122.72316095199166,125.27288763190631,123.81634386049669,120.84902427216923,118.43700023761596,130.86094665527344
2017-08-09,124.92479657054274,126.77526684878802,124.88815982262736,126.28059387207033,1319300,0.0,0,0.008929214184410394,1.6236767410024753,125.16388320922852,127.2143207282292,123.11344569022783,125.47444297355324,123.85755633656393,120.84902427216923,118.43700023761596,132.8396453857422
2017-08-10,125.77677718602467,126.51879379333724,125.32789655700977,125.34622192382812,1032700,0.0,0,-0.007399172902122886,1.6116628760586427,125.2870979309082,127.0468588077053,123.5273370541111,125.79506590800905,123.85755633656393,120.90856537197632,118.43700023761596,132.61978149414062
2017-08-11,125.67597662879916,126.20730030594116,124.8515030698592,125.20877075195312,870800,0.0,0,-0.0010965721165375752,1.609895571487498,125.31641311645508,127.04996716638101,123.58285906652915,125.45611613209056,123.85755633656393,120.8724804766919,118.43700023761596,129.1478729248047
2017-08-14,125.8682985126857,128.26841687337648,125.8682985126857,128.2226104736328,1648500,0.0,0,0.02407051601560961,1.6486465886244468,125.52573585510254,127.57617856707031,123.47529314313476,126.2576644321064,124.09572153869668,120.9274493391047,118.43700023761596,128.61656188964844
2017-08-15,127.9386673243099,128.39670349776526,127.26076875546026,127.96614837646484,1386100,0.0,0,-0.0020001316165739746,1.6453490784579823,125.68650665283204,127.96302058093355,123.40999272473053,126.56914538208481,124.15986485089107,120.9274493391047,118.43700023761596,127.70047760009766
2017-08-16,128.25015676245886,129.28532321505205,127.95700683748606,129.24867248535156,1334600,0.0,0,0.010022370174912476,1.6618393759892394,125.94621429443359,128.58000425704364,123.31242433182354,127.0134552407282,124.85609907950322,120.9274493391047,118.45522749635862,126.21646118164062
2017-08-17,129.19366565851664,129.633376415646,127.92948150634766,127.92948150634766,956300,0.0,0,-0.010206611438530744,1.6448776272052668,126.10240211486817,128.81726740144214,123.38753682829419,127.18748184102519,125.99199016945965,120.46025920142289,119.41693787215661,125.85918426513672
2017-08-18,127.7371694117984,128.59827991813154,127.07759600176276,128.2501678466797,1114300,0.0,0,0.0025067430631000587,1.649000912786912,126.2443946838379,129.09479767367674,123.39399169399904,127.18748184102519,126.19353260517381,120.51522114123122,119.58103226724408,124.97055053710938
2017-08-21,128.42419862062124,129.58761454255,128.36923651028948,129.42271423339844,1545900,0.0,0,0.009142649919339663,1.6640771508491943,126.43722915649414,129.58744250057808,123.28701581241022,127.24243974275261,126.19353260517381,120.94578167873732,119.58103226724408,123.43160247802734
2017-08-22,129.42270225083763,130.3204492521702,129.12039669384552,130.1647186279297,1030300,0.0,0,0.005733185236658889,1.6736176134031042,126.68777503967286,130.17291704206286,123.20263303728284,127.5859761610147,126.5370690234359,120.99843389801697,119.58103226724408,125.2911376953125
2017-08-23,130.0731381506532,131.0991348685208,129.8166389711863,130.85179138183594,921600,0.0,0,0.005278486836899576,1.6824517819454559,126.91542015075683,130.841212876938,122.98962742457569,127.97531896919,126.9264118316112,121.73131544923143,120.29212234876837,125.82506561279295
2017-08-24,131.04413175913535,132.15257129974353,130.54944494052552,131.73118591308594,1579000,0.0,0,0.006720538725250247,1.6937587642993865,127.32490386962891,131.4626956162859,123.18711212297191,129.0104349062146,127.45313004722257,122.57224176719983,120.29212234876837,125.07022094726562
2017-08-25,132.57397283681135,133.82898730558264,131.896074361671,132.13426208496094,1254000,0.0,0,0.003059838633358458,1.6989413928019792,127.59514427185059,132.2245008526517,122.9657876910495,130.4532916536727,128.29133805014214,122.76972502830237,120.29212234876837,125.80667877197266
2017-08-28,132.1800758260908,133.85648993688096,132.1800758260908,133.54502868652344,1577300,0.0,0,0.010676766035560004,1.7170805925610544,128.02798767089843,133.16116051130481,122.89481483049204,130.46704296932185,128.30508936579128,122.76972502830237,120.29212234876837,127.81354522705078
2017-08-29,132.91295221171958,134.3237116527782,132.72974051211833,133.64581298828125,1178500,0.0,0,0.0007546840399008659,1.7183764458794837,128.48236007690429,133.9102218782608,123.05449827554776,130.7006538272705,128.5387002237399,123.16135453442537,120.29212234876837,128.19100952148438
2017-08-30,133.42594263456732,135.2489317859578,133.12365103617162,135.13900756835938,1753000,0.0,0,0.011172774864327772,1.7375754790414588,128.91978454589844,134.9829860121482,122.85658307964869,131.1632638938603,129.0013102903297,123.6422867792551,120.29212234876837,128.0621337890625
2017-08-31,135.01072974318123,136.22910748657486,134.55269362813792,135.62449645996094,2293200,0.0,0,0.0035925148507249816,1.7438177447541707,129.41904296875,135.9510929170782,122.88699302042181,132.29917199843217,129.49139814063824,123.81863682764848,120.29212234876837,126.98501586914062
2017-09-01,135.88101644596412,135.88101644596412,133.04118650505862,133.53587341308594,1765800,0.0,0,-0.015400042775396416,1.7169628768924612,129.79463310241698,136.36681622998523,123.22244997484873,132.67475209021018,129.86241351652814,124.43010578398165,120.97917013563782,126.2025375366211
2017-09-05,133.71908992432026,134.8000486514786,133.4442654075011,134.60768127441406,1559300,0.0,0,0.008026366503123494,1.7307438502146575,130.20091133117677,136.9084700651517,123.49335259720183,133.0228732288806,130.18303645098396,124.48964688378871,120.97917013563782,126.97581481933594
2017-09-06,134.66264006809263,134.9466202698266,133.81069946289062,133.81069946289062,1380700,0.0,0,-0.005920775129457101,1.7204965050708456,130.63329696655273,137.09381281836892,124.17278111473654,133.3892762135502,130.18303645098396,124.48964688378871,120.97917013563782,128.90902709960938
2017-09-07,134.0305364654779,134.69010964213655,133.7648816478965,134.65347290039062,1757400,0.0,0,0.006298251491718254,1.7313326247504042,131.05194091796875,137.41327737217546,124.69060446376203,134.06259092412293,130.23800973870559,124.5446157462015,120.97917013563782,128.85379028320312
2017-09-08,134.4794081038452,134.4794081038452,132.3174770506633,132.82131958007812,2240600,0.0,0,-0.013606431983138156,1.7077753651515497,131.42569580078126,137.2525631971569,125.59882840440561,134.20459165633284,130.4853473764896,124.5446157462015,120.97917013563782,128.5039520263672
2017-09-11,134.13131564950018,134.52523403991765,132.48238257666398,133.9114532470703,2202000,0.0,0,0.008207520226712894,1.721791966003713,131.8608299255371,137.0204226898324,126.70123716124179,134.2732922686191,130.4853473764896,124.5446157462015,120.97917013563782,128.08055114746094
2017-09-12,133.87479604531663,134.01220128949174,131.7769967747092,132.67474365234375,2058700,0.0,0,-0.009235278721416051,1.705890737297374,132.08343658447265,136.97001460704442,127.19685856190087,134.00305213064203,130.4853473764896,124.5446157462015,120.97917013563782,126.56153869628906
2017-09-13,132.7663216445569,132.86709013384888,131.35557677262034,131.63955688476562,2087600,0.0,0,-0.00780244030688082,1.6925806266495502,132.2671070098877,136.77870727320055,127.75550674657484,133.7923421295976,130.4853473764896,124.5446157462015,120.97917013563782,127.39934539794922
2017-09-14,130.83346560179385,131.08996475304036,129.54180017563118,130.86094665527344,2778900,0.0,0,-0.005914713236035651,1.6825694976140486,132.34772071838378,136.69351260466289,128.00192883210468,132.71140831079765,130.54030527821703,124.5446157462015,120.97917013563782,128.02529907226562
2017-09-15,131.05330711306843,132.95873926330532,130.87925113144684,132.8396453857422,3210600,0.0,0,0.015120620636202675,1.7080109926815168,132.5932289123535,136.43304538525845,128.75341243944857,132.2442102227289,130.54030527821703,124.66599965505858,120.97917013563782,127.730712890625
2017-09-18,132.84879955309663,133.95723913067815,132.39991912540776,132.61978149414062,1531000,0.0,0,-0.0016551074866476556,1.7051840509002532,132.81170959472655,136.08853328468015,129.53488590477295,132.2442102227289,130.54030527821703,124.82631112228648,120.97917013563782,127.06788635253906
2017-09-19,132.62895056783955,133.36181122608178,127.1325165982543,129.1478729248047,5507600,0.0,0,-0.026179417053928233,1.6605433264780287,132.79796752929687,136.13394352770032,129.4619915308934,130.91131312019542,131.04870299963028,124.65683623432724,120.97917013563782,126.42349243164062
2017-09-20,129.3127858733141,129.73417135780628,127.76462125046488,128.61656188964844,2876800,0.0,0,-0.004113974339055471,1.6537118938440083,132.7205596923828,136.35891585089328,129.08220353387233,130.82887531908597,131.65335174416882,125.17669298540153,121.21733533777056,127.45450592041016
2017-09-21,128.7356438091633,129.0562747169027,127.70047760009766,127.70047760009766,1958400,0.0,0,-0.0071225997343699055,1.6419331659481906,132.5629940032959,136.7494671686142,128.3765208379776,130.82887531908597,131.65335174416882,125.36450511648795,121.28147864996495,127.9885025024414
2017-09-22,126.61037960421535,127.4989570217894,125.65765642739944,126.21646118164062,3140700,0.0,0,-0.011621071795082316,1.62285214274398,132.28725776672363,137.30951770969568,127.26499782375157,129.8349288584456,130.94338195698714,125.93477716011571,121.72578850860835,131.5234832763672
2017-09-25,126.24393298899685,126.75693128747696,125.56604837092893,125.85918426513672,1936200,0.0,0,-0.0028306681486636176,1.618258386873524,131.97350387573243,137.7332591269356,126.21374862452927,129.76164375080353,130.8975779287519,126.58973600524243,121.89981510890533,132.2599639892578
2017-09-26,125.86829725488091,126.37213969072484,122.85442628471546,124.97055053710938,2752300,0.0,0,-0.007060539389444398,1.6068326097907049,131.5447799682617,138.01376872938812,125.0757912071353,128.4058327076968,129.54176688564516,126.6905072230995,121.89981510890533,129.62710571289062
2017-09-27,124.60417405333835,124.94311637456168,123.22089575788053,123.43160247802734,2646600,0.0,0,-0.012314485712576317,1.5870452925749354,131.03406944274903,138.3285474324332,123.73959145306485,128.4058327076968,129.54176688564516,126.71798617396321,121.89981510890533,131.1276397705078
2017-09-28,123.6248735148355,125.32795477169049,123.11856496811008,125.2911376953125,1988600,0.66,0,0.01506530888324309,1.6109546201192737,130.54167594909669,137.9908674737499,123.0924844244435,128.4058327076968,129.54176688564516,127.0615225922253,122.24335152716742,130.81466674804688
2017-09-29,124.94131528870966,126.28535633694914,124.84005076751696,125.82506561279295,1705800,0.0,0,0.004261497878476295,1.6178196998152337,130.05170440673828,137.38614820136013,122.71726061211643,128.1081187553986,129.54176688564516,127.4508654004006,122.63269433534272,138.2345428466797
2017-10-02,126.14729976988072,126.71805588606288,124.88610743046117,125.07022094726562,1513400,0.0,0,-0.0059991597210864445,1.608114141036122,129.62842178344727,137.08713811706536,122.16970544982918,126.29429882126087,129.54176688564516,128.2317824767186,124.8412651868909,138.69482421875
2017-10-03,125.1990915739464,126.3037866313834,125.07021071802808,125.80667877197266,1885800,0.0,0,0.005888354710891219,1.6175832875141427,129.1883716583252,136.45401873187924,121.92272458477115,125.95535050080908,129.54176688564516,129.37231485190742,126.07443971201553,140.59121704101562
2017-10-04,126.02761468595644,128.5592140711868,125.83430041738212,127.81354522705078,1827000,0.0,0,0.01595198660887953,1.6433869544553157,128.8885139465332,135.8518634631986,121.92516442986779,125.70682017795113,129.54176688564516,129.38606616755658,126.08819102766469,139.76266479492188
2017-10-05,128.07132939817768,128.8169983730148,127.96086408248708,128.19100952148438,1965400,0.0,0,0.002953241722252864,1.6482402733750192,128.56539077758788,135.0031451138151,122.12763644136066,125.83571232886513,129.54176688564516,129.6196770255052,126.85313652789057,138.58436584472656
2017-10-06,127.5097790944644,128.08054935807266,126.4695312202855,128.0621337890625,1377200,0.0,0,-0.0010053414268516025,1.6465832291467901,128.32743148803712,134.459695923086,122.19516705298824,125.83571232886513,129.54176688564516,130.082287092095,127.31574659448037,138.12408447265625
2017-10-09,127.96083002324326,128.06209455132708,126.59837332017312,126.98501586914062,2115800,0.0,0,-0.008410900927951492,1.63273398073681,127.98110961914062,133.5649694674423,122.39724977083897,125.96778167056243,129.36772136533978,130.8952850695352,127.8058344447889,137.61776733398438
2017-10-10,127.18756666424864,127.45452916739394,126.00000844583714,126.2025375366211,2173900,0.0,0,-0.006161973734963189,1.6226731168313278,127.65749931335449,132.84800271809615,122.46699590861283,125.96778167056243,128.90052327727102,131.26858280336916,127.8058344447889,137.1022186279297
2017-10-11,126.13809622930202,127.95164312610969,126.13809622930202,126.97581481933594,2003800,0.0,0,0.006127272064481826,1.632615676489874,127.424312210083,132.2832546118849,122.5653698082811,126.82852457026587,128.90052327727102,131.6029548399323,127.92491664440305,136.6143035888672
2017-10-12,127.03104700893184,129.1852043606687,126.46949172866276,128.90902709960938,1657900,0.0,0,0.015225043312571351,1.6574723208772153,127.3267162322998,131.97736741407337,122.67606505052623,127.03565589556493,128.772267963426,131.78615633226707,127.92491664440305,134.28524780273438
2017-10-13,129.5718427105243,129.71913911791287,128.20938605957622,128.85379028320312,1815500,0.0,0,-0.00042849455658033886,1.6567621030100368,127.12742347717285,131.10164323391905,123.15320372042666,127.39467491797048,128.68983016231655,132.15030033141426,128.0348543692286,134.6074676513672
2017-10-16,128.6144313443824,129.5073823636971,127.7766989136396,128.5039520263672,1590200,0.0,0,-0.0027150016780029818,1.6522639911203127,126.92163200378418,130.06917637067372,123.77408763689465,127.7767197676475,128.68983016231655,132.34496951641123,128.0348543692286,134.94805908203125
2017-10-17,128.55924357270604,129.19444726627916,127.10473668073963,128.08055114746094,1393100,0.0,0,-0.003294847140727475,1.646820033833443,126.86826591491699,129.89564058179738,123.8408912480366,127.85957378187501,128.4333137871036,132.37931982255435,128.0348543692286,133.7697296142578
2017-10-18,127.91479460376172,128.08970733352413,126.4971052967211,126.56153869628906,1695800,0.0,0,-0.011859821319967767,1.6272890424860351,126.76551475524903,129.68498836910655,123.84604114139151,127.85957378187501,128.4058327076968,132.24419975356582,128.0348543692286,135.60169982910156
2017-10-19,126.50637971330572,127.9609009929625,126.16576886036826,127.39934539794922,2090600,0.0,0,0.006619757552652983,1.6380613014153815,126.75045814514161,129.65336914322148,123.84754714706172,127.85957378187501,128.4058327076968,132.1388447530436,128.0348543692286,136.45782470703125
2017-10-20,127.75832252274566,129.0931631294611,127.2243834706672,128.02529907226562,1860900,0.0,0,0.004913319392349846,1.6461096197734835,126.84090003967285,129.78449690378247,123.89730317556324,127.85957378187501,128.4058327076968,131.62585679450734,128.0348543692286,136.83526611328125
2017-10-23,127.62024757990964,128.19100374788852,126.80093041585909,127.730712890625,1556900,0.0,0,-0.0023009997537623006,1.6423219219437188,126.93447647094726,129.86612728271794,124.00282565917658,127.92861767360745,128.4058327076968,131.39225775047296,128.07606684529588,134.6810760498047
2017-10-24,127.96085169314745,128.02529915236894,126.31301669013617,127.06788635253906,1875300,0.0,0,-0.005189249500654691,1.633799503730358,127.03934326171876,129.82750744883612,124.25117907460138,127.94245398914057,128.1081187553986,131.39225775047296,128.07606684529588,132.4993133544922
2017-10-25,126.73648685293962,127.15996063531556,125.75147169250744,126.42349243164062,1209900,0.0,0,-0.005071257100402349,1.6255140863964317,127.18893775939941,129.4535335161903,124.92434200260851,127.73530540521016,126.29429882126087,130.98000805991285,128.07606684529588,132.20472717285156
2017-10-26,127.09547969713414,128.18177317201986,126.49710734066042,127.45450592041016,1692700,0.0,0,0.008155236569872715,1.638770538318655,127.2971061706543,129.38687289159898,125.20733944970964,127.62942702810227,126.28678270131417,131.24111353162738,128.07606684529588,127.93321990966795
2017-10-27,128.2278487434035,129.01034898984025,127.1783859223154,127.9885025024414,1556200,0.0,0,0.004189703441043635,1.6456365008821296,127.40527801513672,129.39985449136358,125.41070153890983,127.4729594793933,126.28678270131417,131.24111353162738,128.07606684529588,129.58106994628906
2017-10-30,127.73989249442558,133.3002129955605,127.4176973758808,131.5234832763672,5117800,0.0,0,0.027619518197412596,1.69108818816457,127.72794113159179,130.1536265071585,125.30225575602508,129.52584234403398,128.077319640138,130.38915540771637,128.32799121526463,130.53848266601562
2017-10-31,128.80778280125162,132.8675512496176,127.31644502306054,132.2599639892578,2999200,0.0,0,0.005599613806935633,1.700557628931762,128.05060539245605,131.028763591716,125.0724471931961,129.52584234403398,128.077319640138,130.32961083977773,129.2898557049241,132.66502380371094
2017-11-01,132.793908978683,133.17135084341146,129.24046308815485,129.62710571289062,2819200,0.0,0,-0.01990669131424405,1.6667051531505348,128.14128341674805,131.19535052546723,125.08721630802887,129.52584234403398,128.2093889818353,128.97379979667096,129.49139814063824,131.15524291992188
2017-11-02,129.4797909103451,131.6063461152822,129.36012485937138,131.1276397705078,1367600,0.0,0,0.011575773827278812,1.6859985550401655,128.28811492919922,131.61119109341246,124.965038764986,129.52584234403398,128.2093889818353,128.97379979667096,129.49139814063824,132.6097869873047
2017-11-03,130.56610575293476,131.10004483093456,129.0931693965931,130.81466674804688,1577200,0.0,0,-0.0023867814825973,1.68197444490931,128.42574157714844,131.92525373386246,124.92622942043442,129.52584234403398,129.07013188153874,128.97379979667096,129.49139814063824,132.11265563964844
2017-11-06,133.5211552838638,138.9710109702723,133.44752111376954,138.2345428466797,3936600,0.0,0,0.056720521353494036,1.7773769123278198,128.98821792602538,134.46550751741137,123.51092833463942,132.36124133138986,131.92855920036672,128.82494282052187,129.49139814063824,132.315185546875
2017-11-07,138.0780362457644,138.81449027222112,135.16899508159582,138.69482421875,2504600,0.0,0,0.00332971312807695,1.7832950675663386,129.61283226013182,136.3880799215649,122.83758459869875,132.73405915546635,132.02061084415018,127.91803285345301,129.49139814063824,132.2323455810547
2017-11-08,138.3634113502773,142.94790358834348,138.22531568802864,140.59121704101562,2334800,0.0,0,0.013673133319485942,1.8076782987731548,130.29360237121583,138.47851349538715,122.1086912470445,135.06314475532943,134.34968764042546,127.74855869322712,129.49139814063824,131.4222412109375
2017-11-09,139.74424923510404,140.85814478234676,138.60272332465635,139.76266479492188,1892100,0.0,0,-0.0058933428668735965,1.7970250307654778,130.83628425598144,139.97648097730885,121.69608753465403,135.132174305702,134.34968764042546,127.62429353179814,129.49139814063824,131.49588012695312
2017-11-10,139.31163326928277,139.7443078011169,136.66956822988217,138.58436584472656,1537200,0.0,0,-0.008430713251813438,1.781874828024763,131.32281303405762,141.01452711294982,121.63109895516541,135.132174305702,134.34968764042546,127.68873960725514,129.49139814063824,130.59368896484375
2017-11-13,139.25641017900233,140.66489918254186,136.81686002707542,138.12408447265625,2453000,0.0,0,-0.0033213080657743532,1.775956672786244,131.80381965637207,141.84074476452557,121.76689454821857,136.0205364924683,134.34968764042546,127.68873960725514,129.49139814063824,129.05638122558594
2017-11-14,138.13329085324517,138.98022435588257,136.55908992046585,137.61776733398438,1854500,0.0,0,-0.003665668739850414,1.7694466039274825,132.28068046569825,142.47145234345786,122.08990858793865,136.0205364924683,134.34968764042546,127.6677515179511,129.49139814063824,128.52239990234375
2017-11-15,137.6729888038457,137.93995130214225,135.14138926198848,137.1022186279297,1631500,0.0,0,-0.003746236521941948,1.7628178384362232,132.80771446228027,142.84841279988427,122.76701612467627,136.0205364924683,134.34968764042546,127.43415247391673,129.54176688564516,129.48899841308594
2017-11-16,137.98597522744004,138.2437369512448,136.08957938217904,136.6143035888672,2014000,0.0,0,-0.003558768369654297,1.756544378071334,133.26846237182616,143.11593860473192,123.42098613892038,138.1977123510565,134.34968764042546,127.86452392376845,129.54176688564516,129.71913146972656
2017-11-17,136.21847498747036,137.02859137680153,134.00908453088235,134.28524780273438,2055000,0.0,0,-0.01704840360744342,1.726598100559588,133.58145980834962,143.13275920558826,124.030160411111,138.4784940596129,134.34968764042546,127.90396192949547,129.54176688564516,130.9681396484375
2017-11-20,134.72714777660045,135.5004330928084,134.06432777786134,134.6074676513672,1703500,0.0,0,0.002399517846563226,1.730741103515723,133.92529754638673,143.09267953879854,124.75791555397493,138.4784940596129,134.34968764042546,128.04225254014352,129.54176688564516,132.21714782714844
2017-11-21,134.75474480415048,135.60167822634676,134.0735093344234,134.94805908203125,1925500,0.0,0,0.002530256579420964,1.735120322580168,134.31930618286134,142.9284203197984,125.71019204592427,137.43361465661457,134.34968764042546,128.23327496498203,129.54176688564516,131.9951171875
2017-11-22,134.7547588128737,135.20583487279544,133.4843515240308,133.7697296142578,1694700,0.0,0,-0.008731725938030399,1.719969727453891,134.68661804199218,142.4985998118372,126.87463627214713,137.07462535328634,134.34968764042546,128.1464437844893,129.54176688564516,130.57032775878906
2017-11-24,134.18399601296946,135.9331098337981,133.8710015771347,135.60169982910156,887600,0.0,0,0.013694953410808841,1.7435246327393736,135.09397773742677,142.16151812687647,128.02643734797707,137.07462535328634,134.34968764042546,128.1327032447859,129.54176688564516,131.0791778564453
2017-11-27,135.79500474349197,137.4520546523402,135.79500474349197,136.45782470703125,1489000,0.0,0,0.006313526150547144,1.7545324211022968,135.51744384765624,141.7938258839959,129.24106181131657,136.23228793995668,134.34968764042546,128.1327032447859,129.54176688564516,129.16403198242188
2017-11-28,136.78003345767013,137.60855138576122,135.4728091026791,136.83526611328125,2373100,0.0,0,0.0027659931342181032,1.7593854457328288,135.78303298950195,141.80246781985412,129.76359815914978,135.8640442376378,134.34968764042546,128.1327032447859,129.54176688564516,129.99671936035156
2017-11-29,136.6787362160609,136.97331499118386,134.13793633692006,134.6810760498047,2197400,0.0,0,-0.015742944963421768,1.7316875374912117,135.9040885925293,141.72734179243494,130.08083539262364,135.8640442376378,134.34968764042546,128.16722519065212,129.54176688564516,131.3844451904297
2017-11-30,135.06774408656378,135.40835481029453,131.21050463202866,132.4993133544922,4200400,0.0,0,-0.01619947478371564,1.7036351088943482,136.04769897460938,141.3584795287379,130.73691842048086,134.40952800889494,134.34968764042546,128.0252863722696,129.54176688564516,130.49635314941406
2017-12-01,132.76628252362138,133.62241668873432,130.41879658033895,132.20472717285156,2009500,0.0,0,-0.0022233034585807943,1.6998474110645838,136.10155334472657,141.22837364594818,130.97473304350495,134.01367398305007,134.72250546450195,127.0148021132355,129.54176688564516,127.31370544433594
2017-12-04,132.3059822989108,132.9227702555478,127.92401915101718,127.93321990966795,2238600,0.0,0,-0.03230979220280683,1.644925694436608,135.9574810028076,141.79180507225064,130.12315693336458,132.7662852683892,135.06314475532943,126.95810486470822,129.54176688564516,124.8712387084961
2017-12-05,129.46140388192265,130.09660747749135,127.57420866164269,129.58106994628906,1734100,0.0,0,0.012880548443825912,1.6661132395302927,135.5248073577881,141.88520858219425,129.16440613338193,132.59138002370196,135.132174305702,126.87987109035373,129.54176688564516,123.04863739013672
2017-12-06,129.2680754756273,131.02638982381026,129.01031373365888,130.53848266601562,1113700,0.0,0,0.007388523031361061,1.6784233555734178,135.11699028015136,141.65744003752442,128.5765405227783,132.59138002370196,135.132174305702,128.80158099208597,129.54176688564516,125.48185729980467
2017-12-07,131.41303218216353,133.06086717562363,130.26230510526193,132.66502380371094,2174500,0.0,0,0.0162905305337131,1.7057657624958837,134.72068061828614,140.8279637551057,128.61339748146656,132.59138002370196,135.26105612499308,128.80158099208597,129.54176688564516,126.41629791259766
2017-12-08,133.02402217692057,133.41066470799356,130.9711294356431,131.15524291992188,1698500,0.0,0,-0.01138039884591513,1.686353467780974,134.29030952453613,140.11956687577583,128.46105217329642,132.59138002370196,135.26105612499308,128.86761566293464,129.54176688564516,125.07478332519533
2017-12-11,132.73866785399207,133.03324667200857,130.22548393010746,132.6097869873047,2274700,0.0,0,0.011090247213913607,1.7050555446287055,133.99158058166503,139.51084110849192,128.47232005483815,132.27376182641328,135.26105612499308,128.86761566293464,129.54176688564516,127.32293701171876
2017-12-12,132.7110420864486,134.0366817906066,131.79966127810002,132.11265563964844,1859300,0.0,0,-0.0037488284910964786,1.6986635838240993,133.69100914001464,138.92147763904526,128.46054064098402,131.4912817359686,135.26105612499308,129.29798711278636,129.54176688564516,128.8217315673828
2017-12-13,132.08504015363764,134.02746783443936,132.08504015363764,132.315185546875,1726400,0.0,0,0.0015330091295642223,1.70126765060616,133.42588005065917,138.35929925015296,128.4924608511654,130.80544522612465,135.26105612499308,132.14490026587828,130.91271862749386,130.63510131835938
2017-12-14,132.32440936340282,133.4935379268502,132.1771129304302,132.2323455810547,2114700,0.0,0,-0.0006260805626951971,1.7002025199981732,133.18238639831543,137.8357949516582,128.52897784497267,130.80544522612465,135.26105612499308,132.37733499980828,130.91271862749386,131.15316772460938
2017-12-15,132.37043925820797,133.28182021736407,130.6673715054137,131.4222412109375,3648600,0.0,0,-0.006126370719338192,1.6897864490627115,132.92278327941895,137.3529854750632,128.4925810837747,130.80544522612465,134.2161767219947,134.70641619787745,132.90116493652948,132.26339721679688
2017-12-18,132.24154901941105,132.24154901941105,130.73179566826033,131.49588012695312,2027600,0.0,0,0.0005603230879118737,1.6907332754237618,132.78331489562987,137.20873873460573,128.357891056654,131.52349776213273,134.11955392209228,134.7409309730637,132.90116493652948,134.2710418701172
2017-12-19,131.65235204522438,132.51770088161965,130.49242444043668,130.59368896484375,2284700,0.0,0,-0.006860984247098467,1.6791331810550343,132.5826259613037,137.0231333403642,128.1421185822432,132.13108286035703,134.11955392209228,134.7409309730637,132.90116493652948,133.53085327148438
2017-12-20,130.72263224827842,130.9619784898537,128.89988398529073,129.05638122558594,2576500,0.0,0,-0.011771684768562274,1.6593669545632213,132.28804206848145,136.843257406559,127.7328267304039,131.46828288794865,133.27721650876262,135.1851120664469,132.90116493652948,134.2895050048828
2017-12-21,129.11157157438768,129.9953361059339,128.33828638863517,128.52239990234375,2580000,0.0,0,-0.004137581715613181,1.6525011881925278,132.02567558288575,136.81052672765134,127.24082443812017,131.18748408962088,132.90897280644376,135.1851120664469,132.90116493652948,136.64871215820312
2017-12-22,129.06552473833014,129.88484171937242,127.5189545459192,129.48899841308594,3069100,0.0,0,0.007520856375827556,1.6649294122898082,131.72004051208495,136.32791474222955,127.11216628194035,130.7778181682629,132.88134574858202,135.1851120664469,132.90116493652948,136.05661010742188
2017-12-26,129.07472728409348,130.5108320540637,128.81695156288254,129.71913146972656,824500,0.0,0,0.001777240224736909,1.6678883918126772,131.38310585021972,135.51159965066108,127.25461204977834,130.77321119017927,132.5637529658402,136.27369999574097,132.90116493652948,134.3542938232422
2017-12-27,130.08922374614332,131.6065144553207,129.83942183973468,130.9681396484375,1014500,0.7,0,0.009628557981845809,1.683947751900493,131.08974952697753,134.36404068617423,127.81545836778082,130.5062462363847,132.5637529658402,136.4140908500192,132.90116493652948,131.41221618652344
2017-12-28,131.05141489609915,132.59647407033404,130.95890559682135,132.21714782714844,1784800,0.0,0,0.009536732995243602,1.7000071119883087,130.96655311584473,133.8490576826258,128.08404854906365,130.40038738164162,132.5637529658402,136.4140908500192,132.90116493652948,129.68214416503906
2017-12-29,132.44845939905676,132.7722631640889,131.8378386529827,131.9951171875,1129500,0.0,0,-0.0016792877724053357,1.6971523108321447,130.94134330749512,133.77774122071546,128.10494539427478,130.14560885500407,132.5637529658402,135.89165114852,132.90116493652948,129.52488708496094
2018-01-02,132.4484372804519,132.50394568135374,130.36678754408848,130.57032775878906,1880600,0.0,0,-0.010794258598876949,1.6788328099073409,130.859623336792,133.63869827403246,128.08054839955153,130.14560885500407,132.5637529658402,135.7121564968559,132.90116493652948,123.57599639892578
2018-01-03,130.49632546906517,131.8378303935105,130.3205394364724,131.0791778564453,1770500,0.0,0,0.003897134260061552,1.6853754467677462,131.01692123413085,133.44620759145153,128.58763487681017,130.14560885500407,132.5637529658402,135.7121564968559,132.90116493652948,125.87042236328124
2018-01-04,130.85710850989747,131.3382047650762,129.13627778665085,129.16403198242188,1729600,0.0,0,-0.014610603341751682,1.6607510946330952,130.9960693359375,133.48142299673708,128.51071567513793,130.14560885500407,132.5637529658402,135.29098779019108,132.90116493652948,126.03692626953124
2018-01-05,129.73767072213013,130.17250538995012,129.14555753232514,129.99671936035156,2119400,0.0,0,0.0064467434559722925,1.67145753088442,130.9689811706543,133.48564697281515,128.45231536849346,130.14560885500407,132.24613476855154,135.10686593903165,132.90116493652948,126.1109619140625
2018-01-08,130.13546409749668,132.52242362341298,130.13546409749668,131.3844451904297,1882100,0.0,0,0.010675083470617075,1.6893004795442026,130.90495223999022,133.30710089063922,128.50280358934123,130.79460736348574,131.46365467810688,135.10686593903165,132.90116493652948,125.3430404663086
2018-01-09,131.4677928238951,131.60656387006586,130.32056707953427,130.49635314941406,1581600,0.0,0,-0.006759491503947945,1.6778816673051085,130.87200775146485,133.2776301644213,128.4663853385084,130.95427047536987,130.7778181682629,134.37960782466018,132.90116493652948,126.02769470214844
2018-01-10,129.90420585995705,130.0799918838769,125.85192296611338,127.31370544433594,3330500,0.0,0,-0.024388786569645382,1.6369601694320834,130.6072036743164,133.33720397972994,127.87720336890284,129.31209306510115,129.94430237836,134.368089723776,132.90116493652948,129.54339599609375
2018-01-11,127.67452608668422,127.68377278178384,124.44565074335344,124.8712387084961,3244000,0.0,0,-0.019184633165105214,1.6055556890756404,130.2451328277588,133.86685008639486,126.62341556912273,128.6089569537212,129.24116626698003,133.9147150118593,132.90116493652948,128.8217315673828
2018-01-12,125.25981158757656,125.3615817019814,122.62304942523691,123.04863739013672,3197300,0.0,0,-0.014595845586301226,1.5821212461576848,129.78180541992188,134.4565933004671,125.10701753937666,127.57273652432494,128.32986560792176,133.86177716470198,132.90116493652948,127.15641021728516
2018-01-16,123.27068313802826,127.67452395459917,123.27068313802826,125.48185729980467,3193900,0.0,0,0.019774456355442727,1.6134068336888485,129.44428100585938,134.33480018303015,124.55376182868861,127.57273652432494,128.32986560792176,133.86177716470198,132.90116493652948,128.5812225341797
2018-01-17,125.93520148902562,126.8973943361697,125.40785746770652,126.41629791259766,1999700,0.0,0,0.007446818471616989,1.6254215815001958,129.1939838409424,134.16657063716525,124.22139704471952,127.57273652432494,128.32986560792176,133.9262180743475,132.90116493652948,131.25498962402344
2018-01-18,126.36077984374543,126.4440424538383,124.63994864969852,125.07478332519533,3416400,0.0,0,-0.01061188003092628,1.6081728026776372,128.8729290008545,134.03714892109537,123.70870908061364,127.57273652432494,128.32986560792176,133.9262180743475,133.0332342782268,132.0598602294922
2018-01-19,125.73163040763713,127.37844540907906,124.66768181265816,127.32293701171876,3284700,0.0,0,0.01797447596353785,1.6370788660645816,128.70939140319825,133.85216178755664,123.56662101883987,127.57273652432494,128.32986560792176,133.76740897570318,133.0332342782268,130.17251586914062
2018-01-22,127.38770349222612,128.8217315673828,127.12865489869854,128.8217315673828,1826700,0.0,0,0.01177159898162028,1.6563499019771795,128.6976589202881,133.83825599495177,123.55706184562443,127.11480664765139,128.32525862983815,133.37616893048084,133.89397717793022,128.90501403808594
2018-01-23,129.07154859220523,130.85714907044215,128.78474573561465,130.63510131835938,2923400,0.0,0,0.014076582645747404,1.6796656482626369,128.80329399108888,134.0122631192559,123.59432486292187,126.74009924783954,128.05829367604355,133.03325067555886,133.91700550940232,125.24128723144533
2018-01-24,130.542561255146,132.00432939809687,130.45928454455102,131.15316772460938,3061500,0.0,0,0.003965751938198148,1.6863267855627593,128.88650245666503,134.18996975659053,123.58303515673953,127.3136894116669,127.9524348213005,133.03325067555886,134.00905715318578,123.97380828857422
2018-01-25,131.8008084122177,132.3559065074587,130.91263169590607,132.26339721679688,2409500,0.0,0,0.008465136690550379,1.7006017723074844,129.01371574401855,134.51160651044992,123.5158249775872,127.4894779663478,127.69765629466292,132.51081097405967,134.34968764042546,126.57356262207033
2018-01-26,132.42993319579344,134.28028856480947,132.15237706702283,134.2710418701172,2107900,0.0,0,0.01517914022750766,1.7264154450804878,129.17886085510253,135.0892424535928,123.26847925661225,128.77548585141886,128.4516689950232,132.82152584211252,134.34968764042546,128.48866271972656
2018-01-29,134.0581970384712,135.066651114089,132.9294795027822,133.53085327148438,3901700,0.0,0,-0.005512645082093037,1.7168983294675155,129.24454612731932,135.31728442034284,123.1718078342958,129.85329988189378,128.84485026966297,133.12531839122465,134.34968764042546,129.52488708496094
2018-01-30,133.11453977457586,134.76135455261536,132.15234729389266,134.2895050048828,2440000,0.0,0,0.005681471471286059,1.726652838345484,129.35926551818847,135.7186119130654,122.99991912331156,129.85329988189378,128.84485026966297,132.37274969835562,134.34968764042546,132.0598602294922
2018-01-31,134.53006192213957,137.70341392987064,134.3727834432255,136.64871215820312,3184700,0.0,0,0.017568067982933755,1.756986792792463,129.66318473815917,136.77055943786436,122.555810038454,131.1855478712644,130.16323167755377,132.04822844803232,134.34968764042546,132.83700561523438
2018-02-01,136.94478677910374,138.18452132497924,135.5755138220488,136.05661010742188,2351000,0.0,0,-0.004333023278666137,1.7493737281189843,129.912056350708,137.53593932504188,122.28817337637416,132.6565881118389,130.40378537510807,131.82958195842247,134.34968764042546,134.2247772216797
2018-02-02,135.48301163823484,135.7605677450034,133.4383629060331,134.3542938232422,2474600,0.0,0,-0.012511823444929626,1.7274858728935611,130.17156944274902,138.02828770285535,122.31485118264268,133.48463353029695,130.40378537510807,131.66848207800973,134.34968764042546,135.30723571777344
2018-02-05,133.35509473561132,135.3442208696527,131.16242840625253,131.41221618652344,3000900,0.0,0,-0.021897905552533903,1.6896575504056013,130.24234428405762,138.11716463940886,122.36752392870638,134.32190293476515,130.40378537510807,131.53499960111245,134.34968764042546,135.50152587890625
2018-02-06,129.78391426703092,131.53249938882573,127.33219924234956,129.68214416503906,3817000,0.0,0,-0.013165229776117227,1.6674128205115601,130.1572292327881,138.01745933223393,122.29699913334228,132.7583602836644,130.40378537510807,131.4820701737409,134.34968764042546,135.67727661132812
2018-02-07,129.386116067064,131.6805529712117,128.82175706579582,129.52488708496094,2245900,0.0,0,-0.0012126347932526205,1.6653908577106924,130.10865592956543,137.97194216528897,122.2453696938419,132.7583602836644,130.40378537510807,131.35468091042213,134.34968764042546,135.5847930908203
2018-02-08,129.41386562719697,130.38529095180496,123.47422628375548,123.57599639892578,3890100,0.0,0,-0.045928553345373824,1.588901864861429,129.92177047729493,138.2126780499068,121.63086290468306,130.82937380436738,130.40378537510807,131.35468091042213,134.34968764042546,134.2617645263672
2018-02-09,124.29762317848352,126.6845690973243,120.61540595964938,125.87042236328124,3977300,0.0,0,0.018566922632358374,1.6184028828567212,129.97172966003419,138.15037584527667,121.7930834747917,129.3999636423143,129.3999636423143,131.35468091042213,134.34968764042546,135.3627166748047
2018-02-12,126.74007020110548,126.96210376510724,123.8165059269842,126.03692626953124,3821000,0.0,0,0.0013228199534394136,1.6205437384828678,130.12114410400392,137.88256346782558,122.35972474018226,129.3999636423143,129.3999636423143,131.35468091042213,134.34968764042546,131.68052673339844
2018-02-13,125.85191330409748,126.6753208394343,124.76945715879556,126.1109619140625,3710300,0.0,0,0.000587412330041559,1.6214956658562243,130.1525993347168,137.84255586706968,122.4626428023639,129.3999636423143,129.3999636423143,131.1958718117778,134.34968764042546,132.3096466064453
2018-02-14,124.9267134256238,125.73161331208694,122.69703232088544,125.3430404663086,4829300,0.0,0,-0.0060892521641155994,1.6116219698638052,130.09893646240235,137.90779360306453,122.29007932174017,128.1879868523264,129.3999636423143,131.1291310207963,134.34968764042546,131.62503051757812
2018-02-15,125.41707409368249,126.6845628972731,123.0856225722333,126.02769470214844,3223300,0.0,0,0.005462243721651827,1.62042504185037,130.14658203125,137.84181903746364,122.45134502503639,127.97981341465103,129.3999636423143,130.8660443218164,134.34968764042546,134.34503173828125
2018-02-16,125.69465306435376,130.49632797488667,125.6391446565938,129.54339599609375,3024700,0.0,0,0.02789625964558229,1.6656288395540315,130.25760498046876,137.84893825466506,122.66627170627247,126.14797946543055,129.3999636423143,129.62819772173057,134.39991327722842,133.65115356445312
2018-02-20,128.7477156667907,130.1724829311924,128.29437356957266,128.8217315673828,2220500,0.0,0,-0.005570831482082594,1.6563499019771792,130.25760498046876,137.84893825466506,122.66627170627247,126.14797946543055,129.3999636423143,128.9250616103506,133.69677716584846,133.5031280517578
2018-02-21,128.99750458628776,129.7561569862249,127.06388681145732,127.15641021728516,2811400,0.0,0,-0.012927332444887862,1.6349377161492629,130.08367042541505,137.7922195327484,122.37512131808171,125.55586696726803,129.3999636423143,127.95130106612335,132.7854765067902,134.46533203125
2018-02-22,127.63755122621336,129.96898940517153,126.96216118468917,128.5812225341797,3075900,0.0,0,0.01120519456675284,1.653257511363238,129.95507316589357,137.67388131446998,122.23626501731715,125.55586696726803,129.3999636423143,127.95130106612335,132.7854765067902,133.06829833984375
2018-02-23,129.15484586783288,131.25498962402344,128.479455808386,131.25498962402344,1925000,0.0,0,0.020794382236745346,1.6876359799902956,129.90465278625487,137.57498765896528,122.23431791354444,126.97601097245445,129.3999636423143,127.95130106612335,132.7854765067902,130.838623046875
2018-02-26,131.50474800364245,132.25413962657638,131.44923960447554,132.0598602294922,2214100,0.0,0,0.006132114350656526,1.6979847568018784,129.79409370422363,137.26864710233193,122.31954030611531,127.47558597373092,129.3999636423143,127.95130106612335,132.7854765067902,132.3466796875
2018-02-27,132.0413790099791,132.2911809730494,125.64839691423222,130.17251586914062,4572500,0.0,0,-0.014291582295117955,1.6737178679141886,129.62617683410645,136.90358275018198,122.34877091803091,127.49410664696742,129.3999636423143,127.95130106612335,132.7854765067902,133.29957580566406
2018-02-28,130.73686197966032,131.02366481549717,128.88650653081177,128.90501403808594,4015600,0.0,0,-0.0097370925236544,1.6574207221758146,129.3569522857666,136.31222005517478,122.40168451635843,127.68840177264136,129.3999636423143,127.72003263874477,132.7854765067902,131.5232391357422
2018-03-01,128.59968643790396,129.17329203260425,124.8157134408902,125.24128723144533,3178000,0.0,0,-0.028421910768793968,1.6103136583037836,128.7865810394287,135.09012535766064,122.48303672119678,128.5534472069698,129.3999636423143,127.39919646194154,132.7854765067902,132.47622680664062
2018-03-02,124.55667474053438,124.66769154392072,122.14196044724493,123.97380828857422,3224600,0.0,0,-0.010120296356654457,1.5940168068545808,128.18244094848632,133.86184519400163,122.50303670297099,127.21657071014715,129.3999636423143,127.6330621164837,132.7854765067902,127.78872680664062
2018-03-05,123.29843967871862,126.971396385725,123.29843967871862,126.57356262207033,2486100,0.0,0,0.020970190150524814,1.6274436423974536,127.79340438842773,132.73963710734208,122.84717166951339,127.21657071014715,129.3999636423143,127.59356713050536,131.74059710379183,130.1324462890625
2018-03-06,126.4995225160712,129.92267662920548,126.01844035415722,128.48866271972656,3144500,0.0,0,0.01513033257485552,1.6520674059537614,127.6472267150879,132.3193475701918,122.975105859984,127.21657071014715,129.3999636423143,128.61357742322105,131.6439743038894,128.70018005371094
2018-03-07,127.6652848596801,130.30203301936854,127.33222029963508,129.52488708496094,2750000,0.0,0,0.008064714374798276,1.6653908577106924,127.63936386108398,132.29812550193193,122.98060222023602,127.21657071014715,129.3999636423143,129.3490750757784,131.6439743038894,129.18380737304688
2018-03-08,129.9967039465199,132.18012372199038,129.62663854068026,132.0598602294922,3025500,0.0,0,0.019571321014689946,1.6979847568018782,127.76611251831055,132.75321726380855,122.77900777281255,127.21657071014715,129.3999636423143,129.3490750757784,130.80163689055973,128.8303985595703
2018-03-09,131.99509058506362,133.52164214258588,131.86556628173662,132.83700561523438,2172300,0.0,0,0.005884796367281231,1.707977051330405,128.229162979126,133.2940813098703,123.16424464838165,127.83180129491541,129.3999636423143,130.67438977440906,130.43339318824087,131.15548706054688
2018-03-12,132.58720880319325,134.7983828560381,132.58720880319325,134.2247772216797,2443000,0.0,0,0.01044717622185054,1.7258205885685303,128.6468807220459,134.22281790403892,123.07094354005287,128.47017165164152,128.1879868523264,131.53018674347348,130.43339318824087,130.03016662597656
2018-03-13,134.44682725146413,138.8876688223746,134.44682725146413,135.30723571777344,2159100,0.0,0,0.008064520712938172,1.7397385044518563,129.11039619445802,135.25972020037406,122.96107218854199,130.51481463480977,129.751537391012,131.94420945270252,130.40378537510807,127.8073272705078
2018-03-14,135.5385267736727,136.29717922874593,134.69661171755698,135.50152587890625,2467400,0.0,0,0.0014359184865624375,1.7422366271321832,129.5799243927002,136.16493967342603,122.9949091119744,130.51481463480977,129.751537391012,132.36284415493662,130.40378537510807,127.06331634521484
2018-03-15,135.98258688461632,136.39891394197718,134.99265428676227,135.67727661132812,2142800,0.0,0,0.0012970387697253116,1.7444963755836091,130.09663619995118,136.8914997138215,123.30177268608085,131.0930542505466,129.751537391012,131.58107282938624,130.40378537510807,128.5327911376953
2018-03-16,135.41825376598112,136.1861529415875,134.49307607736017,135.5847930908203,4063100,0.0,0,-0.0006816434027692164,1.7433072511380379,130.57449111938476,137.50191510580967,123.64706713295985,132.4530545882659,129.751537391012,131.58107282938624,130.40378537510807,127.37952423095705
2018-03-19,135.31646639215478,135.64953088225027,133.24407766897323,134.2617645263672,2581700,0.0,0,-0.009757942128265862,1.7262961598696467,130.81040954589844,137.90252783037994,123.71829126141694,133.10994456100485,129.751537391012,130.61657958973774,130.40378537510807,126.23553466796876
2018-03-20,134.50230838294476,136.63020532211635,134.50230838294476,135.3627166748047,2491100,0.0,0,0.008200042300362309,1.7404518614035307,131.13745880126953,138.43513375173964,123.83978385079942,134.25715368152743,130.51481463480977,129.3999636423143,129.3999636423143,127.2679214477539
2018-03-21,135.82531834146687,135.82531834146687,131.54174162606256,131.68052673339844,2422300,0.0,0,-0.027202393922488577,1.6931074042665033,131.3636646270752,138.42796381474082,124.29936543940957,135.21470522421856,130.51481463480977,129.3999636423143,129.3999636423143,125.77984619140624
2018-03-22,131.25494468231693,134.32654116277968,130.70909327357728,132.3096466064453,2454100,0.0,0,0.0047776226952720435,1.70119643262666,131.5500858306885,138.50561440684268,124.5945572545343,134.79838104797594,130.51481463480977,129.3999636423143,129.3999636423143,126.82149505615234
2018-03-23,132.2818987549819,134.00272977872586,131.29196599307636,131.62503051757812,2228600,0.0,0,-0.005174347497908238,1.6923938511220478,131.5685878753662,138.52283277342474,124.61434297730769,134.79838104797594,130.51481463480977,128.79397524732036,129.3999636423143,125.64965057373048
2018-03-26,133.43834761890406,134.62257369616364,131.9395645779855,134.34503173828125,2172600,0.0,0,0.020664771814354,1.7273667838755007,131.68284645080567,138.7410713112293,124.62462159038203,133.66964929784683,130.51481463480977,128.68988852848267,129.3999636423143,126.92378997802734
2018-03-27,134.2802675150952,136.13986928729318,132.2726339484795,133.65115356445312,3043200,0.0,0,-0.005164896422666931,1.7184451133528285,131.85677833557128,138.9291413959126,124.78441527522993,133.66964929784683,130.51481463480977,127.77397155387243,129.3999636423143,127.95613861083984
2018-03-28,133.51237474543564,135.27022062340836,133.28108034968315,133.5031280517578,2423100,0.0,0,-0.001107551328570655,1.7165418471844587,132.0866840362549,139.05740472760843,125.11596334490135,133.66964929784683,130.51481463480977,127.77397155387243,129.3999636423143,129.13731384277344
2018-03-29,133.96574225318446,134.909427519633,132.8647784618432,134.46533203125,2978300,0.0,0,0.007207351569463949,1.728913567760814,132.54788627624512,138.82485168762105,126.27092086486918,133.66964929784683,130.51481463480977,127.47791530479117,129.3999636423143,128.4769744873047
2018-04-02,134.82613016521103,135.99186299750463,132.1061057126462,133.06829833984375,2705400,0.0,0,-0.01038954554532745,1.7109509415046285,133.0026107788086,137.87651886578615,128.12870269183102,133.66964929784683,130.51481463480977,127.47791530479117,129.3999636423143,127.42603302001952
2018-04-03,133.30884570622726,134.03048315201147,129.88569118597815,130.838623046875,3442400,0.0,0,-0.016755871389249832,1.682282467575461,133.21586380004882,137.23592274969315,129.1958048504045,133.01278023663565,130.51481463480977,128.1879873073844,129.3999636423143,128.30030822753906
2018-04-04,130.43155497275228,132.80926856154431,129.74693247410562,132.3466796875,1956500,0.0,0,0.011526081561441748,1.7016725925061194,133.4087646484375,136.8212328094018,129.99629648747322,132.94340088069941,130.51481463480977,128.4377748080226,129.3999636423143,130.10455322265625
2018-04-05,132.300382412276,134.7150962503584,132.16161143420337,133.29957580566406,2013400,0.0,0,0.007200000184470534,1.7139246354860718,133.59749908447264,136.50496857199872,130.69002959694657,132.94340088069941,130.51481463480977,128.44703514464086,129.3999636423143,129.14659118652344
2018-04-06,132.77222031278305,133.59562773779703,130.8848643906133,131.5232391357422,1527400,0.0,0,-0.013325898894919086,1.6910850490800733,133.57066802978517,136.54427788583644,130.5970581737339,132.94340088069941,130.51481463480977,128.54418270747783,129.3999636423143,128.61648559570312
2018-04-09,131.7083274495209,134.16004325705805,131.7083274495209,132.47622680664062,1829700,0.0,0,0.007245774033248109,1.7033382692167118,133.55262908935546,136.54835804430653,130.5569001344044,132.94340088069941,130.51481463480977,128.97670542464203,129.3999636423143,127.13772583007812
2018-04-10,133.4620313780242,134.09445788556388,125.68682117747338,127.78872680664062,6140200,0.75,0,-0.03538370704686333,1.6430678468970366,133.2308265686035,137.12717587001697,129.33447726719004,130.839342087489,131.0930542505466,128.30826717623074,129.3999636423143,126.92378997802734
2018-04-11,126.82147432547283,131.78793227085734,126.80286937303116,130.1324462890625,2807600,0.0,0,0.018340580902478143,1.6732026656713122,132.97208709716796,136.96959856897197,128.97457562536394,130.839342087489,132.28724499992398,128.30826717623074,129.3999636423143,127.27722930908205
2018-04-12,130.9508968414193,130.9508968414193,127.97474299781408,128.70018005371094,2805000,0.0,0,-0.01100621924965639,1.6547870302838241,132.63201980590821,136.86387807773835,128.40016153407808,130.839342087489,132.28724499992398,128.30826717623074,129.3999636423143,127.4632339477539
2018-04-13,129.18380737304688,130.59748590269564,128.4583702493347,129.18380737304688,1460400,0.0,0,0.0037577827718198176,1.6610053604772557,132.30734634399414,136.55133055214998,128.0633621358383,130.2009587139159,132.28724499992398,128.30826717623074,129.3999636423143,127.77017211914062
2018-04-16,130.01155063689632,130.24406289972114,128.30026378844704,128.8303985595703,2073200,0.0,0,-0.002735705199151006,1.6564613394767804,131.96962661743163,136.19131362514247,127.7479396097208,130.2009587139159,132.28724499992398,128.30826717623074,129.3999636423143,127.55621337890624
2018-04-17,129.52790164427853,132.13204114859158,128.64435811373085,131.15548706054688,2734500,0.0,0,0.01804766985876749,1.6863566068654692,131.81431274414064,135.9127061682033,127.71591932007797,130.2009587139159,132.28724499992398,128.61588246861487,129.3999636423143,127.25861358642578
2018-04-18,130.96021575620043,131.27642905453496,129.89996031540215,130.03016662597656,1773400,0.0,0,-0.008580048458443956,1.6718875854603463,131.5476852416992,135.3696163745836,127.72575410881485,129.9234322172657,132.28724499992398,128.32907925198396,129.3999636423143,126.02165222167967
2018-04-19,129.43491296184524,129.84413677772315,127.11908592640216,127.8073272705078,2553000,0.0,0,-0.01709479740853226,1.6433070058970616,131.3540252685547,135.51102147266275,127.19702906444664,129.9234322172657,131.15851324979485,130.1331760129109,129.751537391012,126.7936019897461
2018-04-20,127.38883923969024,129.18382737225744,126.70990730165738,127.06331634521484,2659300,0.0,0,-0.005821347971061375,1.6337407439924518,131.09170875549316,135.62382391503093,126.55959359595539,129.89063953151862,131.15851324979485,130.1331760129109,129.751537391012,126.45877838134766
2018-04-23,127.69575256984824,128.71879813150312,127.2121230328088,128.5327911376953,1911300,0.0,0,0.01156490193037385,1.6526347954763805,130.937096786499,135.59647883735525,126.27771473564277,129.4209742251245,131.15851324979485,130.4222958207793,129.751537391012,128.1886444091797
2018-04-24,129.01640545131377,129.4256293042585,126.63548215209588,127.37952423095705,2430000,0.0,0,-0.00897255009037179,1.6378064469928773,130.5888214111328,135.21808583801084,125.95955698425479,129.38376165034373,131.15851324979485,131.10229598963895,129.751537391012,128.69090270996094
2018-04-25,126.62615350746836,127.37019547426677,125.89142111228531,126.23553466796876,1511900,0.0,0,-0.008980953335279152,1.623097383720215,130.2180404663086,134.99399699516792,125.44208393744925,129.01173113043845,131.15851324979485,131.43074097600842,129.751537391012,128.8303985595703
2018-04-26,126.7843061107418,128.07707385313043,126.40298255579386,127.2679214477539,1794500,0.0,0,0.008178258067354616,1.6363714929927269,129.9062801361084,134.59610252939024,125.21645774282653,129.01173113043845,130.91334523238328,132.38598415816858,129.751537391012,130.2626953125
2018-04-27,125.32411702060082,126.30996680223166,124.18945597608376,125.77984619140624,2311000,0.0,0,-0.011692461379268715,1.6172382825087732,129.4720058441162,133.99661330126085,124.94739838697157,128.1607485623377,130.1646626316885,132.86475992951415,129.751537391012,129.19309997558594
2018-04-30,125.51012242735386,128.1049673474379,125.10089855526728,126.82149505615234,2548600,0.0,0,0.008281524395895357,1.6306314807993456,129.15966567993163,133.50512504278905,124.81420631707422,127.73294251530936,130.1646626316885,132.65659784139285,129.751537391012,129.3140411376953
2018-05-01,127.4818486035478,128.96062340179904,124.4870890924466,125.64965057373048,3249700,0.0,0,-0.009240109351360437,1.6155642676049888,128.9002170562744,133.43142877057358,124.36900534197525,127.01679637690346,130.1646626316885,132.65659784139285,129.751537391012,128.51414489746094
2018-05-02,124.98928632742836,128.09564662585197,124.98928632742836,126.92378997802734,2362800,0.0,0,0.010140413431147577,1.6319467572030926,128.6290725708008,132.94448224185265,124.31366289974893,126.80754264017114,130.1646626316885,132.0922319663283,129.751537391012,128.88621520996094
2018-05-03,126.2820476315892,128.30956175963195,125.59380628694696,127.95613861083984,1858600,0.0,0,0.00813361020019343,1.6452203759936523,128.36190071105958,132.10558750318478,124.61821391893436,126.80754264017114,130.0906594867942,132.0922319663283,129.751537391012,129.87205505371094
2018-05-04,127.59342904283936,129.92784700556714,127.59342904283936,129.13731384277344,1729800,0.0,0,0.009231094691955155,1.6604075610735838,128.24260444641112,131.71514197802304,124.7700669147992,127.05865149082545,130.0906594867942,132.0922319663283,129.751537391012,131.2671356201172
2018-05-07,129.04430497231735,130.01154973473092,127.71434165007088,128.4769744873047,1532400,0.0,0,-0.005113466710889747,1.6519171222835243,128.04264183044432,130.9208317313397,125.16445192954897,127.10050285540734,130.0906594867942,132.0922319663283,129.751537391012,126.91451263427734
2018-05-08,128.1328794792042,128.3746871570481,126.34718675689558,127.42603302001952,3069700,0.0,0,-0.008179998567673485,1.6384044425893298,128.02450714111328,130.9135355667972,125.13547871542933,127.10050285540734,129.4522761132211,132.0922319663283,129.751537391012,128.67230224609375
2018-05-09,127.56557546675072,128.55142553196706,126.6727218240219,128.30030822753906,1661400,0.0,0,0.006861040768507465,1.649645602265239,127.9329002380371,130.6586148325917,125.20718564348252,127.10050285540734,129.4522761132211,131.76379743572272,129.751537391012,128.86756896972656
2018-05-10,129.17450422851576,131.1462035548387,128.7001843504158,130.10455322265625,1801900,0.0,0,0.01406267077642065,1.6728440252676653,128.00311889648438,130.8743712219575,125.13186657101127,127.81664632364266,129.4522761132211,131.7291077577546,129.751537391012,129.27911376953125
2018-05-11,130.20684636786208,130.60676058411033,128.71876244708994,129.14659118652344,1197800,0.0,0,-0.007363016992137039,1.6605268462844245,128.0012580871582,130.86946087858533,125.13305529573104,127.81664632364266,129.17474961657092,131.7291077577546,129.751537391012,130.0740509033203
2018-05-14,129.09081972585565,129.6767410168923,127.86314808478237,128.61648559570312,1142800,0.0,0,-0.004104681245939323,1.653710912880102,127.99056243896484,130.84777338131624,125.13335149661344,128.06774494113353,129.17474961657092,131.7291077577546,129.751537391012,131.4394989013672
2018-05-15,127.71436599798214,128.23519129176003,125.8077622542828,127.13772583007812,2607800,0.0,0,-0.011497435641908083,1.6346974780889418,127.7896743774414,130.263990585278,125.31535816960479,128.37000492089282,129.14195693082382,131.7291077577546,129.751537391012,132.50570678710938
2018-05-16,127.2772131443298,127.7329280783285,126.38435984735268,126.92378997802734,1839900,0.0,0,-0.0016827094448480517,1.6319467572030923,127.63435554504395,129.90621149490823,125.36249959517966,128.47698290456077,128.1607485623377,130.9661981690178,129.751537391012,133.57188415527344
2018-05-17,127.4167310022231,127.81664531684314,126.51458220944822,127.27722930908205,1820400,0.0,0,0.0027846578731685057,1.6364911705891299,127.60785064697265,129.88342230664625,125.33227898729905,128.47698290456077,128.1607485623377,131.5632935437065,129.751537391012,132.94528198242188
2018-05-18,127.156316037077,128.96061358937104,126.47738415726498,127.4632339477539,3562500,0.0,0,0.0014614133233539217,1.6388827605893799,127.6278465270996,129.89078386135418,125.36490919284502,128.47698290456077,128.1607485623377,131.5632935437065,129.751537391012,133.89923095703125
2018-05-21,128.01197981827994,128.0863854621902,126.70991652841369,127.77017211914062,1266900,0.0,0,0.0024080525958767307,1.6428292764753547,127.58971557617187,129.81536683698613,125.3640643153576,128.47698290456077,128.1607485623377,131.24410185691994,129.751537391012,134.06756591796875
2018-05-22,127.97474677779591,127.97474677779591,126.36575180630156,127.55621337890624,2169100,0.0,0,-0.0016745593802196534,1.6400782613003335,127.59855003356934,129.82217366433633,125.37492640280234,128.47698290456077,128.1607485623377,131.24410185691994,129.751537391012,134.91864013671875
2018-05-23,127.57482685840868,127.90964508504418,126.67267814195806,127.25861358642578,1772500,0.0,0,-0.0023330873863152135,1.636251815396324,127.64970397949219,129.79018409438586,125.5092238645985,128.20726141919658,127.73294251530936,131.24410185691994,129.751537391012,134.83448791503906
2018-05-24,127.36092518750456,127.91894612898297,125.61242834974178,126.02165222167967,1729800,0.0,0,-0.009720060040619871,1.6203473495090983,127.58739051818847,129.8395886280681,125.33519240830884,127.64458468331704,127.66782976546124,131.10533860859485,129.751537391012,135.30206298828125
2018-05-25,126.22627144207787,128.05846939808384,126.15186580730229,126.7936019897461,1484600,0.0,0,0.006125532830727476,1.6302728403956985,127.63807830810546,129.76617832032747,125.50997829588346,127.2865209695564,127.66782976546124,130.54097273353028,129.751537391012,133.7682647705078
2018-05-29,126.20766114852708,127.1842155504532,125.4357186857254,126.45877838134766,2295400,0.0,0,-0.0026406979780061457,1.6259677822024672,127.61994247436523,129.78185197645467,125.4580329722758,127.19816613754821,127.66782976546124,130.52457639065673,129.751537391012,136.2373504638672
2018-05-30,126.43085251717795,128.6164589653933,126.13323005075088,128.1886444091797,1848100,0.0,0,0.013679287827812692,1.648209863493965,127.7468921661377,129.71898874026792,125.77479559200748,127.19816613754821,127.66782976546124,130.28974373745967,129.751537391012,136.3682403564453
2018-05-31,127.64925215169112,128.87692390230154,126.46808569916588,128.69090270996094,4514500,0.0,0,0.003918118512729052,1.6546677450729834,127.83524780273437,129.81029102012798,125.86020458534077,127.19816613754821,127.66782976546124,130.2711374500693,129.751537391012,132.9733428955078
2018-06-01,128.53277605127187,129.1001065402213,127.27721834687124,128.8303985595703,1623700,0.0,0,0.0010839604561929672,1.6564613394767804,127.8789608001709,129.90142145801465,125.85650014232714,127.26791261297336,127.66782976546124,130.08512219011664,129.751537391012,134.2452850341797
2018-06-04,129.73257462105457,130.4394069401236,129.0815287947729,130.2626953125,1246400,0.0,0,0.011117692477427221,1.6748773672498305,127.93522987365722,130.15023896599334,125.7202207813211,127.93756281292451,127.66782976546124,129.96253818141088,130.51481463480977,134.12368774414062
2018-06-05,130.26265056606184,130.59746874774984,128.1142398133223,129.19309997558594,2565200,0.0,0,-0.00821106406825145,1.6611248418808777,127.97103614807129,130.24296318419877,125.69910911194381,128.01659371673762,127.81664632364266,129.1627055970131,130.51481463480977,134.45101928710938
2018-06-06,129.62095909236396,129.7604749943544,127.95617718344349,129.3140411376953,1347000,0.0,0,0.0009361271006906868,1.6626798658629929,128.06543655395507,130.3957245228197,125.73514858509043,128.01659371673762,127.81664632364266,128.94880257349894,130.51481463480977,133.9553680419922
2018-06-07,129.3419020081342,129.60231455409593,127.96541947500016,128.51414489746094,1493000,0.0,0,-0.006185687441185417,1.6523950478980123,128.07612838745118,130.41265030921338,125.73960646568896,128.01659371673762,128.06774494113353,128.59072950429598,130.51481463480977,132.5805206298828
2018-06-08,128.88621520996094,129.50934644860993,128.17938295226,128.88621520996094,3537400,0.0,0,0.0028951701215214065,1.6571790126696366,128.0152114868164,130.19353735879022,125.83688561484261,128.01659371673762,128.29096112028205,128.4861026359298,130.51481463480977,132.9639892578125
2018-06-11,128.81179965310403,130.80210414867918,128.42118073618812,129.87205505371094,1475100,0.0,0,0.007648916077984236,1.6698546358637434,128.05148468017578,130.3270283642406,125.77594099611096,128.46766709971502,128.29096112028205,128.44910106348266,130.51481463480977,132.22515869140625
2018-06-12,128.88621208203944,131.36944159361695,128.34678187553374,131.2671356201172,2940900,0.0,0,0.010741961123424737,1.6877921494439623,128.18401718139648,130.85483139315264,125.51320296964035,128.91876364639143,128.4025801396712,128.57465548880984,130.51481463480977,132.49636840820312
2018-06-13,130.82071620694242,130.82071620694242,126.51458412218736,126.91451263427734,2270400,0.0,0,-0.03315851271742676,1.6318274719922516,128.17285652160643,130.86307210275717,125.4826409404557,128.94201285790217,128.4025801396712,128.59558117110078,130.51481463480977,131.28988647460938
2018-06-14,127.22141368887988,129.2117182506684,126.95170568659256,128.67230224609375,2103500,0.0,0,0.013850186045166746,1.6544285860729584,128.26028213500976,130.89492408390885,125.62564018611066,128.94201285790217,128.4025801396712,128.27638948431422,130.51481463480977,131.72010803222656
2018-06-15,128.997775243681,130.39284854665826,128.57925609107173,128.86756896972656,3087800,0.0,0,0.0015175505545812484,1.6569392650912684,128.33979911804198,130.9465100698583,125.73308816622564,128.94201285790217,128.4025801396712,128.27638948431422,130.51481463480977,132.40281677246094
2018-06-18,128.43739766643,129.38199145064172,127.8856056817141,129.27911376953125,1497800,0.77,0,0.003193548253411782,1.66223078058731,128.43059310913085,131.03532829613974,125.82585792212197,128.94201285790217,128.4025801396712,128.63446121843188,130.51481463480977,133.68411254882812
2018-06-19,128.6992377663321,131.21505247647687,128.57765118650752,130.0740509033203,2741700,0.0,0,0.006148998941980732,1.6724518358984692,128.54578704833983,131.22700020500773,125.86457389167194,128.94201285790217,128.4025801396712,128.4956979701068,130.51481463480977,135.15245056152344
2018-06-20,129.97116974086222,131.86971844633948,129.48483770539897,131.4394989013672,2178400,0.0,0,0.01049746654743422,1.6900083430980084,128.73995132446288,131.66082553852456,125.81907711040118,129.19215128426342,128.65271856603243,128.62124727885222,130.51481463480977,135.03089904785156
2018-06-21,131.54240410997758,132.63665498664955,131.25248000123105,132.50570678710938,1940800,0.0,0,0.008111776860487474,1.7037173136695816,129.00230598449707,132.26983212204127,125.73477984695288,129.57561955441844,129.03618683618748,128.75598092585832,130.51481463480977,133.47836303710938
2018-06-22,133.16037349767956,134.0582019590425,131.766851365505,133.57188415527344,2543700,0.0,0,0.008046275092717714,1.7174258918555931,129.37981758117675,132.91903253714625,125.84060262520725,130.28639304061494,129.74696032238396,128.31886573344923,131.0930542505466,138.6409149169922
2018-06-25,133.32873646580828,133.7963597077735,132.1783872863779,132.94528198242188,2174200,0.0,0,-0.004691123261562735,1.7093692353042993,129.68740158081056,133.342735014778,126.03206814684313,130.28639304061494,129.74696032238396,128.31886573344923,131.5385623992292,140.44593811035156
2018-06-26,133.25390863081492,134.15175149136113,132.76759075746685,133.89923095703125,3052500,0.0,0,0.007175500780354893,1.7216348155861398,130.05942420959474,133.83843407288452,126.28041434630495,130.55172858897686,129.79373508854326,128.31886573344923,131.5385623992292,138.6128692626953
2018-06-27,134.03950966997712,134.85316940318717,133.6654025788781,134.06756591796875,2147700,0.0,0,0.0012571764582540723,1.7237992143460052,130.35337028503417,134.41195414161416,126.2947864284542,131.36938754245062,130.1444440444563,128.31886573344923,131.5385623992292,141.21286010742188
2018-06-28,134.06757676093065,135.05893565874993,133.34743303920766,134.91864013671875,2110300,0.0,0,0.006348099280557795,1.7347420628984211,130.66475715637208,135.1071854362897,126.22232887645443,131.472270670232,130.24732717223768,128.31886573344923,131.5385623992292,141.13803100585938
2018-06-29,134.1424003587351,135.61074423244332,133.41290922107407,134.83448791503906,1995800,0.0,0,-0.0006237256882697384,1.7336600597112695,130.9649616241455,135.6772634670406,126.2526597812504,132.09419770947542,130.52323145908437,127.97010196725297,131.5385623992292,140.31500244140625
2018-07-02,134.9840827124307,135.3581754756991,133.4689884692522,135.30206298828125,1559500,0.0,0,0.0034677706013672704,1.7396719950991009,131.21693000793456,136.28177112282728,126.15208889304185,132.54779096892116,130.52323145908437,127.65620722438914,131.5385623992292,139.65101623535156
2018-07-03,135.32077690983675,135.64810452211532,133.51574429706886,133.7682647705078,1669600,0.0,0,-0.01133610370675786,1.7199508929469152,131.44568824768066,136.5377380322461,126.35363846311525,133.45029226167318,130.54191160392037,127.47717536750882,130.40983064910006,140.82005310058594
2018-07-05,134.46038789361754,136.27476831397072,134.1049896712762,136.2373504638672,1512400,0.0,0,0.01845793318464084,1.7516976316097927,131.79185371398927,137.19258927809503,126.39111814988351,134.02080983973786,131.2039991823608,127.43299795150472,130.40983064910006,139.52003479003906
2018-07-06,136.11571989734975,136.85457235562689,135.52652452042526,136.3682403564453,1376600,0.0,0,0.0009607489585818918,1.7533805732851122,132.18455848693847,137.7168856480958,126.65223132578114,134.5164798210024,131.6613290273964,127.43299795150472,130.40983064910006,139.36109924316406
2018-07-09,135.45175472722002,135.6294538487111,132.54313748943082,132.9733428955078,2334400,0.0,0,-0.024895074190762978,1.7097300338285368,132.38891487121583,137.71469502854092,127.06313471389073,134.69885492252885,131.68457823890714,127.43299795150472,130.40983064910006,139.45457458496094
2018-07-10,132.337388329609,134.71290831449633,130.15826213084586,134.2452850341797,3775300,0.0,0,0.0095653919122074,1.7260842716661784,132.60757637023926,137.8598682806508,127.35528445982771,133.50641724323637,131.68457823890714,127.4678711892173,130.40983064910006,139.85678100585938
2018-07-11,133.72152437707385,135.0402252073202,133.45965653045113,134.12368774414062,1250400,0.0,0,-0.0009057844378527191,1.7245208113944808,132.75040397644042,138.00450135677937,127.49630659610146,133.50641724323637,131.68457823890714,127.80269628919288,130.1646626316885,140.0250701904297
2018-07-12,134.2733344559295,135.3769183740728,133.8057112491106,134.45101928710938,1504600,0.0,0,0.002440520004141078,1.7287295389322466,133.12722930908203,137.6802490525518,128.57420956561225,133.50641724323637,131.68457823890714,127.91662002019014,130.1646626316885,141.38124084472656
2018-07-13,134.4604092033313,135.2553602599121,133.67479120466277,133.9553680419922,953700,0.0,0,-0.003686481870834757,1.7223566088273963,133.39138259887696,137.46247110515938,129.32029409259454,133.50641724323637,131.68457823890714,127.91662002019014,130.1646626316885,141.0258026123047
2018-07-16,133.08556166264663,133.6934660964888,132.06614654158275,132.5805206298828,1644500,0.0,0,-0.010263473813743595,1.704679246874768,133.57703018188477,137.10258631273467,130.05147405103486,133.50641724323637,131.68457823890714,128.04216932893559,130.1646626316885,139.61355590820312
2018-07-17,132.6179526296858,133.0481580153468,131.7855838401466,132.9639892578125,2995100,0.0,0,0.0028923451658497967,1.7096097676537907,133.76127395629882,136.6995390786672,130.82300883393046,133.50641724323637,131.68457823890714,128.15377741850983,130.1646626316885,138.5193328857422
2018-07-18,132.96399716938367,133.24457398192135,131.542418451061,132.22515869140625,2046400,0.0,0,-0.005556621537382456,1.7001101131983263,133.86882934570312,136.38176172132705,131.3558969700792,133.50641724323637,131.68457823890714,128.37931410999852,130.0906594867942,137.8366241455078
2018-07-19,131.85104604735932,133.31938988530584,131.64529067808363,132.49636840820312,1505900,0.0,0,0.0020511203728621474,1.7035972436876163,133.92167282104492,136.264991053307,131.57835458878284,132.8938579897785,131.68457823890714,128.6606718930313,130.0906594867942,138.4725799560547
2018-07-20,132.16902032220474,132.82368990954384,131.0467132916501,131.28988647460938,1786500,0.0,0,-0.009105773600350697,1.6880846728804155,133.86088180541992,136.40474488693928,131.31701872390056,132.76759025245934,131.90313902110972,128.6722964987867,130.0906594867942,138.7624969482422
2018-07-23,131.66399552792998,131.8416946386881,130.39205977120344,131.72010803222656,1457900,0.0,0,0.0032768826995701605,1.693616328340387,133.76829299926757,136.47869944095325,131.0578865575819,132.88448907263813,132.37008901867048,128.6722964987867,129.4522761132211,140.3804931640625
2018-07-24,131.34598395681826,132.50568015875177,129.54095129658054,132.40281677246094,3230400,0.0,0,0.0051830259664480405,1.7023943857473756,133.74116973876954,136.49496041949834,130.98737905804074,132.45893483532666,132.37008901867048,128.6722964987867,129.4522761132211,140.70782470703125
2018-07-25,132.0941966436942,134.06756696868746,131.98195738012168,133.68411254882812,1572200,0.0,0,0.009677254665730661,1.718868889759763,133.73041381835938,136.48332176275477,130.977505873964,132.39815577824632,132.7161117710672,128.6722964987867,129.4522761132211,139.2956085205078
2018-07-26,133.89922382500993,135.46108358243688,133.58124347766665,135.15245056152344,1619000,0.0,0,0.01098363885356246,1.7377483248815082,133.7846580505371,136.60467322699452,130.9646428740797,132.5010174395087,133.16970503051294,128.6722964987867,129.17474961657092,139.4639434814453
2018-07-27,135.64815091409045,135.74168127571463,134.6567918720845,135.03089904785156,1424800,0.0,0,-0.000899365961674059,1.7361854531881538,133.79027099609374,136.61982634555318,130.9607156466343,132.64131628614757,133.19776182610372,128.9224349251479,129.17474961657092,138.5567626953125
2018-07-30,134.70353349820897,135.18986560629978,132.74887201033667,133.47836303710938,1963200,0.0,0,-0.011497635146397234,1.716223426300914,133.72246475219725,136.51298379839156,130.93194570600295,132.64131628614757,133.19776182610372,129.30590319530296,129.14195693082382,138.04238891601562
2018-07-31,137.3502704724879,141.05385205332703,136.1718652866747,138.6409149169922,3924400,0.0,0,0.038677069169986256,1.7826019184711053,133.8894073486328,137.36230296686804,130.41651173039756,135.2974016749538,135.2974016749538,130.01667668149946,129.12382896756313,138.50064086914062
2018-08-01,138.10782231120996,140.74522378259033,137.71502056944132,140.44593811035156,2766300,0.0,0,0.013019412014412035,1.805810347305362,134.223291015625,138.72873021508912,129.71785181616087,135.2974016749538,135.2974016749538,130.01667668149946,129.12382896756313,137.06036376953125
2018-08-02,140.0905459529142,140.62364322793997,138.5473951675615,138.6128692626953,1877100,0.0,0,-0.013051775454096526,1.7822413161396482,134.3420669555664,139.17090038091163,129.51323353022116,135.2974016749538,135.2974016749538,130.17273183876006,129.17060373372243,137.7898712158203
2018-08-03,138.95891284194386,141.3999065346459,138.4164682134848,141.21286010742188,1673000,0.0,0,0.018757211062409684,1.8156711926706264,134.58429794311525,140.2230225374595,128.94557334877098,135.47042891561324,135.47042891561324,130.75691579345346,129.52131268963547,137.48121643066406
2018-08-06,141.50277651386236,141.81140952382285,140.03443288502544,141.13803100585938,1272700,0.0,0,-0.000529902882114075,1.8147090632726588,134.9925323486328,141.2599802413699,128.7250844558957,136.89668345197225,135.6761804102017,130.85979892123484,129.62419581741685,137.77114868164062
2018-08-07,141.1006059151174,141.1006059151174,139.06177581371566,140.31500244140625,1418100,0.0,0,-0.005831373433422438,1.8041268170516997,135.29601821899413,141.96859788896842,128.62343854901985,137.28014076707976,135.6761804102017,131.3087145842799,129.90010010426354,139.08985900878906
2018-08-08,140.53949756896444,140.53949756896444,139.05244476685613,139.65101623535156,1060300,0.0,0,-0.004732111281770868,1.795589488186984,135.5723846435547,142.484063710774,128.6607055763354,137.28014076707976,135.6761804102017,131.53551121400278,129.90010010426354,137.65892028808594
2018-08-09,139.8473888819703,140.94162542486754,139.46393444442515,140.82005310058594,1231700,0.0,0,0.008371130384502212,1.810620601909639,135.8908363342285,143.1485821449773,128.63309052347972,137.28014076707976,135.6761804102017,131.99610193279676,129.91878024909954,138.1826629638672
2018-08-10,140.4365864298041,141.5869353715071,139.42651872340906,139.52003479003906,1260000,0.0,0,-0.00923176977939566,1.7939053693549782,136.16906967163087,143.53571570996274,128.802423633299,138.99163740524875,135.6761804102017,132.61240451104933,130.23211214502726,137.86468505859375
2018-08-13,139.351751914056,140.12800835197106,138.9682973596525,139.36109924316406,957900,0.0,0,-0.0011391593122391797,1.7918618253482017,136.50809860229492,143.80597947457616,129.21021773001368,139.76321504663207,135.6761804102017,133.0889044241994,130.52201416585532,138.02365112304688
2018-08-14,139.5013397535096,140.16535662643292,138.95889519394186,139.45457458496094,1433500,0.0,0,0.0006707419954672389,1.7930637023245373,136.83262786865234,144.04711921314305,129.61813652416163,140.1139388686538,135.6761804102017,133.19171658071798,130.52201416585532,139.09918212890625
2018-08-15,139.43592285774383,140.15606679075236,138.79996197094377,139.85678100585938,1413900,0.0,0,0.0028841393127150283,1.7982351478386138,137.214208984375,144.2154219387918,130.21299602995822,140.1139388686538,135.6761804102017,132.59549774107177,130.52201416585532,138.874755859375
2018-08-16,140.25888175376252,140.81067361825396,139.83802379390846,140.0250701904297,1154200,0.0,0,0.001203296567817258,1.8003989580201365,137.59064407348632,144.33905973706686,130.84222840990577,140.3056857473833,135.6761804102017,132.59549774107177,130.52201416585532,136.9013671875
2018-08-17,140.18412621954494,141.41865870405024,140.0157886647844,141.38124084472656,1542000,0.0,0,0.009685198889402669,1.8178361800088347,138.0952117919922,144.37135435431355,131.81906922967084,140.19344867122544,135.6761804102017,132.59549774107177,130.67083072403673,136.26541137695312
2018-08-20,141.80205886010526,142.08263564267733,140.773296351645,141.0258026123047,1496300,0.0,0,-0.002514040973881637,1.813266065368488,138.56049652099608,144.22032234945647,132.9006706925357,140.44129880681055,135.81179346962892,132.59549774107177,130.67083072403673,134.6287078857422
2018-08-21,140.85743510512415,141.05384309231167,139.29557561535185,139.61355590820312,1520000,0.0,0,-0.010014101518599272,1.795107834909657,138.9210334777832,143.8267221413752,134.0153448141912,140.44129880681055,135.81179346962892,132.59549774107177,130.92192934152763,134.84500122070312
2018-08-22,139.60422204081777,139.9970237823328,137.9488320602909,138.5193328857422,1134400,0.0,0,-0.0078375127353707,1.7810386543921888,139.1627944946289,143.44262381734436,134.88296517191347,140.01573385148413,135.81179346962892,132.59549774107177,131.14514552067615,136.64122009277344
2018-08-23,138.81862148559395,139.0898509433292,137.65892503955604,137.8366241455078,1206600,0.0,0,-0.004928617009710146,1.7722605969852,139.29700317382813,143.2146445532925,135.37936179436377,139.8707803411167,135.81179346962892,132.59549774107177,131.14514552067615,135.4468994140625
2018-08-24,137.83661925283107,138.91214690652356,137.83661925283107,138.4725799560547,1339900,0.0,0,0.004613837682759359,1.78043751971124,139.46908721923828,142.8875389009126,136.05063553756395,139.8707803411167,135.81179346962892,132.28921811434282,131.14514552067615,135.54092407226562
2018-08-27,138.9401960387825,139.39847188961133,138.1826487755122,138.7624969482422,1072800,0.0,0,0.0020936779850531106,1.784165182550022,139.73329391479493,141.7943976918961,137.67219013769375,139.8707803411167,135.81179346962892,132.33536463678453,131.14514552067615,135.3340606689453
2018-08-28,138.46323515146037,140.38984049078806,138.31359229948418,140.3804931640625,1192400,0.0,0,0.011660183777348898,1.8049688764677025,139.82027282714844,141.83545906887468,137.8050865854222,139.8707803411167,135.81179346962892,132.62728904565432,131.14514552067615,135.83245849609375
2018-08-29,140.55818185095123,141.4653720436852,140.4459568442553,140.70782470703125,1309000,0.0,0,0.002331745213248304,1.8091776040054683,139.83336715698243,141.86816644995272,137.79856786401214,139.8707803411167,137.03229651139952,132.41451192699856,131.14514552067615,136.1239471435547
2018-08-30,140.8761773040315,141.10998891648816,138.9776281525415,139.2956085205078,1034100,0.0,0,-0.010036514951914155,1.7910197659321991,139.86750411987305,141.84056806742214,137.89444017232395,139.8707803411167,137.415753826507,132.55713377465676,131.14514552067615,137.1020050048828
2018-08-31,139.4733050790385,140.44595508995306,139.10855954110457,139.4639434814453,965400,0.0,0,0.001208472849398623,1.7931841646920645,139.78005828857422,141.6586292244571,137.90148735269136,139.56214854162062,137.415753826507,132.83536123501082,131.14514552067615,138.8511505126953
2018-09-04,139.09920737556297,139.4078404317777,138.004970687563,138.5567626953125,1171000,0.0,0,-0.006504769358206985,1.7815199152839536,139.65099487304687,141.49256517599483,137.8094245700989,139.56214854162062,137.415753826507,132.91953905612564,131.14514552067615,136.8292694091797
2018-09-05,138.44453806050552,138.5193594928888,137.0510156399841,138.04238891601562,1667200,0.0,0,-0.003712368629945506,1.7749062566368303,139.53736419677733,141.4798393253634,137.59488906819126,139.25819384183464,139.12725046467602,132.91953905612564,131.14514552067615,132.29649353027344
2018-09-06,138.22942568262997,138.7999265777174,137.76180246602482,138.50064086914062,1304000,0.0,0,0.00331964664421891,1.7807983182354779,139.4798454284668,141.47346820278423,137.48622265414937,139.25819384183464,139.5668256413307,135.2974016749538,133.24478536952623,133.5848846435547
2018-09-07,138.01431910026295,138.60351463244717,136.88266466892432,137.06036376953125,1510900,0.0,0,-0.010399064513861633,1.7622796816379709,139.29186096191407,141.44872511402815,137.1349968098,139.17401835630477,139.48265015580083,135.2974016749538,133.24478536952623,134.22433471679688
2018-09-10,137.71504978188932,138.75317398774666,137.54671225859158,137.7898712158203,1312300,0.0,0,0.005322526704479857,1.7716594623042512,139.20535278320312,141.45644318299298,136.95426238341327,139.17401835630477,139.48265015580083,135.2974016749538,133.24478536952623,137.00796508789062
2018-09-11,137.65891552433294,137.9768958652525,137.04164949497587,137.48121643066406,1194900,0.0,0,-0.00224003972449327,1.7676908747304152,139.11135864257812,141.4836602211354,136.73905706402084,139.17401835630477,139.48265015580083,135.47042891561324,133.41781261018565,137.93896484375
2018-09-12,137.73374510373426,137.90208261040485,136.95748885794356,137.77114868164062,1359900,0.0,0,0.002108886279186928,1.771418733761978,139.0271873474121,141.46409382087703,136.5902808739472,138.99632679270624,139.48265015580083,136.28643193108698,133.62356410477412,138.0424041748047
2018-09-13,138.41648039493916,139.73518136962264,138.1826687726504,139.08985900878906,1676600,0.0,0,0.009571745171376156,1.7883743024733494,138.98884124755858,141.39595762310176,136.5817248720154,138.6643098794387,139.48265015580083,136.47816058864072,133.62356410477412,141.20217895507812
2018-09-14,138.91214704265062,139.01502471777027,137.21000601062184,137.65892028808594,1182700,0.0,0,-0.010287872393433872,1.7699757358578072,138.87053375244142,141.2950161838401,136.44605132104275,138.3089230192735,139.48265015580083,136.47816058864072,133.62356410477412,140.3557891845703
2018-09-17,137.55604955496173,138.79056744797188,136.90137989421936,138.1826629638672,1507800,0.0,0,0.0038046402999907247,1.7767098568724575,138.71060485839843,140.85439206189497,136.56681765490188,138.3089230192735,139.48265015580083,136.47816058864072,133.62356410477412,141.86045837402344
2018-09-18,137.59345559168727,138.8747529549514,137.41575647972687,137.86468505859375,1108300,0.0,0,-0.002301141825270636,1.7726213955094376,138.55254898071288,140.4382111427155,136.66688681871028,138.3089230192735,139.48265015580083,137.33390890772523,133.97231978728686,142.9136962890625
2018-09-19,138.03299844861644,138.6502644336325,137.78983954727346,138.02365112304688,1247500,0.0,0,0.0011530586269106191,1.7746653319017762,138.4730537414551,140.30584239201877,136.6402650908914,138.3089230192735,139.48265015580083,137.7196977284169,134.13974761149436,144.36192321777344
2018-09-20,138.05171080997644,139.22076871797003,137.35027606518028,139.09918212890625,1021400,0.0,0,0.007792367446507686,1.7884941762625335,138.50204620361328,140.35529951681562,136.64879289041093,138.318280631921,139.48265015580083,137.89505963942776,134.1629968230051,140.69436645507812
2018-09-21,138.89345051417234,139.91288002978206,138.7157656692244,138.874755859375,2793300,0.0,0,-0.0016134262336874317,1.7856085728397544,138.55395278930663,140.3875864923322,136.72031908628108,138.4071299620007,139.48265015580083,137.89505963942776,134.1629968230051,143.71307373046875
2018-09-24,138.4164617289819,138.49128315051183,136.46180025521602,136.9013671875,1258000,0.0,0,-0.014209844400182137,1.7602353528600703,138.47539215087892,140.44721967119446,136.50356463056337,138.18734014249904,139.27221794894666,137.99093307879252,134.1629968230051,151.35855102539062
2018-09-25,136.81720338366208,137.14454536498653,136.0596560065313,136.26541137695312,1127500,0.0,0,-0.004645357629452063,1.7520584301340305,138.35053787231445,140.54049150363778,136.1605842409911,137.9862680181567,139.07114582460432,137.93481454071357,134.1629968230051,146.52488708496094
2018-09-26,136.0876898938759,136.4804916444714,134.3855489746288,134.6287078857422,1378400,0.0,0,-0.012011144094984605,1.7310142038668581,138.06294860839844,140.59849810792204,135.52739910887485,137.14921450220544,137.925460509157,138.12654613821974,134.29860988243234,143.901123046875
2018-09-27,135.1459384423266,135.9922992665587,134.76036800817522,134.84500122070312,1530500,0.79,0,0.001606591479318853,1.7337952365373706,137.76980743408203,140.36996911310746,135.1696457550566,137.14921450220544,137.925460509157,138.12654613821974,134.29860988243234,142.99832153320312
2018-09-28,134.80742823737972,136.76346331681273,134.80742823737972,136.64122009277344,1523400,0.0,0,0.013320618901774495,1.7568904621369967,137.6370880126953,140.18197135861672,135.09220466677388,137.14921450220544,137.925460509157,137.91376366055653,134.29860988243234,146.42140197753906
2018-10-01,137.38413668738647,137.38413668738647,135.3810783467405,135.4468994140625,971200,0.0,0,-0.008740559239005963,1.7415342569762438,137.43623580932618,140.0069164403985,134.86555517825386,137.14921450220544,137.925460509157,137.8412869053728,134.29860988243234,146.85401916503906
2018-10-02,135.45627650008865,135.98291670121884,134.581704499912,135.54092407226562,1043400,0.0,0,0.0006941809565952362,1.742743196892695,137.28544387817382,139.92909506240096,134.64179269394668,137.14921450220544,137.925460509157,137.8412869053728,134.29860988243234,147.59693908691406
2018-10-03,135.55974930845863,137.06440720279292,134.24318441302702,135.3340606689453,1910000,0.0,0,-0.001526206234288452,1.7400834113608334,137.1500274658203,139.9011739712177,134.3988809604229,137.07803222140456,137.85427822835612,137.8412869053728,134.51717066463493,149.86331176757812
2018-10-04,135.16476287256012,136.1804046713198,133.87640921879503,135.83245849609375,1507900,0.0,0,0.003682722772706981,1.7464916561662616,137.01661834716796,139.75139603462904,134.2818406597069,136.18384618465342,137.67089063124013,137.8412869053728,134.98412066219572,150.5968475341797
2018-10-05,136.18036928168775,137.581581226386,135.7195789206175,136.1239471435547,1625900,0.0,0,0.0021459425139487287,1.7502395268614854,136.96979751586915,139.73220125271848,134.2073937790198,135.72899522259053,137.4931990676416,138.4515384262581,134.98412066219572,151.43380737304688
2018-10-08,136.40611262893813,138.16467008639384,136.35908938339273,137.1020050048828,1760800,0.0,0,0.007185053635688998,1.7628150917372882,136.93540420532227,139.67285710895004,134.1979513016945,136.02053965259444,137.16118215437405,138.64326708381185,135.33014341459244,151.6970977783203
2018-10-09,137.3370939849979,139.0768534604283,136.7070227324066,138.8511505126953,1782200,0.0,0,0.012757986345642403,1.7853050626075648,137.00390090942383,139.8598584763295,134.14794334251818,136.47663133961169,136.89464462428856,138.4889511840638,135.78373667403815,153.67196655273438
2018-10-10,137.84491106899955,138.94518594643503,136.8292694091797,136.8292694091797,3517100,0.0,0,-0.014561500542487504,1.7593083419698992,136.9568069458008,139.79135601726563,134.12225787433596,136.47663133961169,136.89464462428856,138.4889511840638,135.81179346962892,152.46824645996094
2018-10-11,137.15841195224843,137.53456913659198,132.0331806313376,132.29649353027344,2484300,0.0,0,-0.033127238773388856,1.7010273144494474,136.617138671875,139.93970249043875,133.29457485331127,135.55501704588295,135.97303033055982,139.19272215325532,135.81179346962892,154.2080078125
2018-10-12,133.6224946287697,135.21178555684045,132.42818746759264,133.5848846435547,2219700,0.0,0,0.009738664108935202,1.7175930481049948,136.41343688964844,139.95056026300935,132.87631351628752,135.55501704588295,135.97303033055982,139.41250974158265,135.81179346962892,156.32391357421875
2018-10-15,133.33095061970624,135.65375788182814,133.0770366217619,134.22433471679688,1289600,0.0,0,0.004786844521731837,1.725814898977881,136.21552047729492,139.7776663566352,132.65337459795464,135.55501704588295,135.97303033055982,139.3283342560528,135.81179346962892,151.06704711914062
2018-10-16,134.61932210474865,137.63803636389824,134.18674270903193,137.00796508789062,1303100,0.0,0,0.02073864159555705,1.7616059556280557,136.17268447875978,139.67390259052505,132.6714663669945,135.55501704588295,135.97303033055982,139.3283342560528,135.81179346962892,150.75668334960938
2018-10-17,136.5753768422887,138.3621596972032,135.8230479744026,137.93896484375,1737000,0.0,0,0.006795223586177235,1.7735764619672898,136.16845016479493,139.66080163925903,132.67609869033083,135.55501704588295,135.97303033055982,139.3283342560528,135.81179346962892,150.83193969726562
2018-10-18,137.76029341754224,139.3213588891508,137.08319890115436,138.0424041748047,1515800,0.0,0,0.0007498920350159644,1.7749064528296108,136.11561126708983,139.45606250929546,132.7751600248842,135.6772697602442,135.97303033055982,139.23948847425353,135.81179346962892,151.96041870117188
2018-10-19,138.37155757456003,141.95450781735428,138.14585461103331,141.20217895507812,2450700,0.0,0,0.022889885170879642,1.815533857723934,136.231982421875,140.07852519850812,132.38543964524186,136.99384422434593,136.99384422434593,139.07348001761977,135.81179346962892,152.4212188720703
2018-10-22,141.15514112742213,141.7005647325598,140.08307738200148,140.3557891845703,1996800,0.0,0,-0.005994169330609811,1.8046512403552815,136.40470352172852,140.650059640908,132.15934740254903,136.99384422434593,136.99384422434593,138.89578658753715,135.81179346962892,152.34600830078125
2018-10-23,140.21474546643375,142.2648266578533,139.5846598971304,141.86045837402344,2179100,0.0,0,0.01072039278318937,1.82399781048856,136.68445587158203,141.5548640229942,131.81404772016987,137.14900364459544,137.14900364459544,138.89578658753715,135.81179346962892,153.02308654785156
2018-10-24,141.64414071416965,143.76005710600677,140.8259909678251,142.9136962890625,3056300,0.0,0,0.00742446434412436,1.8375400171962932,137.09870529174805,142.5775851310735,131.6198254524226,138.0941222867997,137.8966188686722,138.89578658753715,135.81179346962892,154.68759155273438
2018-10-25,142.84786685135364,144.76630582903533,141.45606802895117,144.36192321777344,2628100,0.0,0,0.010133576881124817,1.8561608702326953,137.57455139160157,143.79885095331213,131.35025182989102,138.9216712253986,138.39974323018646,138.89578658753715,135.81179346962892,153.3616180419922
2018-10-26,143.37453356617627,143.66605759485773,139.87621652303918,140.69436645507812,3639000,0.0,0,-0.02540529165133598,1.809004561972636,137.7772087097168,144.1307634477571,131.42365397167652,139.47652426903363,138.39974323018646,138.9004653938609,135.81179346962892,153.73779296875
2018-10-29,141.71000126548412,144.51241145513757,141.3620551000094,143.71307373046875,3072700,0.0,0,0.021455779299837552,1.8478181646067202,138.1905174255371,144.95091437888192,131.4301204721923,140.29467690171896,138.39974323018646,138.94489005890077,135.81179346962892,157.6405029296875
2018-10-30,144.82272320518194,152.0732697521461,141.19275047813792,151.35855102539062,5553600,0.0,0,0.05319959483478054,1.9461213422921455,138.98139877319335,147.74571472231395,130.21708282407275,144.57823432665023,142.05322519174183,138.72977904572286,135.81179346962892,156.51202392578125
2018-10-31,150.46519671998217,151.27394772633124,145.9982611923577,146.52488708496094,3841200,0.0,0,-0.03193518904405235,1.8839715893233808,139.54094009399415,148.7258663259991,130.3560138619892,145.1095621815897,142.05322519174183,138.5287069213805,135.81179346962892,156.28631591796875
2018-11-01,147.21134627284053,148.1141435568613,143.7412555344968,143.901123046875,3963600,0.0,0,-0.01790661020311568,1.8502360444396226,139.9443733215332,149.15132147343775,130.73742516962864,145.82896482463826,142.05322519174183,137.53733750568122,135.81179346962892,156.70950317382812
2018-11-02,143.71304021384324,143.88230662801024,140.3463805982573,142.99832153320312,3978700,0.0,0,-0.006273762807103234,1.8386281023596556,140.28809204101563,149.41085493818733,131.16532914384393,145.82896482463826,142.05322519174183,137.53733750568122,135.81179346962892,154.8380584716797
2018-11-05,143.78825887917372,146.5624716708924,143.38389066040688,146.42140197753906,2301400,0.0,0,0.02393790645676308,1.8826410098827169,140.75406188964843,150.12957191451434,131.3785518647825,145.97474313759264,142.05322519174183,137.53733750568122,135.81179346962892,156.85995483398438
2018-11-06,146.51547193596505,147.173754228754,145.5562523953424,146.85401916503906,1285000,0.0,0,0.0029546035050693753,1.8882034676093038,141.15420532226562,150.85183081319283,131.45657983133842,145.97474313759264,142.05322519174183,137.53733750568122,135.81179346962892,156.67189025878906
2018-11-07,148.14237710279826,148.3774789536374,146.75057816368445,147.59693908691406,1803400,0.0,0,0.005058900846561576,1.897755701730073,141.69258880615234,151.56591135386748,131.8192662584372,145.97474313759264,142.05322519174183,137.53733750568122,135.81179346962892,151.34915161132812
2018-11-08,147.60633992915206,149.90092174677852,147.34301267684123,149.86331176757812,1707900,0.0,0,0.015355146893185179,1.926896019297518,142.57092971801757,152.05831478228276,133.08354465375237,146.2098251752017,142.05322519174183,137.46615522488034,135.81179346962892,152.6375274658203
2018-11-09,149.79749546685017,150.74731616912058,149.7034633321212,150.5968475341797,2279800,0.0,0,0.004894698762157423,1.9363275948579797,143.42152786254883,152.57479133265596,134.2682643924417,146.2098251752017,142.05322519174183,136.92736840794677,135.81179346962892,152.8538055419922
2018-11-12,150.55923535050326,152.30839374506908,150.55923535050326,151.43380737304688,2059600,0.0,0,0.005557618586121027,1.9470889650879815,144.28200149536133,153.0378655502604,135.52613744046226,146.3273871716632,142.17078718820335,136.61109714511605,137.03229651139952,151.91342163085938
2018-11-13,151.73472210565797,152.1202781892719,150.2394636077303,151.6970977783203,1496800,0.0,0,0.0017386501062133242,1.9504742715239385,145.0164581298828,153.67109700679856,136.36181925296705,146.3273871716632,142.17078718820335,136.59086090348424,137.415753826507,148.5843505859375
2018-11-14,152.27075445324533,153.83183407826365,151.1046441882659,153.67196655273438,1940900,0.0,0,0.013018500705267222,1.9758665222033784,145.80310821533203,154.6019799485251,137.00423648213896,147.08910733826048,142.93250735480063,136.68563798195012,137.415753826507,144.4277801513672
2018-11-15,153.05129441829317,153.14534089198162,151.07643326665334,152.46824645996094,1987800,0.0,0,-0.007833049317816587,1.9603894622895366,146.52440032958984,155.01679794057492,138.03200271860476,148.60786236933527,142.93250735480063,136.68563798195012,137.415753826507,148.95709228515625
2018-11-16,152.24255970907987,154.45252293027966,151.99805894077895,154.2080078125,1987400,0.0,0,0.011410647088381909,1.9827587745995052,147.17469177246093,155.92799875060663,138.42138479431523,150.00438766281104,143.44035519893615,135.76402368822139,137.05790813700747,149.96885681152344
2018-11-19,154.69701283700854,156.44617112452462,154.1139648576624,156.32391357421875,2171500,0.0,0,0.01372111469263948,2.0099644351536226,147.97309799194335,157.00450413500317,138.94169184888352,151.59837464410452,144.76160387314326,135.76402368822139,137.05790813700747,150.1863555908203
2018-11-20,155.31769266820038,157.13267209797888,150.9824138953587,151.06704711914062,3449900,0.0,0,-0.03362803767436573,1.9423732754041414,148.4334274291992,157.0988868597568,139.76796799864164,152.23784238741007,145.65970740350542,135.76402368822139,137.05790813700747,149.5811767578125
2018-11-21,151.01059732394873,151.80053596692028,149.5529632223739,150.75668334960938,2009700,0.0,0,-0.0020544769719796907,1.9383827142388348,148.82557678222656,157.1562103724278,140.49494319202532,153.3428176601764,146.47786003619075,135.76402368822139,137.05790813700747,148.21009826660156
2018-11-23,150.23947845370327,151.5748552166164,149.4025164561916,150.83193969726562,746900,0.0,0,0.0004991907886546798,1.9393503370346703,149.14907760620116,157.25843702497068,141.03971818743165,153.26759427708524,147.10793549956662,135.76402368822139,137.05790813700747,149.0989227294922
2018-11-26,151.39618290658177,152.12969948418296,149.75986896836835,151.96041870117188,1447200,0.0,0,0.007481697882896876,1.953859970345458,149.71238021850587,156.89734174825466,142.52741868875708,153.26759427708524,147.6392633545061,135.825150045402,137.05790813700747,149.6946258544922
2018-11-27,151.79114769488,152.496453178978,150.44635777680526,152.4212188720703,1390200,0.0,0,0.003032369710724403,1.9597847961385304,150.14778747558594,156.8607258400748,143.4348491110971,153.26759427708524,148.35866599755462,136.99384422434593,137.05790813700747,150.62132263183594
2018-11-28,151.62189053976908,153.18297036499774,151.39620193336043,152.34600830078125,2332200,0.0,0,-0.0004934389834015951,1.9588177619210378,150.19716033935546,156.95987425987096,143.43444641883997,153.26759427708524,148.35866599755462,136.99384422434593,137.05790813700747,152.32333374023438
2018-11-29,152.34599210166374,154.20799465394148,151.51842903421698,153.02308654785156,2063300,0.0,0,0.00444434517597303,1.967523424191842,150.5220703125,157.1700341364804,143.8741064885196,153.26759427708524,148.50444431050903,137.14900364459544,137.14900364459544,150.9900665283203
2018-11-30,153.49327034410126,154.8474590610592,152.23312809061704,154.68759155273438,2741400,0.0,0,0.010877476349703041,1.9889251137059756,151.06139373779297,157.1985056654163,144.92428181016965,153.26759427708524,148.50444431050903,137.99537057773594,137.8966188686722,153.05145263671875
2018-12-03,155.18601042658207,155.30825361302473,151.88517175258508,153.3616180419922,2651600,0.0,0,-0.008571944895076844,1.9718761572308534,151.5795585632324,156.52963191081892,146.6294852156459,153.26759427708524,148.50444431050903,138.66070722779253,138.39974323018646,152.61647033691406
2018-12-04,153.54031545657895,155.59039663728328,153.32401142965944,153.73779296875,2468800,0.0,0,0.0024528622712809423,1.9767128978605635,151.94537811279298,156.36400840762514,147.52674781796082,152.49645654673742,148.7395263481181,138.93813374961005,138.39974323018646,152.61647033691406
2018-12-06,153.1077322049846,157.84739371335735,151.52785460184612,157.6405029296875,2809300,0.0,0,0.025385494910355577,2.026892733068437,152.48470230102538,156.91920739321662,148.05019720883413,153.62495508477446,149.09688715580734,139.3472100659527,138.39974323018646,154.1766815185547
2018-12-07,157.3960093315024,158.53390879725592,155.95718690711988,156.51202392578125,3357400,0.0,0,-0.007158560033328376,2.01238309975765,152.93045654296876,157.09102982040628,148.76988326553123,154.14688888281214,149.4401446977566,143.31572975919602,142.05322519174183,154.86695861816406
2018-12-10,156.07002622300575,156.95399716965247,153.0513120042661,156.28631591796875,1908700,0.0,0,-0.0014421128942753159,2.0094810161412675,153.2516067504883,157.40711478756077,149.0960987134158,154.49013328703057,149.4401446977566,143.58139368666576,142.05322519174183,155.43431091308594
2018-12-11,156.79413640384467,157.3489877271832,155.63743921184656,156.70950317382812,2033000,0.0,0,0.0027077690927304054,2.0149222267292033,153.5572395324707,157.7860833510441,149.3283957138973,154.96505536530816,149.4401446977566,143.94109500819005,142.05322519174183,155.70852661132812
2018-12-12,157.50882614837576,157.5652482912854,154.358455907471,154.8380584716797,2675000,0.0,0,-0.01194212644572401,1.9908597707193034,153.72745208740236,157.87305075044122,149.5818534243635,155.02616891573643,150.9588997288314,143.94109500819005,142.05322519174183,155.7179718017578
2018-12-13,155.29887512955577,157.64989359424536,154.63117957181365,156.85995483398438,2153800,0.0,0,0.013058135591867304,2.01685668754975,153.98559494018554,158.2361272481213,149.73506263224976,155.030881699551,152.04508059629916,144.01398416466725,142.05322519174183,156.76759338378906
2018-12-14,156.5966559392434,157.04804750703818,155.18604473409036,156.67189025878906,2193400,0.0,0,-0.0011989329934103399,2.0144386115240662,154.13559112548828,158.54185853669796,149.7293237142786,155.030881699551,152.6422434804702,144.01398416466725,142.05322519174183,156.63516235351562
2018-12-17,157.00099426076218,157.19848610551378,150.81311256805694,151.34915161132812,2743400,0.0,0,-0.03397379478009033,1.9460004875390575,154.07963638305665,158.59741081752838,149.56186194858492,154.67351068265643,152.93846073704856,144.01398416466725,142.05322519174183,158.29942321777344
2018-12-18,152.20494808429956,153.71900461857933,151.57486247949043,152.6375274658203,2475300,0.0,0,0.008512607046525122,1.9625660250018238,154.00111236572266,158.5620891086484,149.44013562279693,154.67351068265643,153.96821262672375,144.13152518347175,142.05322519174183,158.90457153320312
2018-12-19,152.79738339647048,154.8756899698766,152.13910111625503,152.8538055419922,1912300,0.0,0,0.001416939069720513,1.9653468614795548,153.82760696411134,158.2836168991556,149.3715970290671,154.67351068265643,153.96821262672375,144.13152518347175,142.05322519174183,160.21893310546875
2018-12-20,152.6751637614011,154.19861932352515,150.93540414208982,151.91342163085938,2570400,0.0,0,-0.006152178598356595,1.953255696580013,153.86992568969725,158.23441910233856,149.50543227705595,154.23150308115115,153.96821262672375,144.24908717993327,142.17078718820335,161.19287109375
2018-12-21,151.91338605111866,154.7910443881786,148.22699122687305,148.5843505859375,4385700,0.0,0,-0.02191426543608055,1.9104515327806222,153.76130905151368,158.52471624698984,148.99790185603752,152.93844241055922,153.3804500120645,144.24908717993327,142.17078718820335,163.4339141845703
2018-12-24,147.93549597686354,148.13298785822246,143.53439592979305,144.4277801513672,1968500,0.0,0,-0.027974483303113806,1.8570076382754426,153.44110107421875,159.6180003110407,147.2642018373968,150.5921447620192,151.03415236352447,145.01080734653056,142.93250735480063,161.1550750732422
2018-12-26,145.0518455179729,148.95709228515628,142.47041830616388,148.95709228515625,1981500,0.84,0,0.03136039430255133,1.9152441300346101,153.29093475341796,159.74731934446382,146.8345501623721,150.0601559502046,150.50216355170988,145.77018486206794,142.93250735480063,161.6373291015625
2018-12-27,148.20061401506447,150.11068791063315,144.95728450268678,149.96885681152344,1641700,0.0,0,0.006792321942149071,1.9282530847636163,153.16831665039064,159.7791085377479,146.55752476303337,149.83445220583883,150.50216355170988,146.72237143087358,143.24285178080862,163.04620361328125
2018-12-28,151.03737115342634,152.81506477923696,149.1651282586564,150.1863555908203,1740000,0.0,0,0.0014502929736286418,1.9310496166638267,153.0603340148926,159.79209354934807,146.3285744804371,149.83445220583883,150.50216355170988,148.1799892586239,144.23967587793112,161.00375366210938
2018-12-31,150.9806299413588,151.0657286070002,147.64273650175002,149.5811767578125,2044600,0.0,0,-0.004029519396932524,1.9232684147770407,152.88823852539062,159.79069831780845,145.9857787329728,148.67305413802023,150.50216355170988,148.94877489545775,144.58292636465825,162.64903259277344
2019-01-02,148.5599579753848,148.5599579753848,145.55300842866046,148.21009826660156,2030600,0.0,0,-0.009166116492256626,1.9056395124413166,152.564363861084,159.70509712352208,145.4236305986459,148.67305413802023,150.50216355170988,149.91033884818359,144.58292636465825,163.04620361328125
2019-01-03,148.08716047876263,151.33049023956863,147.91694871840073,149.0989227294922,2467400,0.0,0,0.005997057375211945,1.9170677419338982,152.351229095459,159.6386163200366,145.0638418708814,148.63073134717123,150.50216355170988,150.18776488832594,144.58292636465825,163.57574462890625
2019-01-04,149.50551291910682,151.3588543140244,149.10837142627994,149.6946258544922,2530000,0.0,0,0.00399535499046344,1.9247271081036903,152.1490707397461,159.49611029028952,144.80203118920267,148.63073134717123,150.50216355170988,150.4534288157957,144.58292636465825,163.197509765625
2019-01-07,149.85540569576833,151.87894485130818,149.42044729107585,150.62132263183594,1708000,0.0,0,0.006190581472474088,1.9366422880786855,151.79811172485353,158.71588808858485,144.8803353611222,147.64274154270043,150.50216355170988,150.81313013731994,144.58292636465825,164.2471160888672
2019-01-08,151.0846274279068,152.36116498412994,149.94993539370404,152.32333374023438,2502700,0.0,0,0.01129993468825563,1.9585262194484887,151.58867721557618,158.16448040445326,145.0128740266991,147.64274154270043,150.50216355170988,150.81313013731994,144.58292636465825,166.22332763671875
2019-01-09,153.07035212914215,153.09871834839043,149.73245899926752,150.9900665283203,1797300,0.0,0,-0.00875287573595096,1.9413834828240542,151.32386474609376,157.53419380257546,145.11353568961206,149.0280014255386,150.50216355170988,150.88601929379712,144.58292636465825,168.14291381835938
2019-01-10,150.7915188852841,153.1743825520115,149.98777077949777,153.05145263671875,1986600,0.0,0,0.01365246175324919,1.9678881465716993,151.14096221923828,156.90046125883555,145.381463179641,149.363695490336,150.50216355170988,150.88601929379712,144.58292636465825,167.93487548828125
2019-01-11,152.28552628863446,153.42966898996744,151.19810159984834,152.61647033691406,1878800,0.0,0,-0.0028420658040871905,1.9622952789640593,151.0298828125,156.57952198430968,145.48024364069033,149.49133870931394,150.50216355170988,150.88601929379712,144.58292636465825,167.07435607910156
2019-01-14,152.27606126288256,153.71334562305918,152.0964133427043,152.61647033691406,1435400,0.0,0,0.0,1.9622952789640593,150.81770858764648,155.74244694550623,145.89297022978673,149.63317702585982,150.50216355170988,150.61799144742776,144.58292636465825,166.90414428710938
2019-01-15,152.45572055973497,154.43199192606596,151.8883817333009,154.1766815185547,1597100,0.0,0,0.010223085216139127,1.9823559908201365,150.69294815063478,155.11358425971875,146.2723120415508,151.17447032223333,150.50216355170988,151.3609211202909,144.94028717234747,167.0176239013672
2019-01-16,154.55491575398787,155.3681144347034,153.96866127314416,154.86695861816406,1495200,0.0,0,0.00447718223541016,1.9912313598464952,150.86883850097655,155.6492646647112,146.0884123372419,152.23824293049165,150.0601559502046,151.79351679028437,145.28354471429674,164.7482452392578
2019-01-17,154.8669576312188,155.95436792167197,154.1861394643356,155.43431091308594,1322800,0.0,0,0.0036634818684644355,1.9985261998292108,151.00867767333983,156.14241322360894,145.87494212307072,152.6874076063739,150.0601559502046,151.96513899239358,145.28354471429674,164.54969787597656
2019-01-18,156.25696428394377,156.25696428394377,154.48873578023716,155.70852661132812,1763000,0.0,0,0.0017641902655296526,2.0020519802963554,151.15141372680665,156.63325458312244,145.66957287049087,152.99471164160565,150.0601559502046,152.20260003153237,145.28354471429674,163.7742919921875
2019-01-22,155.56669009915362,156.408254988786,154.290152440002,155.7179718017578,1503900,0.0,0,6.065942973854099e-05,2.002173423627787,151.34164123535157,157.17286706203862,145.51041540866453,153.07035699402678,150.0601559502046,152.99253432228392,145.28354471429674,166.563720703125
2019-01-23,155.5572529754977,156.7770584114199,155.39650621812729,156.76759338378906,1700200,0.0,0,0.006740529496283898,2.0156691326464258,151.75080337524415,157.89422949195333,145.60737725853497,153.38241459545884,149.83445220583883,153.53798114792508,145.28354471429674,168.23741149902344
2019-01-24,155.84087942197456,156.81482467982894,155.17897697902367,156.63516235351562,1275900,0.0,0,-0.0008447602429491052,2.0139663755002264,152.36117248535157,157.85808503425272,146.86425993645042,154.00646313983864,149.83445220583883,153.8365625900106,145.28354471429674,169.91111755371094
2019-01-25,157.43894265098052,158.9802414213465,156.767575045537,158.29942321777344,1482100,0.0,0,0.010625078298202917,2.0353649259298643,152.82828903198242,158.66956878889906,146.9870092750658,155.43431157732368,150.72532986375518,153.8059857098525,145.28354471429674,171.20657348632812
2019-01-28,157.85497814917215,158.90457153320312,156.65408864547732,158.90457153320312,1180500,0.0,0,0.003822808088170815,2.043145735431088,153.27507476806642,159.53009239127172,147.0200571448611,155.43431157732368,150.72532986375518,154.32086165469008,145.28354471429674,171.76443481445312
2019-01-29,158.55470457123488,160.2945811686969,158.43178909333278,160.21893310546875,1849700,0.0,0,0.008271389297261234,2.060045389199878,153.77670364379884,160.55370735226694,146.99969993533074,157.13162122092052,151.3824997374304,154.32086165469008,145.28354471429674,171.8590087890625
2019-01-30,159.92579855657053,162.1668164170856,159.81231925272718,161.19287109375,2159500,0.0,0,0.006078794618112449,2.0725679820248133,154.3572883605957,161.57712236337392,147.1374543578175,158.1764779407106,152.31861736162475,154.09985785393746,145.28354471429674,171.7266387939453
2019-01-31,160.5498945850259,164.48350772970306,160.0392881382776,163.4339141845703,4046100,0.0,0,0.013902867264625529,2.101382619575817,155.11847915649415,162.78659937132215,147.45035894166614,159.38683008485253,153.47696301793349,153.15944621131186,145.28354471429674,175.0834503173828
2019-02-01,163.72705195383506,163.72705195383506,160.31351006345668,161.1550750732422,3446200,0.0,0,-0.013943489775044893,2.0720820125063044,155.72128677368164,163.29572954982163,148.14684399754165,159.38683008485253,153.47696301793349,150.81314856277183,145.28354471429674,175.6413116455078
2019-02-04,160.93759521992456,161.64677970041342,159.68943803702967,161.6373291015625,2846800,0.0,0,0.0029924842770303606,2.078282685349447,156.31842193603515,163.77919791762832,148.85764595444198,159.83124235436338,154.72039611619493,150.28115975095724,145.28354471429674,177.04078674316406
2019-02-05,161.5332856516179,163.1502178954525,160.3418611336138,163.04620361328125,1671100,0.0,0,0.008716269438190816,2.0963975572036797,156.9396659851074,164.46905912639775,149.41027284381707,159.83124235436338,155.01825807918175,150.16830787877436,145.4810481324243,177.74049377441406
2019-02-06,161.99661457975614,162.9800104724516,160.84300695024527,161.00375366210938,1422900,0.0,0,-0.012526816975243604,2.0701363686972414,157.37368698120116,164.7872405626968,149.9601333997055,160.56879818759018,155.01825807918175,150.16830787877436,145.8054727095089,178.68609619140625
2019-02-07,161.06046685703123,163.01780781202717,160.58767737448082,162.64903259277344,1113600,0.0,0,0.010218885542985001,2.0912908553073293,157.95663528442384,165.09624467175288,150.8170258970948,160.56879818759018,155.01825807918175,149.58760884486506,146.3603257531439,178.6104736328125
2019-02-08,162.55451285064677,163.57574004967566,161.7413142159604,163.04620361328125,1294600,0.0,0,0.0024418898420515145,2.0963975572036793,158.45637283325195,165.551212408902,151.3615332576019,161.45764841151794,156.2002282240519,149.58760884486506,147.17847838582927,179.574951171875
2019-02-11,163.45281472060998,164.20928093681488,162.78144716627494,163.57574462890625,1211000,0.0,0,0.003247797273961517,2.103206231475105,159.00433654785155,165.89824366788227,152.11042942782083,162.08647288336635,156.7959395779915,149.56644744944055,147.80855384920514,181.11622619628903
2019-02-12,163.6608487652927,164.29438509439336,162.70581897277862,163.197509765625,1471600,0.0,0,-0.002312291862949012,2.0983430048199616,159.53338851928712,165.990852732076,153.07592430649822,162.08647288336635,156.95197751038944,149.56644744944055,148.3398817041446,184.11373901367188
2019-02-13,163.0462263776578,164.3794966093505,162.72473288911183,164.2471160888672,1195900,0.0,0,0.006431509431422011,2.1118385176458196,160.03691024780272,166.31101671234106,153.7628037832644,162.03446732319009,157.10798336448528,149.07245254720516,149.05928434719317,183.1114044189453
2019-02-14,164.16197232281183,166.48810303334716,163.6513660064649,166.22332763671875,1832500,0.0,0,0.012031940620390147,2.137248033289987,160.60472869873047,166.96040082565455,154.2490565718064,163.08877053518842,158.11028101630734,149.07245254720516,149.05928434719317,185.04039001464844
2019-02-15,167.63229292931385,168.4549422825159,166.40303698458334,168.14291381835938,2744400,0.0,0,0.011548235791764894,2.1619294775239055,161.24015884399415,167.93686608082305,154.54345160716525,164.39840170806485,159.22135653100685,149.76508248862424,149.20506266014755,184.4351959228516
2019-02-19,168.28473518310548,168.61569368194571,167.10276115638163,167.93487548828125,1961700,0.0,0,-0.0012372708748396022,2.159254585147908,161.8514762878418,168.64926102285676,155.05369155282682,164.60168552821327,159.90689764089703,149.93292952102294,149.20506266014755,183.5274658203125
2019-02-20,167.67952606290973,167.67952606290973,165.97748097457722,167.07435607910156,1612000,0.0,0,-0.005124125686684633,2.14819029326406,162.41929550170897,168.96262501323653,155.8759659901814,164.60168552821327,160.2520377076233,149.9967511305119,149.20506266014755,184.3217315673828
2019-02-21,166.72449639675148,167.13108844159012,165.0791837406448,166.90414428710938,1407600,0.0,0,-0.0010187786802637877,2.146001762792133,162.926123046875,169.20186568208962,156.6503804116604,165.17850394895305,160.2520377076233,150.06767028878485,149.4401446977566,186.3358154296875
2019-02-22,167.50931459444004,167.79299118099163,165.65598782863194,167.0176239013672,1312600,0.0,0,0.0006799089066511499,2.1474608485043447,163.44524612426758,169.248523640861,157.64196860767416,165.66075632736215,161.29217747754495,150.8383169369716,149.4401446977566,182.0334625244141
2019-02-25,167.59444761083583,167.86865920581434,164.59696354636912,164.7482452392578,1946500,0.0,0,-0.013587659847499434,2.1182818809590453,163.7676872253418,169.08247865824646,158.45289579243715,165.66075632736215,161.40091657314065,151.14919944034813,149.4401446977566,184.50140380859372
2019-02-26,165.32506532405395,165.77895373250254,163.9823445796127,164.54969787597656,1853700,0.0,0,-0.0012051561641394093,2.1157290204928225,164.04994354248046,168.87350366228142,159.2263834226795,165.67021328552877,161.45292306097386,151.37378177828924,149.4401446977566,183.7165679931641
2019-02-27,164.81443474025113,167.15001619676454,162.365388412455,163.7742919921875,1632200,0.0,0,-0.0047122899269830265,2.1057590919413287,164.22771148681642,168.7206886131471,159.73473436048573,165.49054104720034,161.45292306097386,151.52743379590513,149.4401446977566,182.5440673828125
2019-02-28,163.1312790406723,168.96549923573477,163.008349164197,166.563720703125,2888500,0.0,0,0.01703215246426204,2.1416247018482792,164.49625396728516,168.87076469445222,160.1217432401181,165.6654438240949,162.07223810737923,151.5652564721157,150.50216355170988,185.1065826416016
2019-03-01,166.61101448843286,168.4927218652554,164.78605397063208,168.23741149902344,2048000,0.0,0,0.010048351398691091,2.1631444994165676,164.7364288330078,169.37375506013933,160.09910260587628,165.6654438240949,162.07223810737923,151.60843340064883,150.50216355170988,185.54151916503903
2019-03-04,169.2586656401864,169.97730059058262,167.2162112400381,169.91111755371094,1678000,0.0,0,0.009948477213091333,2.184664493177637,165.17423095703126,170.0271194084943,160.32134250556823,166.1713445015188,163.31569461802997,151.92045767283872,150.50216355170988,186.01431274414065
2019-03-05,169.66527472064135,172.01032160511556,169.66527472064135,171.20657348632812,1991500,0.0,0,0.007624315296541395,2.201321064090782,165.65269317626954,170.89225205235368,160.4131343001854,167.18785500878528,164.33220512529644,153.07982072053943,150.72532986375518,186.77426147460935
2019-03-06,171.21601164279065,172.36960485099715,171.0363493083118,171.76443481445312,1226000,0.0,0,0.0032584106834516735,2.208493872163723,166.08860473632814,171.8212664107781,160.35594306187818,167.36749663172606,165.40069697216495,153.07982072053943,150.72532986375518,186.80274963378903
2019-03-07,172.1048541713757,173.0126164947653,170.97016208843317,171.8590087890625,1375900,0.0,0,0.0005506027758979126,2.2097098750202897,166.6313674926758,172.39129878300864,160.87143620234295,167.68900245361016,166.35102726589747,154.25706047917546,151.3824997374304,188.04714965820312
2019-03-08,171.14983490580107,172.78568287903892,170.62031286325424,171.7266387939453,1276000,0.0,0,-0.0007702243603631143,2.208007902645214,167.0852478027344,172.94924282831255,161.22125277715622,167.68900245361016,166.35102726589747,155.24754765116768,152.31861736162475,186.2708282470703
2019-03-11,172.38854379243102,175.2158308298973,172.142698391588,175.0834503173828,1586700,0.0,0,0.0195474129524269,2.251168744920442,167.68711013793944,174.21071650270832,161.16350377317056,168.79060962117615,167.4526344334635,156.431896551393,153.47696301793349,182.5756072998047
2019-03-12,175.4332830965554,176.61525692997068,175.01722599865062,175.6413116455078,1618300,0.0,0,0.003186259621418941,2.2583415529933824,168.29038848876954,175.39393972456605,161.18683725297302,169.81180304708386,168.1523474835002,156.431896551393,153.47696301793349,181.59718322753903
2019-03-13,175.59405174458522,177.34337900795109,175.59405174458522,177.04078674316406,1512600,0.0,0,0.007967801450269096,2.276335570094526,168.9825523376465,176.64808340793135,161.31702126736164,171.06471648929158,168.84262007078246,157.27581923527916,153.47696301793349,183.2500457763672
2019-03-14,176.52068872968027,177.8066768046262,175.66022276657569,177.74049377441406,1183800,0.0,0,0.00395223634125097,2.2853321862595357,169.65722122192383,177.89700258893063,161.41743985491703,172.51144402233214,169.19717708955352,157.42475021677257,153.47696301793349,182.68960571289065
2019-03-15,177.76888324591917,178.71446241212087,177.40955854567676,178.68609619140625,2541700,0.0,0,0.005320129346508606,2.2974904490901755,170.2803596496582,179.2482049197317,161.3125143795847,174.1898685663811,169.65106989330084,157.79352813338596,153.47696301793349,183.71551513671875
2019-03-18,178.81850223335542,179.16836195772527,177.2961189812341,178.6104736328125,1556200,0.0,0,-0.0004232145656858366,2.2965181176675964,170.80373764038086,180.41731693667242,161.1901583440893,174.89433741048975,170.4548380868428,157.79352813338596,153.47696301793349,183.55401611328125
2019-03-19,179.11161216491334,179.86807841833073,178.2511316212961,179.574951171875,1848200,0.0,0,0.005399893519375976,2.308919070968319,171.38574142456054,181.62987872745717,161.1416041216639,175.2441956407925,171.11673341539284,158.82893831778492,153.47696301793349,182.66110229492188
2019-03-20,179.92480164734238,181.70249508756788,178.63881341091405,181.11622619628903,1537900,0.0,0,0.008582906548802782,2.328736307583189,172.08783493041992,182.96600054071683,161.209669320123,176.16140397541108,172.03394175001142,159.44120623067892,153.47696301793349,183.5350341796875
2019-03-21,180.75692984705532,184.1515558345412,180.41652074565548,184.11373901367188,1761300,0.0,0,0.016550216843267407,2.3672773984444806,172.94831466674805,184.74443780364018,161.1521915298559,178.14712711306458,173.2584721234981,159.5192251968779,153.47696301793349,182.80357360839844
2019-03-22,183.6693071067669,186.0805224991685,182.69536169508945,183.1114044189453,2050300,0.0,0,-0.005444105367129248,2.3543896908541253,173.75300369262695,186.01278612635213,161.49322125890177,180.54887424890956,174.22295545581176,159.57122534383768,153.47696301793349,185.52037048339844
2019-03-25,183.53692259774124,185.62664448273708,182.99793554541992,185.04039001464844,2157600,0.0,0,0.010534491840222815,2.3791919898411327,174.7676109313965,187.23776626319278,162.2974555996002,180.83728712187684,174.22295545581176,160.59952577574788,154.47926066975552,183.2500457763672
2019-03-26,185.94811374035916,185.9670293612405,183.4045182248835,184.4351959228516,1948100,0.0,0,-0.0032706053621532893,2.371410591761566,175.76188583374022,187.98049803090376,163.54327363657669,180.8703726328721,174.22295545581176,161.80987911953585,155.4626802943399,183.14553833007807
2019-03-27,184.43522821245455,185.37134239829544,182.1374632242037,183.5274658203125,2250600,0.0,0,-0.004921675052297458,2.359739279413339,176.7495445251465,188.0847841403762,165.41430490991678,181.68832074020128,174.22295545581176,162.25429158455515,155.54305599405478,183.28802490234372
2019-03-28,183.44234990839877,184.3784784346268,182.68588372412893,184.3217315673828,2455300,0.0,0,0.004327775919098498,2.369951702242135,177.63744506835937,188.40384870916023,166.8710414275585,181.68832074020128,174.22295545581176,162.4268616179183,155.54305599405478,182.5565948486328
2019-03-29,184.82289752435003,186.5911258270377,184.06643135748524,186.3358154296875,3017700,0.0,0,0.010927001635552713,2.395848168368716,178.54236526489257,189.03219204303565,168.05253848674948,182.42112872416692,174.47825711974633,162.71527082828817,155.54305599405478,180.34329223632807
2019-04-01,186.7897251622818,187.40436035309412,181.7025184324949,182.0334625244141,4105700,0.0,0,-0.02308924290991643,2.340529848033972,179.14848251342772,188.9440071590163,169.35295786783914,183.0215868820041,174.88487438277457,163.47646690245355,155.54305599405478,182.04364013671875
2019-04-02,182.49678057685608,185.1444051496601,181.65521568915557,184.50140380859372,2762400,0.0,0,0.013557624240920108,2.3722618722382744,179.813224029541,189.151641222069,170.474806837013,183.9104405493748,174.88487438277457,163.5308364502514,155.54305599405478,182.87960815429688
2019-04-03,184.44466798371928,185.25786663555684,182.01453705394425,183.7165679931641,2230300,0.0,0,-0.004253820292033361,2.36217069654813,180.41083068847655,189.1139334500808,171.7077279268723,184.52978802112483,174.88487438277457,163.56156817325132,155.54305599405478,185.86233520507807
2019-04-04,184.3312114930613,184.44467637993628,182.16582704590664,182.5440673828125,1684000,0.0,0,-0.006382116883411504,2.3470950470641903,180.94508361816406,188.73758269482664,173.15258454150148,184.52978802112483,175.20635475864555,163.4717320540871,155.54305599405478,187.0212554931641
2019-04-05,182.74263459506724,185.3146112239681,181.84433722306292,185.1065826416016,1656500,0.0,0,0.014037789863722283,2.380043074125061,181.61408081054688,188.33960986148347,174.8885517596103,184.52978802112483,176.0952071618631,163.86884096573706,155.71795877094934,188.15167236328125
2019-04-08,184.45410904753408,185.7779139234872,183.62199488071155,185.54151916503903,2166500,0.0,0,0.002349654546211166,2.385635353154357,182.1369842529297,188.35169069480054,175.92227781105885,184.52978802112483,177.31028579656612,163.86884096573706,155.71795877094934,190.4314727783203
2019-04-09,185.4658751611572,186.40200361927583,185.2862128322705,186.01431274414065,1708200,0.0,0,0.002548182106243635,2.391714386473287,182.65563430786133,188.3163164038557,176.99495221186697,184.52978802112483,178.53481753686773,164.74351955977437,156.22385944837325,191.90386962890625
2019-04-10,186.62228448032224,187.39172146312973,186.1853125731432,186.77426147460935,1304500,0.9,0,0.004085431487812485,2.401485571737639,183.1423080444336,188.4471147302558,177.8375013586114,184.52978802112483,179.01233660817417,165.76003006704087,157.24036995563972,192.29330444335935
2019-04-11,187.24921555335985,187.31571726230703,185.65334847509408,186.80274963378903,1027100,0.0,0,0.0001525272216567064,2.401851863659745,183.59542083740234,188.50663597898057,178.68420569582412,184.52978802112483,179.01233660817417,166.3840968019455,157.4200115785805,188.3226318359375
2019-04-12,186.7932417655545,188.14213345647065,185.04538333462415,188.04714965820312,1412300,0.0,0,0.006661572310116659,2.4178519735277026,184.0634735107422,188.79296114276192,179.33398587872247,184.8986745728131,179.38122315986243,167.02001485975381,157.7415174004646,188.24664306640625
2019-04-15,186.8502831965498,187.92370330657937,184.77945322626104,186.2708282470703,1765500,0.0,0,-0.009446149087404265,2.3950125833144855,184.44649124145508,188.5389017690847,180.35408071382545,184.99323533976678,180.1424159240293,167.02001485975381,157.7415174004646,190.62147521972656
2019-04-16,186.34681122987564,186.34681122987564,181.48319919691463,182.5756072998047,2108300,0.0,0,-0.01983789400648539,2.347500577542494,184.59652404785157,188.14140245329762,181.05164564240553,184.81266632669264,181.57967972756063,168.1216220273198,158.8431245680306,192.75880432128903
2019-04-17,184.37096283516044,184.37096283516044,179.93481426958496,181.59718322753903,2105100,0.0,0,-0.005359007628324641,2.3349203040399473,184.62057189941407,188.07509292220024,181.1660508766279,184.0384738630278,181.86809260052792,168.98207526529202,159.54283761806727,192.8347930908203
2019-04-18,181.36918373191943,183.9054963832469,180.53325954020423,183.2500457763672,1325400,0.0,0,0.009101807194647593,2.356172298462187,184.57738723754883,188.07796101596165,181.07681345913602,184.0384738630278,181.90117811152317,169.95366828003702,161.15033175531892,192.4073028564453
2019-04-22,182.9175784646751,183.24054952617445,181.37870441130184,182.68960571289065,942500,0.0,0,-0.003058335189506489,2.3489663338092597,184.5562973022461,188.09723476437878,181.0153598401134,184.0384738630278,182.71912621885235,170.85431055594285,161.67984261664333,191.05844116210935
2019-04-23,183.8960032313506,184.65594623757065,182.8700823471596,183.71551513671875,1457700,0.0,0,0.005615587267949973,2.3621571592462423,184.49005355834962,188.04196029616915,180.93814682053008,184.0384738630278,182.71912621885235,171.920469229841,162.13373542039068,194.440185546875
2019-04-24,184.27596843874983,184.760425003441,182.84157231506748,183.55401611328125,1324500,0.0,0,-0.0008790712276930401,2.36008065485226,184.44599456787108,188.0215693179062,180.87041981783597,184.0384738630278,183.19663253888336,172.67458774866628,162.36068519319286,198.3159027099609
2019-04-25,182.79409123728323,183.63003001481627,181.2552171192862,182.66110229492188,993100,0.0,0,-0.004864583392216848,2.3485998456943733,184.40267639160157,188.04282802373876,180.76252475946438,184.0384738630278,183.39047343369236,173.18046452809267,163.89251356836573,198.8098297119141
2019-04-26,182.8225903576725,183.66802311334203,182.04364482147696,183.5350341796875,870000,0.0,0,0.004784444382442077,2.35983659103271,184.36334152221679,188.0233048157688,180.70337822866477,183.92925878808217,184.0384738630278,174.09767286271125,165.4054332569239,197.59393310546875
2019-04-29,183.24053100161612,184.20945858286825,182.3476136562174,182.80357360839844,901400,0.0,0,-0.003985400251011129,2.350431697690463,184.18672943115234,187.78873593782777,180.58472292447692,183.1408127497303,184.0384738630278,175.70279961828135,166.7860015628085,202.11557006835935
2019-04-30,183.1550518229831,185.7198466325827,181.54967612329887,185.52037048339844,1476200,0.0,0,0.014861836786735472,2.3853634299599085,184.36107482910157,187.86445678845465,180.8576928697485,182.8273304510838,184.0384738630278,177.38591485236066,167.906490749218,202.04905700683597
2019-05-01,185.18788651023652,185.2828848135866,182.51859942574865,183.2500457763672,1384700,0.0,0,-0.01223760334843882,2.356172298462188,184.29850692749022,187.83452912272065,180.7624847322598,183.12655308639347,184.0384738630278,177.5301212888443,167.906490749218,201.8210601806641
2019-05-02,183.601498260186,184.02896160058123,182.51858436698927,183.14553833007807,1412700,0.0,0,-0.0005702997008615318,2.3548285741051966,184.26995544433595,187.8337262462058,180.7061846424661,183.48753187593445,184.0384738630278,177.54666404434192,168.03414663933313,199.3417816162109
2019-05-03,183.65849507063797,184.78890813393969,182.6420828631457,183.28802490234372,1059100,0.0,0,0.0007779964151179986,2.356660622294068,184.3071533203125,187.812514344256,180.801792296369,183.48753187593445,184.0384738630278,177.95563809800652,168.63931204950842,198.5058441162109
2019-05-06,182.794076118544,183.8484935367377,180.93223107947625,182.5565948486328,1548700,0.0,0,-0.003990604700446876,2.3472561213373835,184.17965393066407,187.74507164929594,180.6142362120322,183.32603885602947,184.0384738630278,177.95563809800652,168.9844521162347,200.9091644287109
2019-05-07,182.3571288792939,182.68009994567385,179.089384103737,180.34329223632807,1510000,0.0,0,-0.012123925811280079,2.318798162262216,183.91974258422852,187.79785961959797,180.04162554885906,182.40461536815985,183.61575878010382,178.44969292195663,169.23975378016928,198.54383850097656
2019-05-08,180.647249121928,183.8199953822568,180.647249121928,182.04364013671875,1339000,0.0,0,0.009428395585473037,2.3406607086188917,183.72120895385743,187.55592032509006,179.8864975826248,182.40461536815985,183.61575878010382,178.95323063238934,170.68651081311913,200.65267944335935
2019-05-09,182.110171042131,183.2595724459538,180.57128232309068,182.87960815429688,1240400,0.0,0,0.004592129760480956,2.351409326318129,183.5264762878418,187.10561618228962,179.94733639339398,182.40461536815985,183.61575878010382,179.3976574660747,170.79524990871488,203.3694610595703
2019-05-10,182.8700626580145,186.40378493596987,182.69908310974523,185.86233520507807,1283100,0.0,0,0.016309784786200154,2.3897603063746415,183.47945556640624,186.90497746712083,180.05393366569166,182.74658451985343,183.61575878010382,179.7073312019497,170.84725639654806,204.5334014892578
2019-05-13,184.77943171133663,187.51520610149245,184.3614623545153,187.0212554931641,1790600,0.0,0,0.006235369241472721,2.4046613442835025,183.42816085815429,186.59698535315732,180.25933636315125,183.30229510261472,183.61575878010382,179.8680713898852,170.84725639654806,206.2315368652344
2019-05-14,187.32522766615227,190.3459970350276,186.85026511400957,188.15167236328125,1788000,0.0,0,0.006044322968190574,2.4191958940774754,183.52220306396484,187.11149327829955,179.93291284963013,184.71769056938228,184.71769056938228,180.31249759149398,171.2916686660589,207.51947021484372
2019-05-15,188.27513889202524,191.12491399481485,187.1542343090534,190.4314727783203,1285400,0.0,0,0.012116822489024903,2.44850886129219,183.9149963378906,188.57654694138435,179.25344573439688,185.1071490492759,185.1071490492759,180.92003690884547,171.2916686660589,205.2870330810547
2019-05-16,191.7043789834907,193.19576832361247,190.17499901765984,191.90386962890625,1507400,0.0,0,0.0077318986672960666,2.4674404836936774,184.430330657959,190.12893480189655,178.73172651402143,186.14257621367472,186.14257621367472,181.53230277899627,172.0292244992857,204.68600463867188
2019-05-17,190.8304263693313,192.58779335918825,190.48845280083444,192.29330444335935,1421400,0.0,0,0.0020293223644012315,2.472447715850066,184.8824935913086,191.5056578694965,178.25932931312067,186.14257621367472,186.14257621367472,181.7710623146495,172.0292244992857,201.11795043945312
2019-05-20,189.78550996281876,190.89693497161736,187.50569575360757,188.3226318359375,2764800,0.0,0,-0.020649042455825217,2.42139403799567,185.16414489746094,191.86981884457478,178.4584709503471,186.8835253233516,186.14257621367472,181.7710623146495,172.91807472321346,196.33831787109372
2019-05-21,189.49104254720064,190.0040101848249,188.07566351700208,188.24664306640625,1338100,0.0,0,-0.0004035031201000683,2.4204169979463472,185.3907012939453,192.19183111757187,178.58957147031876,186.8835253233516,186.14257621367472,182.13994886633776,173.91578574675015,196.385986328125
2019-05-22,188.6171326038408,191.16293950447303,188.29416153646952,190.62147521972656,998000,0.0,0,0.012615535207618933,2.4509518538010586,185.74407424926758,192.8574732864028,178.63067521213236,187.94742571667885,186.14257621367472,182.56782563189805,173.91578574675015,195.05035400390625
2019-05-23,190.1465102316636,193.64224222339192,190.1465102316636,192.75880432128903,1436800,0.0,0,0.011212425562748374,2.478432969019683,186.24895935058595,193.83822268293224,178.65969601823966,189.00185228895361,186.36581316356444,183.19617302712663,173.91578574675015,192.9992218017578
2019-05-24,193.9177071126258,195.0291177275283,192.76829137712292,192.8347930908203,1412600,0.0,0,0.00039421685457563527,2.4794100090690065,186.71394729614258,194.71413456218784,178.71376003009732,190.93969142076895,187.05925091563265,182.95328323177785,173.91578574675015,196.17613220214844
2019-05-28,193.92717409016817,194.49713486200457,192.34080115202576,192.4073028564453,1936300,0.0,0,-0.002216872938348158,2.473913472116832,187.19413375854492,195.35089348250023,179.03737403458962,191.09167601829085,187.05925091563265,182.9698259872755,174.2419972950422,200.50738525390625
2019-05-29,192.4928228537297,193.24325730961812,190.203499870091,191.05844116210935,1448500,0.0,0,-0.0070104495739559125,2.4565702264702267,187.47103729248045,195.75810603480568,179.1839685501552,191.26740674056794,187.05925091563265,183.37880004094006,174.36490541547573,199.4293365478516
2019-05-30,191.25793042653905,194.7536625926308,190.48849335727837,194.440185546875,1568600,0.0,0,0.017700052215417816,2.5000516477495904,188.03054428100583,196.6111847414336,179.44990382057807,191.26740674056794,187.05925091563265,183.37880004094006,174.36490541547573,199.34349060058597
2019-05-31,194.44020586834029,199.7217880512801,193.993739831788,198.3159027099609,2706200,0.0,0,0.019932696279759243,2.5498844179278946,188.78906249999997,198.16270817195797,179.41541682804197,193.61374190244385,189.40558607750853,183.61755320095557,174.94172383621552,201.5949859619141
2019-06-03,198.40136885190265,199.2847922903688,196.15954490180795,198.8098297119141,1730800,0.0,0,0.0024906071333854474,2.556235178248494,189.56515274047848,199.54583744316727,179.5844680377897,193.8987257841411,189.40558607750853,183.71447364836007,175.25376093446283,201.8048553466797
2019-06-04,198.76235152270743,199.0473174832944,196.07406150174216,197.59393310546875,2351500,0.0,0,-0.006115877711918127,2.540601556495423,190.3170196533203,200.33849524831572,180.29554405832488,194.0079747938748,189.40558607750853,183.98386632555497,175.25376093446283,199.6392364501953
2019-06-05,199.11380323675527,202.29605815872964,198.2588764341358,202.11557006835935,2193300,0.0,0,0.02288348074167401,2.598739363285753,191.40563354492184,201.5875222648579,181.22374482498577,196.22128419519663,190.69272113123333,183.58964330637906,175.25376093446283,199.37208557128903
2019-06-06,202.20104849489744,203.00849059235637,200.9091498357869,202.04905700683597,1237800,0.0,0,-0.0003290843031087398,2.597884158953425,192.4059043884277,202.64348781885573,182.16832095799967,196.6059952312237,191.04893734804668,183.43290215705582,175.25376093446283,201.0130157470703
2019-06-07,202.85647489192496,203.77790324809783,201.4125849170915,201.8210601806641,1132200,0.0,0,-0.0011284231144130796,2.5949526464198946,193.35297698974608,203.3906764356136,183.31527754387855,196.99070155909442,191.4336436759174,183.58251347471065,175.25376093446283,199.6869201660156
2019-06-10,202.33403978700957,202.846992946827,198.5628361018254,199.3417816162109,1976600,0.0,0,-0.012284538403642298,2.563074850979316,194.0269493103027,203.76478553191026,184.28911308869516,196.99070155909442,191.4336436759174,183.7630028694811,175.25376093446283,199.1431579589844
2019-06-11,199.332274293296,199.93073172895416,197.0809565034677,198.5058441162109,1715600,0.0,0,-0.004193488656630051,2.5523266256656405,194.60117874145504,203.96198378645414,185.24037369645595,197.1331983026881,191.4336436759174,183.7630028694811,175.25376093446283,199.0668182373047
2019-06-12,199.037810768309,201.72610061799656,199.02831673513035,200.9091644287109,2974400,0.0,0,0.012107050667450547,2.5832277734424576,195.23905334472653,204.49185157090045,185.9862551185526,198.88582153994292,191.4336436759174,183.68225635952865,175.25376093446283,196.10934448242188
2019-06-13,201.47911805478395,202.0015652602506,198.0878785147829,198.54383850097656,2586500,0.0,0,-0.011773111169220196,2.5528151456903023,195.64467163085936,204.72674342971172,186.562599832007,199.92598237492,192.17459278559426,183.01018707413184,175.25376093446283,197.19692993164065
2019-06-14,198.5343504800093,201.336626690714,197.75540492258048,200.65267944335935,1568100,0.0,0,0.010621538086020399,2.5799299689868214,196.082112121582,205.24463439160388,186.91958985156015,199.92598237492,192.17459278559426,183.01018707413184,175.25376093446283,197.2923126220703
2019-06-17,201.11814321221263,203.93942191711477,200.71917640981425,203.3694610595703,1780900,0.0,0,0.0135397225880447,2.6148615050634856,196.63591995239256,206.151512034461,187.1203278703241,200.51018921029123,193.31925251343,183.01018707413184,175.25376093446283,195.37474060058597
2019-06-18,204.4475427404228,206.0312275972839,203.5221374058271,204.5334014892578,1696600,0.92,0,0.005723280297952771,2.6298270903972907,197.44645843505856,206.74844566776343,188.14447120235369,201.5560920503758,195.1963449758996,183.18117164997864,175.25376093446283,195.97576904296875
2019-06-19,203.69382743307148,207.06153377323548,203.3885470704068,206.2315368652344,1421300,0.0,0,0.008302484404073107,2.6516611888007233,198.34570312499997,207.38721081018008,189.30419543981986,202.07124513835157,196.9558994436225,183.45902694135927,175.5752413103338,195.18389892578125
2019-06-20,206.22199595680488,208.7310711808209,205.9739402021461,207.51947021484372,1839900,0.0,0,0.006245084380333887,2.6682210366728403,199.19060287475583,208.34563811922868,190.03556763028297,202.9060138421443,197.94265274493716,184.71769056938228,177.56602550282986,196.11888122558597
2019-06-21,207.46222284401307,207.91060107152077,204.3902620687773,205.2870330810547,2420400,0.0,0,-0.010757723752271575,2.6395170518503144,199.81701431274413,208.8380125422387,190.79601608324958,202.9060138421443,198.11838346721424,185.1071490492759,179.17056261742647,199.0572509765625
2019-06-24,205.8880705338129,206.06933755804903,204.13266855946867,204.68600463867188,1064000,0.0,0,-0.0029277467425110615,2.6317892143999573,200.40957489013672,209.06375411038002,191.75539566989343,203.2432380517007,198.11838346721424,186.14257621367472,181.43052152212692,201.8907165527344
2019-06-25,205.1534709600292,205.50647000807984,201.0034721304973,201.11795043945312,1542400,0.0,0,-0.017431842521511753,2.5859122792647242,200.8451072692871,208.67337260701524,193.01684193155896,203.2432380517007,198.11838346721424,186.14257621367472,181.90804059343336,201.6903533935547
2019-06-26,201.16568130332988,201.16568130332988,195.7945167168092,196.33831787109372,2434100,0.0,0,-0.023765320588816974,2.5244572449334397,201.10910110473634,207.8723210730911,194.3458811363816,202.26279394881504,198.4033673489115,186.51305076851315,181.90804059343336,205.563720703125
2019-06-27,197.41632017280247,198.6279355932205,196.09977601248733,196.385986328125,2044600,0.0,0,0.00024278733539206954,2.5250701511812483,201.20639114379884,207.62675023899868,194.786032048599,202.26279394881504,198.5126163586452,186.51305076851315,181.90804059343336,204.0659027099609
2019-06-28,196.58633440832307,197.36864167788568,194.25851172761563,195.05035400390625,2965500,0.0,0,-0.006801057189422588,2.507897004675761,201.0431137084961,207.90505662172532,194.18117079526687,201.49479145421827,199.43879070624223,187.04500096517677,182.66923335760023,206.9756622314453
2019-07-01,195.5750858750003,196.05209827957344,190.30886485247876,192.9992218017578,3039800,0.0,0,-0.010515911199563188,2.48152418247694,200.7525833129883,208.4219384784547,193.08322814752188,199.51996801664984,199.46728552545596,187.68383272625903,184.32973411102125,207.4335784912109
2019-07-02,193.5907184845769,196.74853837089915,193.3617472827184,196.17613220214844,3224300,0.0,0,0.01646074202130121,2.5223719118643135,200.68169326782225,208.492971352837,192.8704151828075,199.51996801664984,199.46728552545596,188.99947116820078,185.31158473605677,210.8585662841797
2019-07-03,196.92025733982263,202.1483090318067,196.9107077754226,200.50738525390625,1408700,0.0,0,0.02207838947143026,2.57806182132625,200.6012840270996,208.38462268674826,192.81794536745096,199.10973296199978,199.46728552545596,189.07546346696176,185.344670247052,212.01292419433597
2019-07-05,199.3911819612844,200.6027975257909,196.7294591910161,199.4293365478516,1735500,0.0,0,-0.005376603483654763,2.56420060515663,200.47029800415038,208.2397819511962,192.70081405710457,198.1891012052639,199.51996801664984,189.1633288281003,186.1626183543812,212.00338745117188
2019-07-08,199.28625143843104,200.72682372929805,198.73291527549335,199.34349060058597,1227600,0.0,0,-0.0004304579694824895,2.563096824570789,200.34641952514647,208.10468207159346,192.5881569786995,197.9076674302793,199.51996801664984,189.1633288281003,186.1626183543812,210.9348907470703
2019-07-09,199.8395837557114,201.90981590497168,199.2099238695962,201.5949859619141,1483200,0.0,0,0.011294551703417977,2.59204585417677,200.45907974243164,208.2211954459795,192.69696403888378,196.22858694214273,199.51996801664984,191.5096639899762,188.9864598362881,208.81695556640625
2019-07-10,202.1387698339772,202.66347180364104,200.3833532205086,201.8048553466797,1858600,0.0,0,0.0010410446656905492,2.594744289686486,200.62403030395507,208.35288680151115,192.895173806399,196.4861683280599,199.51996801664984,191.65215593082482,189.18030073109708,213.892333984375
2019-07-11,201.9098202694876,201.9098202694876,198.52302911373403,199.6392364501953,1398200,0.0,0,-0.010731252688465087,2.5668994330519084,200.5605339050293,208.29995041518677,192.82111739487183,196.4861683280599,199.51996801664984,191.70678043569166,189.40558607750853,212.6807556152344
2019-07-12,199.88726708161772,199.88726708161772,197.8838093099169,199.37208557128903,1263300,0.0,0,-0.0013381682060926714,2.563464489842361,200.60194625854493,208.30615876969347,192.8977337473964,196.4861683280599,199.51996801664984,193.45700266321498,190.69272113123333,214.8368682861328
2019-07-15,200.66003124116253,201.6331405807542,199.37209198119524,201.0130157470703,1640300,0.0,0,0.008230491099490145,2.5845630615098676,200.61996307373047,208.32627366775327,192.91365247970768,198.01260954317974,199.51996801664984,193.8274662896352,191.04893734804668,215.1898193359375
2019-07-16,201.4709418087092,201.86209545401215,199.41025939083943,199.6869201660156,1430600,0.0,0,-0.006597063260437408,2.5675125354924972,200.43583602905272,208.0448863988171,192.82678565928833,199.69646549732857,199.51996801664984,194.21217261750593,191.4336436759174,216.9261474609375
2019-07-17,200.4120127915868,201.8144159673428,198.265456819486,199.1431579589844,1395000,0.0,0,-0.0027230737325164567,2.560521009549191,200.16632385253905,207.55191872480708,192.78072898027102,199.69646549732857,199.51996801664984,194.21217261750593,191.4336436759174,218.0041961669922
2019-07-18,199.0572686726574,199.7823368372169,195.58461898337427,199.0668182373047,1279400,0.0,0,-0.000383340921486397,2.559539457065905,199.80808792114257,206.65166768084293,192.9645081614422,199.12404539350766,199.51996801664984,194.28342098930275,191.4336436759174,216.1534118652344
2019-07-19,199.5342901765244,199.80141596809835,195.85175369866695,196.10934448242188,1847200,0.0,0,-0.014856688729295131,2.521513176061928,199.2375816345215,205.25931183049383,193.21585143854915,199.12404539350766,199.51996801664984,195.15973260793015,191.4336436759174,219.49246215820312
2019-07-22,196.48141130739137,197.6357877597095,195.26979569429545,197.19692993164065,1259200,0.0,0,0.005545811455793581,2.5354970127196665,198.83307647705078,204.2221620216972,193.44399093240438,198.96663374896826,199.51996801664984,196.05028758025713,191.4336436759174,219.2253570556641
2019-07-23,197.025186868281,198.1890981771896,196.03299301941053,197.2923126220703,1165300,0.0,0,0.00048369257301694724,2.536723413793626,198.4633918762207,203.1584128647206,193.7683708877208,198.5898079818915,199.51996801664984,196.05028758025713,191.4336436759174,219.55926513671875
2019-07-24,197.3114244186885,197.7598027008567,195.1744035362309,195.37474060058597,1932400,0.0,0,-0.009719446216627903,2.512067867006798,198.17623138427734,202.8893876740891,193.46307509446558,198.51824949512152,199.51996801664984,196.91472086186062,191.5144030104259,219.8168487548828
2019-07-25,197.5117495248389,197.5117495248389,194.4588731327792,195.97576904296875,1058800,0.0,0,0.0030762852993955203,2.5197957044571546,198.1581039428711,202.90242061862784,193.41378726711434,198.16048429339565,199.51996801664984,198.3762185131377,192.56030585051045,219.60696411132807
2019-07-26,196.05206484780368,196.60540088962256,194.28711342894587,195.18389892578125,1336800,0.0,0,-0.004040653194293031,2.509614083894974,198.0979995727539,202.96087149648682,193.235127649021,198.074604441479,199.51996801664984,199.51357229098704,193.07545893848624,226.90524291992188
2019-07-29,195.26025018829347,197.4831296749849,194.7641532261198,196.11888122558597,1875400,0.0,0,0.00479026346409972,2.521635796550046,198.15142593383788,202.90010720960834,193.40274465806743,198.05076469814435,199.10973296199978,200.4243332935407,193.91022764227893,229.9867706298828
2019-07-30,197.0442582454732,199.39116544974192,196.13793767760853,199.0572509765625,2080100,0.0,0,0.014982594906793656,2.5594164441922254,198.45432739257814,202.57472759405286,194.3339271911034,197.0442646985221,198.1891012052639,200.51219865467925,193.91022764227893,224.9113311767578
2019-07-31,199.9826670185593,203.8560052437726,199.7250908126749,201.8907165527344,2845100,0.0,0,0.014234425333772505,2.5958482664651092,198.74005661010744,202.98101979361635,194.49909342659853,199.07155933635923,197.9076674302793,200.68081075945747,193.91022764227893,221.89663696289065
2019-08-01,200.45011844544504,204.02771085888008,198.9141381869865,201.6903533935547,1691400,0.0,0,-0.000992433741386911,2.5932720590579486,198.79920501708986,203.16955975323665,194.42885028094307,199.15741214391298,197.1682878556794,200.68081075945747,193.91022764227893,213.7015686035156
2019-08-02,202.00521234643588,206.7371671075871,201.2229050386192,205.563720703125,1802200,0.0,0,0.019204524383039212,2.6430746155479814,199.10592422485354,204.387137499324,193.82471095038306,200.51214026826648,198.52301598003294,200.33308064886327,193.91022764227893,206.26971435546875
2019-08-05,204.7623513082032,206.2601627024122,201.6045314903631,204.0659027099609,2268700,0.0,0,-0.007286392696341792,2.623816135973366,199.34204483032227,205.05418022565797,193.62990943498656,200.51214026826648,198.52301598003294,200.3877051537301,193.91022764227893,202.92105102539065
2019-08-06,204.19944677381287,207.0519859567055,203.34083033984467,206.9756622314453,1988200,0.0,0,0.014258920686127885,2.6612289221511927,199.61107864379883,206.17549413854942,193.04666314904824,200.66954969282568,198.68042540459214,200.46679108023025,193.91022764227893,208.78836059570312
2019-08-07,206.0979497665821,208.94093922744136,201.81437372709323,207.4335784912109,1827800,0.0,0,0.002212415966344583,2.667116667508658,199.89251480102538,207.25257367810488,192.5324559239459,201.61402632819363,201.1513432550799,199.4936267710529,193.91022764227893,205.46832275390625
2019-08-08,207.53854948458823,211.19246623126617,206.0693576914285,210.8585662841797,1389700,0.0,0,0.016511250579008374,2.7111540991293435,200.4534812927246,209.2397850328614,191.66717755258782,202.97830972869298,202.73978983010602,199.4936267710529,193.91022764227893,206.80393981933597
2019-08-09,211.43096849237247,214.3789161457112,209.38935603187585,212.01292419433597,1251300,0.0,0,0.005474560177937127,2.725996475396688,201.08552322387695,211.2030323964246,190.9680140513293,205.25842691165985,204.33301478732852,199.28850924372787,193.91022764227893,211.1256866455078
2019-08-12,211.80303584248333,212.71890603507492,210.29567494552265,212.00338745117188,883800,0.0,0,-4.498189532708974e-05,2.7258738549085697,201.63504180908203,212.82623297147885,190.4438506466852,206.64652716634885,204.33301478732852,198.85453461095688,193.91022764227893,211.4214630126953
2019-08-13,212.442237132428,213.3104032009382,209.28441734897595,210.9348907470703,2468800,0.0,0,-0.005039998261101686,2.712135455419848,202.19744033813475,214.05843504339015,190.33644563287936,206.64652716634885,204.33301478732852,198.71381772346456,193.91022764227893,216.63043212890625
2019-08-14,210.9062722344239,211.43097423535772,208.41626689212745,208.81695556640625,2092700,0.0,0,-0.01004070579866112,2.6849037012258594,202.68113021850587,214.79354156788307,190.56871886912867,207.8009105921652,204.33301478732852,197.87427747939628,193.91022764227893,215.1898193359375
2019-08-15,209.1699146494654,214.24533302091976,208.78831059387616,213.892333984375,1773200,0.0,0,0.024305394186990403,2.7501613440382635,203.4224060058594,216.35533495106074,190.48947706065803,207.99172381803714,204.33301478732852,198.00306817235486,193.91022764227893,215.01809692382807
2019-08-16,214.7510023773063,215.06581777154716,211.72673075270927,212.6807556152344,1681900,0.0,0,-0.0056644310086826355,2.734583244842213,204.25097656250003,217.32776078695989,191.17419233804017,208.4400957493202,204.6764656002465,198.00306817235486,193.91022764227893,214.8082275390625
2019-08-19,213.73973092328023,215.313880733304,212.5853689531941,214.8368682861328,1415900,0.0,0,0.010137789216806636,2.7623058733742343,205.13297348022462,218.5662627371327,191.69968422331655,208.5641272301986,204.80049708112494,198.00306817235486,193.91022764227893,211.8316650390625
2019-08-20,215.1421151871945,216.9356863676429,213.25315026652245,215.1898193359375,1620700,0.0,0,0.0016428793280238718,2.7668440085912795,206.02784881591796,219.63794312005646,192.41775451177946,211.5025220295357,205.6113998982944,198.7662887799148,193.91022764227893,213.66168212890625
2019-08-21,215.18028046061903,217.0215411994462,214.45521235019,216.9261474609375,1279500,0.0,0,0.008068820961689482,2.7891691775255256,207.10541915893555,220.58160550581357,193.62923281205752,212.71890404578681,205.65432731419605,199.6082167569892,193.91022764227893,209.8100433349609
2019-08-22,217.3077621570446,218.26178693236125,214.6460394391068,218.0041961669922,1073000,0.0,0,0.004969657732241783,2.803030393695146,208.20684051513672,221.46103497237883,194.9526460578946,213.33902691224435,206.27445018065356,199.6082167569892,193.91022764227893,211.8699951171875
2019-08-23,218.4144460450628,220.99031016441697,215.1993870390096,216.1534118652344,1497100,0.0,0,-0.008489672833361772,2.779233582710705,209.25531616210938,221.49073436371935,197.0198979604994,214.7032885282722,207.63871179668143,199.32200670507876,193.91022764227893,211.6400451660156
2019-08-26,217.10740049033336,219.56877132118512,215.71451807110253,219.49246215820312,968500,0.0,0,0.015447594669708575,2.822166056588862,210.42399520874022,221.84680927063525,199.0011811468452,214.7032885282722,207.63871179668143,199.32200670507876,193.91022764227893,210.77772521972656
2019-08-27,220.16984686839368,221.1143366811233,218.50030343283728,219.2253570556641,1584000,0.0,0,-0.0012169215284782986,2.8187317019576583,211.43240051269532,222.1984381117666,200.66636291362406,214.95132363749974,207.70072505503458,199.24330088280905,194.6511767519558,214.5239715576172
2019-08-28,218.99639400295595,220.8853590158405,218.07098878976345,219.55926513671875,1143700,0.0,0,0.0015231270941429287,2.8230249885840295,212.31582794189453,222.6935599384175,201.93809594537154,216.42053371691628,207.70072505503458,199.05488799927068,194.6511767519558,216.4689483642578
2019-08-29,220.3797198703324,220.8567322510041,218.5956982249442,219.8168487548828,986200,0.0,0,0.0011731849166267683,2.8263369189198966,213.22215270996094,222.86189193687997,203.5824134830419,216.8498528171587,207.70072505503458,199.01910875588567,195.71507714528306,215.84619140625
2019-08-30,220.8471992236444,221.01891669473935,218.5384610273696,219.60696411132807,1426200,0.0,0,-0.0009548159967882608,2.8236382872173986,213.9243148803711,223.26853997746156,204.58008978328064,217.18374347382286,207.70072505503458,198.84022615502275,196.5462667676681,216.63186645507807
2019-09-03,219.99811305041555,226.962482075728,219.60695940939036,226.90524291992188,1843100,0.0,0,0.0332333668840028,2.9174772943642115,215.06628189086913,224.88771091593514,205.24485286580313,220.708847212959,210.86331765092388,198.7972862290644,197.79066814741523,217.08218383789065
2019-09-04,227.27732907420503,230.87400672609576,227.02928786131253,229.9867706298828,1796100,0.0,0,0.01358068094992615,2.9570986226776257,216.21683731079102,227.30214582944822,205.13152879213382,222.76002308260126,213.50597220185216,198.58024883007207,197.94265274493716,216.8043212890625
2019-09-05,230.87398576787012,230.87398576787012,223.8046589909044,224.9113311767578,2059100,0.0,0,-0.02206839740922706,2.891840195094098,217.09072494506836,228.02151751834438,206.15993237179234,223.0366968825527,214.89407245654112,197.616682951893,198.11838346721424,215.05093383789065
2019-09-06,225.1021610497785,225.68411679212988,221.0094008374977,221.89663696289065,2307600,0.0,0,-0.013403923217625291,2.8530781911614143,217.64262847900392,228.36957710911707,206.91567984889076,223.29426239859913,214.89407245654112,198.48961338331927,198.11838346721424,216.1911163330078
2019-09-09,222.07790570830448,222.45950982933363,213.45352738057304,213.7015686035156,2994000,0.0,0,-0.03693191781336269,2.7477085418903435,217.7270606994629,228.29923600226556,207.15488539666023,222.1637670533344,216.04845588235747,198.1628499997962,198.11838346721424,214.82098388671875
2019-09-10,212.5853540550872,212.73800152122783,203.6843006677917,206.26971435546875,4266100,0.0,0,-0.03477678847475052,2.652152063138758,217.44037704467775,228.9014545415999,205.9792995477556,217.27915369694372,216.23926910822942,199.5175781241497,198.4033673489115,212.6748046875
2019-09-11,206.02163130416236,207.85335698351912,202.73024899661087,202.92105102539065,3019700,0.0,0,-0.01623439165823093,2.609095987808578,217.03968505859376,229.87611170437958,204.20325841280794,216.8021278613533,216.3441902265945,199.5175781241497,198.5126163586452,216.44981384277344
2019-09-12,206.08846831190183,209.26537305805812,204.8005288406372,208.78836059570312,2334500,0.0,0,0.028914247884406663,2.6845360359542862,217.0382553100586,229.87839110338095,204.19811951673623,216.8021278613533,216.3441902265945,199.6749875487089,199.43879070624223,219.49664306640625
2019-09-13,208.25407350758584,209.16994374857947,204.0849896633729,205.46832275390625,1908800,0.0,0,-0.015901450791243055,2.6418480182812405,216.61705474853517,230.37265011751583,202.8614593795545,216.8021278613533,216.8021278613533,201.38268479163676,199.57221954876618,219.79364013671875
2019-09-16,205.61140893554608,207.50037377943596,205.14393158848625,206.80393981933597,1422100,0.0,0,0.0065003551278772775,2.659020968593947,216.32321395874024,230.64818250054006,201.99824541694042,216.8021278613533,216.8021278613533,202.8590497793995,200.6979830506786,217.24505615234372
2019-09-17,208.3590060501977,211.22108038911395,207.5194741430544,211.1256866455078,1853300,0.0,0,0.020897797353122582,2.714588649953327,216.13765487670898,230.63181958698448,201.64349016643348,216.8021173822405,216.8021278613533,204.7957208494942,202.2912080079011,216.55520629882807
2019-09-18,211.7458279916124,212.3659529237051,208.4258253474724,211.4214630126953,1318300,0.0,0,0.0014009492254920541,2.718391650820009,215.94923706054686,230.58661380493336,201.31186031616036,214.20718289437036,216.8021278613533,205.48977097683868,202.34389049909498,214.1120147705078
2019-09-19,210.40063639521185,218.8151426549377,209.8854693755771,216.63043212890625,2281100,0.0,0,0.024637844436343537,2.7853669614299674,215.9344512939453,230.56841093950794,201.30049164838266,212.59487941297226,216.8021278613533,205.48977097683868,202.34389049909498,207.5967559814453
2019-09-20,217.7561482313307,217.97556984683376,214.397977050043,215.1898193359375,2787400,0.0,0,-0.006650094258739747,2.7668440085912787,215.7937324523926,230.39916506700558,201.1882998377796,210.7726958257743,216.8021278613533,206.06696268974684,202.34389049909498,201.92465209960935
2019-09-23,215.4569401447409,216.09613496286147,214.6078587227884,215.01809692382807,1267000,0.0,0,-0.0007980043509463464,2.764636055034033,215.73696670532226,230.34522168506305,201.12871172558147,210.7726958257743,216.8021278613533,206.16236930268283,202.34389049909498,207.10813903808597
2019-09-24,215.70501318054735,216.8212204500776,212.8429387795172,214.8082275390625,1728600,0.0,0,-0.0009760545171224599,2.7619376195243177,215.50275497436525,230.01144415596013,200.99406579277036,211.4500661591553,216.8021278613533,206.55828067478336,202.68734131201296,208.1428985595703
2019-09-25,215.09444274019197,215.24707564816816,210.70592273676235,211.8316650390625,1709400,0.0,0,-0.01385683655649883,2.723665901351324,215.13307037353516,229.62004395349425,200.64609679357608,211.4500661591553,216.8021278613533,206.68231215566178,202.81137279289138,208.94769287109372
2019-09-26,212.3586327203679,214.6868819709817,212.27240505696363,213.66168212890625,1350400,0.95,0,0.008639015746329859,2.7471956939608395,214.83819122314452,229.19080016402344,200.4855822822656,211.97953712171199,216.8021278613533,208.55696096391506,203.62227561006083,206.4949188232422
2019-09-27,213.74793457155363,213.74793457155363,207.77882461140027,209.8100433349609,1832400,0.0,0,-0.018026811151012012,2.6976725159909343,214.33785095214844,228.65864673932705,200.01705516496983,213.16730839899606,216.8021278613533,209.18661567999143,203.66520302596248,202.2312469482422
2019-09-30,210.13579276819104,212.49276995838247,209.7046252106408,211.8699951171875,1703000,0.0,0,0.009818175286003372,2.724158737617167,213.9510025024414,228.0966000759746,199.80540492890822,213.29698363316896,216.8021278613533,209.80673854644897,204.28532589242002,197.38314819335935
2019-10-01,211.45799923640365,213.53712690970147,209.0818554126082,211.6400451660156,1545400,0.0,0,-0.0010853351416971746,2.7212021124076697,213.1877426147461,226.02877317584722,200.34671205364498,213.29698363316896,216.8021278613533,211.17100016247682,205.64958750844787,199.2706451416016
2019-10-02,211.50589426982165,212.7035493902623,209.35011505302845,210.77772521972656,1270100,0.0,0,-0.00407446495115138,2.7101146697756655,212.22729034423827,222.48773852338977,201.96684216508677,212.87719722911703,216.8021278613533,211.17100016247682,205.64958750844787,197.07655334472656
2019-10-03,211.18970391659005,216.07614247897823,211.0459911552663,214.5239715576172,1604700,0.0,0,0.017773445149317002,2.758282744207283,211.70792236328126,220.23571684712653,203.180127879436,212.30002253073894,216.8021278613533,211.32602434626716,205.71160076680104,197.2489776611328
2019-10-04,214.59103351081663,217.87739181424465,214.29401740990184,216.4689483642578,1621900,0.0,0,0.009066477711178411,2.7832906532287662,211.4365379333496,218.92114138841626,203.95193447828294,212.82810821282246,216.8021278613533,212.06062938597543,205.71160076680104,198.6670379638672
2019-10-07,215.75996374787167,217.12049818604424,213.63292712232808,215.84619140625,1005800,0.0,0,-0.002876888175942338,2.7752834372582815,211.54376907348632,219.21625686256195,203.87128128441068,212.82810821282246,216.8021278613533,212.27528893609664,205.71160076680104,198.0921630859375
2019-10-08,215.78871256252148,218.5672666250814,214.2748747189829,216.63186645507807,1962200,0.0,0,0.0036399764281656033,2.78538540355138,212.0618766784668,219.63762546560343,204.48612789133017,213.17304561824085,216.8021278613533,212.44223426442872,205.71160076680104,201.51266479492188
2019-10-09,217.08218383789065,217.82951946452695,215.8941046935852,217.08218383789065,1038800,0.0,0,0.002078721797404537,2.7911754449039146,212.7699333190918,219.37043624648928,206.1694303916943,213.17304561824085,216.8021278613533,215.78608243194145,208.63567346410338,202.93069458007807
2019-10-10,216.67976047708405,218.14568918800865,214.72519373578916,216.8043212890625,1888900,0.0,0,-0.0012799878088367578,2.7876027743621132,213.17073135375978,219.72837180369552,206.61309090382403,213.8245610188448,216.8021173822405,218.1329976422267,210.59143578928726,204.43495178222656
2019-10-11,216.6989083254992,217.55163812038168,214.95513020756735,215.05093383789065,1352200,0.0,0,-0.00808741929472001,2.765058261898722,213.64986190795898,219.19907707692664,208.10064673899132,213.8245610188448,214.20718289437036,218.9653846695469,210.59143578928726,205.3547515869141
2019-10-14,215.5683415303544,217.1109218804264,215.1084314467385,216.1911163330078,766100,0.0,0,0.005301918363101121,2.779718375072527,214.11922073364258,218.78105971335646,209.4573817539287,213.95869083905492,212.59487941297226,219.09416742757014,210.59143578928726,206.54281616210935
2019-10-15,216.28691240583916,216.9767628406972,212.55022011372284,214.82098388671875,993200,0.0,0,-0.006337598276603518,2.7621016366892244,214.30398559570312,218.76295391202783,209.84501727937842,214.80662889017384,210.7726958257743,219.10611146784595,210.59143578928726,208.77523803710935
2019-10-16,214.1886424988146,214.1886424988146,211.31427023880764,212.6748046875,1508400,0.0,0,-0.009990547293789898,2.734506729657626,214.36665267944335,218.6936835080892,210.0396218507975,214.94076843194452,210.7726958257743,216.75921140258657,210.59143578928726,204.59783935546875
2019-10-17,214.7156116017808,217.6378783421161,214.10241277701297,216.44981384277344,1197100,0.0,0,0.017750147511927272,2.7830446274814067,214.3576217651367,218.66623169893694,210.0490118313365,214.94076843194452,211.4500661591553,216.5731590439739,210.59143578928726,201.3114318847656
2019-10-18,216.48813402508677,219.9852957063088,216.3923303884998,219.49664306640625,1544400,0.0,0,0.014076377195898049,2.8222198134108525,214.57296295166014,219.42850676790707,209.71741913541322,215.64978297255823,212.03514268484085,216.5731590439739,210.59143578928726,200.92819213867188
2019-10-21,219.64035140750764,219.9756860362073,217.206708256154,219.79364013671875,1272400,0.0,0,0.0013530825171783611,2.826038509700013,214.81174011230468,220.17983637560937,209.44364384899998,215.64978297255823,212.56461364739752,216.8021278613533,212.1178770044071,205.79547119140625
2019-10-22,219.5637146394405,221.52787190018924,216.9480254110161,217.24505615234372,1341000,0.0,0,-0.011595349086487294,2.793269606648185,214.93358154296874,220.40656911046915,209.46059397546833,216.42107106949845,214.52367302162182,216.8021278613533,212.58056007752083,205.91043090820312
2019-10-23,216.77557074128265,217.83908904330312,214.4952307773546,216.55520629882807,1151500,0.0,0,-0.0031754455808278292,2.7843997310196933,215.16975860595704,220.49087491972426,209.84864229218982,216.42107106949845,214.65334825579475,216.8021226217969,212.58056007752083,205.06732177734372
2019-10-24,216.53606781137745,217.23549437934383,213.99704454558596,214.1120147705078,1097900,0.0,0,-0.011282072456613501,2.752985931506154,215.1922752380371,220.49120005575008,209.8933504203241,216.42107106949845,214.65334825579475,215.50465537786184,212.58056007752083,200.79409790039065
2019-10-25,213.84372947748355,213.8533054557653,206.1883123238754,207.5967559814453,2409800,0.0,0,-0.03042920686186512,2.6692147531085486,215.08161087036132,220.89854041928626,209.26468132143637,213.85809211203232,213.85809211203232,214.6985036371628,212.58056007752083,202.3654022216797
2019-10-28,209.61838737775795,209.8291758472809,201.23480158477295,201.92465209960935,3431400,0.0,0,-0.027322699986424337,2.596284599210026,214.58434371948243,222.69306663669695,206.4756208022679,211.3813367424811,211.3813367424811,213.7874118435638,212.58056007752083,204.4253692626953
2019-10-29,202.17379043470112,207.7405045446644,201.73306147180023,207.10813903808597,2044000,0.0,0,0.02567040172945112,2.662932267875734,214.35774841308594,223.0233183915274,205.6921784346445,211.3813367424811,211.3813367424811,213.7874118435638,212.58056007752083,204.5882568359375
2019-10-30,207.1272746655298,208.30577791300144,205.61345135250784,208.1428985595703,1520700,0.0,0,0.004996228184417584,2.67623688512569,214.22600708007812,223.18368445458384,205.2683297055724,211.3813367424811,211.3813367424811,214.1260970102543,212.58056007752083,203.3139495849609
2019-10-31,209.35010321442812,210.30822725659945,205.08645415072843,208.94769287109372,2021200,0.0,0,0.0038665470553782555,2.6865846809733673,213.94719314575195,223.19602011520627,204.69836617629764,211.3813367424811,211.3813367424811,214.1260970102543,212.58056007752083,203.7451019287109
2019-11-01,209.9728995112637,210.55735582167392,203.4576670526889,206.4949188232422,2112200,0.0,0,-0.011738698877927889,2.655047672393367,213.44849166870117,223.1684812663038,203.72850207109855,211.3813367424811,211.3813367424811,214.39083249153265,212.58056007752083,201.2060394287109
2019-11-04,205.76671235435956,206.45656282867816,202.1641712483275,202.2312469482422,1640000,0.0,0,-0.020647829492839276,2.6002267007584288,212.7677444458008,223.57897322287985,201.95651566872172,209.53694531403804,211.3813367424811,214.98471813017468,212.58056007752083,202.7007293701172
2019-11-05,201.82884360409196,201.9054952894269,194.41297214065133,197.38314819335935,3449700,0.0,0,-0.02397304485851104,2.5378913494188486,211.80530853271483,224.37405439754576,199.2365626678839,205.82423325999758,207.9704220204203,215.04955574726114,212.58056007752083,200.9090576171875
2019-11-06,197.67057965767404,200.13296559880376,197.2490027167948,199.2706451416016,2206100,0.0,0,0.009562604333340774,2.5621602002343495,210.91473159790038,224.3647742004111,197.46468899538968,204.13313879820834,207.9704220204203,215.04955574726114,212.58056007752083,203.6205291748047
2019-11-07,198.0538440444569,198.52331550839304,195.0070017287613,197.07655334472656,2117400,0.0,0,-0.011010612201892145,2.5339492478704466,209.9283432006836,224.37389965077656,195.48278675059063,202.48516398116263,207.9704220204203,214.83966254523517,212.58056007752083,206.5715789794922
2019-11-08,196.31002026105452,199.8263334879074,195.70639747966987,197.2489776611328,1819400,0.0,0,0.0008749103507237344,2.536166226295617,209.0382453918457,224.29176716057324,193.78472362311814,202.48516398116263,207.9704220204203,214.55107519604613,212.58056007752083,203.0552520751953
2019-11-11,197.08612442713076,199.85510249107256,196.9711542134821,198.6670379638672,1347200,0.0,0,0.007189189619885239,2.554399206204005,208.16204147338868,223.68520266620018,192.63888028057718,202.48516398116263,207.9704220204203,214.81511803708787,212.58056007752083,208.8231201171875
2019-11-12,198.753271072166,200.02757791435164,197.7089192833945,198.0921630859375,1475400,0.0,0,-0.0028936600848412652,2.547007643180262,207.32560043334962,223.12675492061751,191.52444594608173,202.48516398116263,207.9704220204203,214.81511803708787,212.58056007752083,214.8114013671875
2019-11-13,199.07902142926696,202.2504098149125,198.8682329607516,201.51266479492188,1664900,0.0,0,0.017267223779572127,2.5909873941233363,206.7674934387207,222.56190668872662,190.97308018871476,202.48516398116263,207.9704220204203,214.98758673979708,212.58056007752083,218.2031707763672
2019-11-14,201.5893120200945,203.0360888196496,201.20606821427864,202.93069458007807,1362800,0.0,0,0.007036926371845276,2.6092199816461616,206.09153747558594,221.311180353409,190.8718945977629,200.43476748466475,207.9704220204203,214.98758673979708,212.8190799761078,217.4654083251953
2019-11-15,203.32353884354,204.4924368939051,201.39769988341973,204.43495178222656,1546600,0.0,0,0.0074126647290162495,2.6285612545743544,205.33845291137695,219.25125997240193,191.42564585035197,199.45270451727822,207.9704220204203,215.31333920054266,213.50597220185216,217.57081604003903
2019-11-18,204.0612781316822,206.6386344439292,204.0612781316822,205.3547515869141,1353700,0.0,0,0.004499229689781004,2.6403877554123434,204.61650848388672,216.8316888901277,192.40132807764573,200.82281808634525,207.9704220204203,214.01587195660758,214.89407245654112,219.3031311035156
2019-11-19,205.68049571313207,207.5296828007487,204.90441754292183,206.54281616210935,1526400,0.0,0,0.005785425299460023,2.6556635215328903,204.081396484375,214.87758792990596,193.28520503884405,201.268342264755,207.9704220204203,213.27678512601358,214.89407245654112,220.46766662597656
2019-11-20,206.68653449165816,210.1453631187865,206.6098828083645,208.77523803710935,1297800,0.0,0,0.010808518623314667,2.684367310162636,203.69239807128906,213.1232333213408,194.26156282123733,202.9258802992282,207.9704220204203,212.78966235797407,216.04845588235747,220.246337890625
2019-11-21,208.4111842745287,209.7333857556809,204.37747487857928,204.59783935546875,1361400,0.0,0,-0.020009071578201643,2.6306556125114073,203.2166893005371,211.35548026247412,195.07789833860008,203.5582586661343,207.9704220204203,212.8567321288594,216.23926910822942,221.17984008789065
2019-11-22,204.54989564546187,205.12476126689248,201.00482519081984,201.3114318847656,1779800,0.0,0,-0.016062767236722064,2.58840000372766,202.9024230957031,210.82047131884767,194.98437487255856,203.92714120109048,207.9704220204203,213.19541729554993,216.3441902265945,219.9094696044922
2019-11-25,201.67552769528328,202.82527358085375,200.07546235639413,200.92819213867188,1441100,0.0,0,-0.0019037157627148638,2.5834724258403523,202.85260009765625,210.80748541674544,194.89771477856706,204.50679803976905,207.9704220204203,213.84246282869952,216.3441902265945,220.01531982421875
2019-11-26,200.81322874246783,206.015850263012,200.81322874246783,205.79547119140625,1877600,0.0,0,0.024223972758263823,2.646054391505635,202.78696670532227,210.6197355615366,194.95419784910794,205.1104127375903,207.9704220204203,214.1071983099779,216.8021278613533,219.9575958251953
2019-11-27,205.805036684148,206.48529653229411,203.83130359712612,205.91043090820312,1117000,0.0,0,0.0005586114997153668,2.647532507917602,202.67534332275392,210.25653327302254,195.0941533724853,205.1104127375903,206.1260305919772,215.47237204556012,216.8021278613533,215.27066040039065
2019-11-29,205.91047575341528,206.763205708373,204.73197245872936,205.06732177734372,654300,0.0,0,-0.0040945430842951325,2.636692071996862,202.4813247680664,209.58937980638984,195.37326972974296,205.1104127375903,205.82423325999758,215.5372096626466,216.8021278613533,217.13771057128903
2019-12-02,205.182293920975,205.65178004746016,200.6887036523966,200.79409790039065,1189400,0.0,0,-0.02083815129546973,2.5817482836810255,202.19628372192383,209.08935395369087,195.3032134901568,205.1104127375903,204.13313879820834,215.5372096626466,216.8021278613533,217.95578002929688
2019-12-03,200.4970484881009,203.6013759062276,200.48747251001475,202.3654022216797,1520000,0.0,0,0.007825450736448136,2.601951627688881,202.2029914855957,209.09645004760907,195.30953292358234,205.1104127375903,202.48516398116263,213.85809211203232,216.8021278613533,222.12298583984372
2019-12-04,201.31146577467888,204.76071856317665,201.22523810992,204.4253692626953,1276400,0.0,0,0.010179442821748097,2.6284380455078944,202.5551025390625,209.136893943257,195.97331113486797,204.9044240560375,202.48516398116263,211.3813367424811,216.05440415543436,226.5596618652344
2019-12-05,204.2912406766219,205.16313719706213,203.084009462038,204.5882568359375,868200,0.0,0,0.0007968070393105098,2.6305324034449464,202.82098312377929,209.2776661053753,196.36430014218328,203.41933403238357,202.48516398116263,211.3813367424811,216.05440415543436,225.15457153320312
2019-12-06,204.8086209777129,205.0385760457574,203.0169334261211,203.3139495849609,1206000,0.0,0,-0.006228643181599991,2.6141477557262514,203.13285293579102,209.02120042868495,197.2445054428971,203.41933403238357,202.48516398116263,211.3813367424811,216.05440415543436,226.53082275390625
2019-12-09,203.17981216877044,205.0289994466392,202.95944769994557,203.7451019287109,938500,0.0,0,0.00212062352155451,2.6196913789458636,203.45765914916993,208.68470548795426,198.2306128103856,203.62533910919387,202.48516398116263,211.3813367424811,216.05440415543436,223.5088653564453
2019-12-10,204.4157606675223,205.11518709198904,200.43953730692488,201.2060394287109,1414800,0.0,0,-0.01246195602232636,2.5870449001893725,203.5846092224121,208.44687639569756,198.72234204912664,203.60137150764893,202.27916762971893,211.3813367424811,216.05440415543436,224.64450073242188
2019-12-11,201.84799951805368,203.4097464571528,201.2060581345733,202.7007293701172,1441000,0.0,0,0.007428653462143497,2.606263160243885,203.8150375366211,207.99659761357216,199.63347745967005,203.60137150764893,202.27916762971893,210.45914102825958,216.05440415543436,227.83004760742188
2019-12-12,202.7869727852581,202.98818529174437,199.87428176914645,200.9090576171875,1836000,0.0,0,-0.00883900002973459,2.583226400092993,203.78485717773438,208.04131162368543,199.52840273178333,202.7630309083033,202.5761824237739,206.89732764020894,212.64348943337353,226.31907653808597
2019-12-13,200.3533226238555,203.92712127147615,199.52933534806976,203.6205291748047,1988600,0.0,0,0.013496014514107424,2.6180896610818736,203.8193489074707,208.05851596301068,199.58018185193072,202.34623627256593,202.5761824237739,206.05178040931432,212.64348943337353,228.88870239257807
2019-12-16,204.08045026448804,207.72132507110385,203.62055475180637,206.5715789794922,1827300,0.0,0,0.014492889379312368,2.6560333449250546,203.926180267334,208.32837307509274,199.52398745957524,203.62533020958682,202.9258802992282,205.22779300079145,212.64348943337353,228.59034729003903
2019-12-17,207.25184069552665,207.9991763923233,202.1929461542191,203.0552520751953,2439900,0.0,0,-0.017022317017995836,2.6108215033173723,203.81120529174805,208.17773458750256,199.44467599599355,203.76425587019654,203.5582586661343,205.22779300079145,212.64348943337353,228.542236328125
2019-12-18,203.88878743030185,209.74292557775283,203.5342716135133,208.8231201171875,2143300,0.0,0,0.02840541174407174,2.6849829631093787,203.92522048950195,208.67750312812322,199.1729378508807,204.6361304629113,203.92714120109048,205.22779300079145,212.64348943337353,228.26312255859372
2019-12-19,208.4111399606792,215.5299943788662,208.334488285056,214.8114013671875,2958000,0.0,0,0.02867633261412572,2.761978427622764,204.22702865600587,210.66294907191656,197.79110824009518,207.52966486346799,207.19911366980892,205.22779300079145,212.64348943337353,224.6637420654297
2019-12-20,217.30253185345063,218.72055131729135,215.0988436713849,218.2031707763672,3333100,0.0,0,0.015789522286026036,2.8055887475592365,204.90729522705078,213.79639760343213,196.01819285066944,209.12494333268057,209.12494333268057,205.22779300079145,212.64348943337353,226.3575897216797
2019-12-23,217.5995451021765,220.34935634019828,216.91927062046375,217.4654083251953,1096400,0.0,0,-0.003381080341531728,2.796102826598441,205.71499404907226,215.9936243911153,195.43636370702922,209.93934584413404,209.93934584413404,204.20259475254252,212.64348943337353,223.02764892578125
2019-12-24,217.6283011451932,218.49060696213093,216.78514728343137,217.57081604003903,491900,0.0,0,0.0004847102610732179,2.7974581263295093,206.54712524414063,217.8004422810967,195.29380820718455,209.93934584413404,209.93934584413404,203.71156326884926,212.64347895426073,225.27005004882807
2019-12-26,218.16750072644487,219.3031311035156,217.0896122756484,219.3031311035156,1035300,1.01,0,0.007962074578778733,2.8197316965623553,207.2225082397461,219.77550654185853,194.66950993763368,209.93934584413404,209.93934584413404,204.39662005338278,210.0485444663906,228.52296447753903
2019-12-27,219.92872235291665,220.669763385809,218.9951886352485,220.46766662597656,749400,0.0,0,0.005310163683487357,2.834704933414619,207.95037002563475,221.75465596966689,194.14608408160262,211.43135477001405,210.09954936693939,204.61938214258765,208.43624098499248,227.4932098388672
2019-12-30,219.96723228314195,220.390692732336,218.68723217448945,220.246337890625,1259800,0.0,0,-0.0010039056462961549,2.8318591571263805,208.70932083129884,223.44423390592775,193.97440775666993,211.43135477001405,210.09954936693939,205.44815115982425,207.9704220204203,228.8694610595703
2019-12-31,220.36179027474236,221.218329811803,218.93743552791628,221.17984008789065,1199100,0.0,0,0.0042384459428752574,2.843861839081697,209.72860794067384,224.95005084751838,194.5071650338293,212.37630071265815,210.3738325799364,205.7643403432773,207.9704220204203,229.7740936279297
2020-01-02,221.0451000791891,222.45983613504373,219.437886024164,219.9094696044922,1426000,0.0,0,-0.005743608833850611,2.8275278091004967,210.60581130981444,226.05170226858536,195.15992035104352,215.39716221004988,210.99458574155676,205.9487816107554,207.9704220204203,234.52838134765625
2020-01-03,219.0047920405167,221.18945463040524,218.46584780524333,220.01531982421875,1598900,0.0,0,0.00048133543278927604,2.8288887984222137,211.38530883789062,227.07915770632533,195.6914599694559,218.77933990321432,210.99458574155676,206.23861003009466,207.9704220204203,244.71063232421875
2020-01-06,219.89022044773,221.3530796949417,219.322405202509,219.9575958251953,1526800,0.0,0,-0.0002623635439094052,2.828146601131734,212.1537757873535,227.9469845386974,196.36056703600963,219.62249170923755,210.99458574155676,206.5404173790053,207.9704220204203,246.5488128662109
2020-01-07,218.59096811907665,219.01442850552525,213.28810921395328,215.27066040039065,1463800,0.0,0,-0.0213083590372094,2.7678834379449557,212.751611328125,228.0534030791948,197.4498195770552,217.8739726744985,210.99458574155676,205.61822166478376,207.9704220204203,247.2417449951172
2020-01-08,215.0781654150592,217.9750125183736,214.15426526775445,217.13771057128903,1433900,0.0,0,0.008673035923361772,2.7918893904339304,213.4212417602539,228.24757723196424,198.59490628854357,217.8739726744985,210.99458574155676,205.46732299879395,207.9704220204203,246.6161956787109
2020-01-09,217.02224635354224,218.600589375981,216.88751029132655,217.95578002929688,1376700,0.0,0,0.003767514430614183,2.802407874001069,214.25872879028321,228.0780077922805,200.43944978828594,217.8739726744985,210.99458574155676,204.62177576789932,207.9704220204203,243.4209899902344
2020-01-10,219.514862898029,222.33471602781967,218.88930577863675,222.12298583984372,1578900,0.0,0,0.019119501258405336,2.8559885148745976,215.22984161376954,228.36961705381987,202.0900661737192,217.8739726744985,210.99458574155676,203.79778835937645,207.9704220204203,238.7726287841797
2020-01-13,222.5560553558083,226.5692806242252,222.4598090253869,226.5596618652344,1840600,0.0,0,0.01997396176093913,2.9130339202603843,216.5123718261719,228.77981463583563,204.24492901650814,219.92869491908925,213.04930798614748,203.69479401860008,207.9704220204203,238.233642578125
2020-01-14,226.29021668977364,227.06976212951332,224.0863017529706,225.15457153320312,1217100,0.0,0,-0.006201855707513748,2.894967704215836,217.5890739440918,228.87178094938878,206.30636693879484,220.1789356717333,213.29954873879154,202.95224900677312,207.9704220204203,237.72357177734372
2020-01-15,225.68390191952943,227.8396937319748,225.68390191952943,226.53082275390625,1152100,0.0,0,0.006112472917300549,2.9126631159043153,218.5870361328125,229.30596223360482,207.86811003202018,220.56390147296403,213.6845145400223,202.95224900677312,207.9704220204203,235.89501953125
2020-01-16,226.16509695316336,226.3094517792943,223.2201410190536,223.5088653564453,1782900,0.0,0,-0.013340159898434067,2.8738077242078806,219.609716796875,227.78214305529772,211.4372905384523,220.56390147296403,213.6845145400223,203.05525154517824,207.9704220204203,236.8863067626953
2020-01-17,224.13442742208892,225.5972866611289,223.845703078378,224.64450073242188,2352900,0.0,0,0.005080941081086365,2.8884093719329518,220.40078582763672,227.17267018133447,213.62890147393898,220.56390147296403,213.6845145400223,202.94026956868393,207.9704220204203,233.54673767089844
2020-01-21,225.1256929033058,228.97531148513755,224.24028239170005,227.83004760742188,1827100,0.0,0,0.014180391082861954,2.929368146434365,221.05171813964844,228.0508608198938,214.05257545940307,221.56478837644602,214.25232341660364,202.94026956868393,207.9704220204203,224.1728973388672
2020-01-22,228.96568927319203,229.21590919059187,225.45290355915543,226.31907653808597,1294000,0.0,0,-0.006632009628244839,2.9099405486825383,221.45751342773437,228.68878287968744,214.2262439757813,223.0517097409592,214.3726222693308,202.6696066660386,207.9704220204203,218.27337646484372
2020-01-23,226.31908370874788,229.52389299355988,226.174714198454,228.88870239257807,1485400,0.0,0,0.01135399584426855,2.942980001579348,222.0286781311035,229.704302157894,214.353054104313,224.20659938609833,215.85841957388948,202.46120934816992,207.9704220204203,231.6989288330078
2020-01-24,229.05229739142936,230.9674878537436,227.82042066430256,228.59034729003903,1284800,0.0,0,-0.0013034942285063966,2.93914384413268,222.57965469360352,230.47743679729305,214.68187258991398,226.71364843956525,216.58021700398135,203.2756052544075,207.9704220204203,233.5274810791016
2020-01-27,227.43547684054676,229.20629789472383,226.81952375895844,228.542236328125,1197200,0.0,0,-0.00021046803806190617,2.9385252482942237,223.04160995483397,231.19818380462743,214.8850361050405,227.0938144363986,217.25087973362844,203.6612572681654,207.9704220204203,242.19874572753903
2020-01-28,228.1957618709191,228.73470611283304,227.445087436092,228.26312255859372,1051800,0.0,0,-0.0012212787186108853,2.934936489944381,223.43138275146484,231.80326088632106,215.05950461660862,227.0938144363986,219.6509880693998,204.2816358320009,207.9704220204203,237.65618896484372
2020-01-29,228.50372719001948,228.9175688225077,224.1055456106372,224.6637420654297,1434400,0.0,0,-0.015768558901756435,2.888656771029779,223.6522529602051,231.90737418740923,215.39713173300095,227.0938144363986,222.12779853384842,207.36438926663845,207.9704220204203,237.05953979492188
2020-01-30,223.68210574516704,226.41533165590027,222.61383590669396,226.3575897216797,1271400,0.0,0,0.007539479404543581,2.9104357392617533,223.91114044189453,232.1646151975364,215.65766568625267,226.79066188021878,222.12779853384842,209.12494333268057,207.9704220204203,223.1431427001953
2020-01-31,225.5491442970265,226.1073407313344,222.17110941290667,223.02764892578125,1700900,0.0,0,-0.014710974789901243,2.867620392473846,224.067049407959,232.1256867874461,216.00841202847187,226.56929863332513,222.12779853384842,209.93934584413404,207.9704220204203,234.70162963867188
2020-02-03,224.22101788214937,226.20356899337352,223.38373058579103,225.27005004882807,1560200,0.0,0,0.010054363814744116,2.8964524911823575,224.32978591918945,232.18063659921498,216.47893523916392,226.56929863332513,222.12779853384842,209.93934584413404,207.9704220204203,224.14404296875
2020-02-04,225.60687977630752,229.26402011562988,224.25951923898643,228.52296447753903,1105700,0.0,0,0.014440066169497001,2.9382774568118353,224.75805435180663,232.5416365813369,216.97447212227638,226.56929863332513,222.12779853384842,209.93934584413404,207.9704220204203,209.6406097412109
2020-02-05,228.57109831906732,229.03304842699183,226.3575647456884,227.4932098388672,1338700,0.0,0,-0.004506131981204309,2.925037190794044,225.36918182373046,231.8797333223116,218.8586303251493,226.56929863332513,222.12779853384842,210.76545206847672,207.9704220204203,230.00509643554688
2020-02-06,228.2631413948192,229.60089803549369,227.46435841079295,228.8694610595703,1257100,0.0,0,0.0060496364778444,2.942732602482523,225.95576934814454,231.4122621664407,220.49927652984837,225.88600372420018,222.12779853384842,210.76545206847672,207.9704220204203,195.1275329589844
2020-02-07,229.4757505575517,230.5151492668589,228.86943097250705,229.7740936279297,1237500,0.0,0,0.003952613704647723,2.954364087696209,226.54668502807618,230.83259776589443,222.26077229025793,226.3431293398828,222.12779853384842,211.37506664629728,207.9704220204203,218.97593688964844
2020-02-10,230.6691294698676,234.711240572855,229.8125899558806,234.52838134765625,1576800,0.0,0,0.02069113904296427,3.0154932458182713,227.1669548034668,232.24017610762908,222.09373349930453,228.44117499288083,223.99967489340412,213.19587397580332,208.43640413784755,208.9765472412109
2020-02-11,237.2808673164765,248.8970837039771,237.2808673164765,244.71063232421875,3231900,0.0,0,0.04341585831980277,3.1464134733430393,228.07450332641602,237.27028298305007,218.87872366978198,235.5340965584419,231.0925964589652,214.88696282238556,208.43640413784755,201.142578125
2020-02-12,244.72024992990032,247.01077766527985,242.60296266545396,246.5488128662109,1625400,0.0,0,0.007511649675919108,3.170048229090384,229.14421539306642,241.27758024786812,217.01085053826472,235.5340965584419,231.0925964589652,215.30853872539717,208.43640413784755,188.04425048828125
2020-02-13,246.0098682364416,247.75181827714084,244.8646043705332,247.2417449951172,1146600,0.0,0,0.0028105271359886164,3.178957735660635,230.17976150512695,244.59234132622493,215.76718168402897,236.14040714488408,231.52567448586578,214.43427920802765,208.43640413784755,172.3570556640625
2020-02-14,247.3379991782584,248.6083803863242,245.6634097726616,246.6161956787109,1600700,0.0,0,-0.002530112042441024,3.170914616411229,231.33512802124022,247.08154621747659,215.58870982500386,236.57830147148178,232.89229699765184,214.43427920802765,208.43640413784755,183.1167449951172
2020-02-18,245.70189889274977,245.99062321162717,243.18038883869136,243.4209899902344,1998500,0.0,0,-0.012956187567823796,3.129831651879451,232.27395248413086,248.54871944261677,215.99918552564495,237.62732422483276,233.89319474130693,214.43427920802765,208.43640413784755,191.76873779296875
2020-02-19,241.79457916790625,242.90133877691156,238.5320275922106,238.7726287841797,2618500,0.0,0,-0.019095975274117438,3.070064464043011,232.82108154296876,249.198006168327,216.4441569176105,238.18072105738503,235.5340965584419,214.43427920802765,208.43640413784755,213.8463287353516
2020-02-20,238.65710297726267,239.18642847618477,235.51966907885225,238.233642578125,2150300,0.0,0,-0.002257319898010035,3.0631343464401533,233.41680984497071,249.66931981903534,217.1642998709061,238.88325733824206,235.5340965584419,216.48900145261837,210.49112638243827,210.2661590576172
2020-02-21,238.6186157549315,239.29229608556597,237.5214750207184,237.72357177734372,2570200,0.0,0,-0.0021410527718142003,3.0565760141572684,233.858553314209,250.07458220327968,217.6425244251383,239.35483682992884,235.5340965584419,216.73924220526243,210.74136713508233,221.9112548828125
2020-02-24,235.61592862624457,239.4174243013852,234.4514124633386,235.89501953125,2329800,0.0,0,-0.007691926519623249,3.0330650560547276,234.22378692626953,250.27517698331536,218.1723968692237,241.67424808365786,235.5340965584419,217.12420800649318,211.12633293631308,209.5635986328125
2020-02-25,238.59938605868672,244.44118999393595,234.9807494519547,236.8863067626953,2268600,0.0,0,0.004202238917189183,3.0458107200716475,234.64099044799804,250.51077020701626,218.7712106889798,241.5298964248314,235.5340965584419,217.12420800649318,211.12633293631308,199.18890380859372
2020-02-26,236.8862830243584,239.02282254977465,230.9771189844124,233.54673767089844,2024600,0.0,0,-0.014097771785273938,3.0028715756389364,234.9051712036133,250.51239022694165,219.29795218028494,239.7927496853683,235.5340965584419,217.12420800649318,211.12633293631308,212.4508209228516
2020-02-27,230.96748617794887,235.68326286303477,224.14402637556032,224.1728973388672,3168700,0.0,0,-0.04013689262164033,2.8823456416509403,234.88062896728516,250.55431253392427,219.20694540064605,236.37620338094226,235.5340965584419,217.90855589652483,211.69414181289443,214.4237518310547
2020-02-28,218.1771301262735,220.111572861577,209.83308361474047,218.27337646484372,5188100,0.0,0,-0.026316833765616,2.8064914305445647,234.47641830444337,251.390323676636,217.56251293225074,227.91185341318382,229.3650836593588,218.712166005145,212.1114554596766,226.3383026123047
2020-03-02,220.4195447052468,231.82404614179583,219.50526318789545,231.6989288330078,2718500,0.0,0,0.06150797035169564,2.979113022246788,234.90998229980468,251.04621435199178,218.77375024761758,227.1371368043382,229.3650836593588,220.0325094799939,212.2654473611606,219.20692443847656
2020-03-03,231.6989181288756,237.55995888857683,229.86072173372324,233.5274810791016,3502600,0.0,0,0.007891932238546007,3.0026239803493295,235.32285385131837,250.85623701665162,219.78947068598512,227.1371368043382,229.3650836593588,221.64693272177328,213.33694266670673,239.87936401367188
2020-03-04,236.3473239836225,242.49708880461705,236.097104073683,242.19874572753903,2350400,0.0,0,0.03713166693859149,3.1141164139294886,236.00664291381835,251.48583548137904,220.52745034625767,227.1371368043382,229.3650836593588,222.1723470850135,213.96932103361286,249.84027099609372
2020-03-05,239.20566092363669,241.4576841129,234.3743858277219,237.65618896484372,1969400,0.0,0,-0.018755492515247996,3.055709626836423,236.5147918701172,251.4966807220923,221.5329030181421,227.1371368043382,229.3650836593588,223.37240125289918,214.33820356856904,241.37435913085935
2020-03-06,234.02795608878785,238.27216446629703,228.95607905728687,237.05953979492188,2693600,0.0,0,-0.0025105559948623846,3.04803809671421,236.92429580688477,251.48522580827245,222.3633658054971,227.1371368043382,229.3650836593588,224.6108064851235,214.9178604072476,246.5350799560547
2020-03-09,222.7293010644951,230.601778736485,216.54104621486147,223.1431427001953,3209200,0.0,0,-0.05870422724504365,2.869105375633149,236.59274826049804,252.07302666202096,221.11246985897512,226.16508620967875,229.3650836593588,224.4592302070336,215.24841160090668,239.1805725097656
2020-03-10,227.83969410920676,235.02885839757852,221.20872630940477,234.70162963867188,2658300,0.0,0,0.051798530748516036,3.0177208186536153,236.60141067504884,252.07720336319073,221.12561798690695,226.16508620967875,229.3650836593588,224.34854858358676,215.24841160090668,243.32652282714844
2020-03-11,228.44599304148792,230.19757659912617,220.0826940648,224.14404296875,3360600,0.0,0,-0.04498301390653103,2.8819746411020915,235.57308120727538,251.4886431387183,219.65751927583247,226.16508620967875,229.3650836593588,224.34854858358676,215.24841160090668,245.5299835205078
2020-03-12,208.15849833483776,223.0084099380331,196.46528754018107,209.6406097412109,4734500,0.0,0,-0.06470586072885798,2.695493991350839,233.7276710510254,252.4666079393143,214.9887341627365,219.48118817239907,222.68118562207908,224.34854858358676,215.24841160090668,240.3306121826172
2020-03-13,217.05112316851552,232.4784687911313,211.7482787450052,230.00509643554688,4220300,0.0,0,0.09713998981149086,2.9573342502075946,232.86583862304687,250.58645262238062,215.14522462371312,219.48118817239907,222.68118562207908,224.34854858358676,215.24841160090668,233.8748779296875
2020-03-16,198.88090503087636,221.17019912660237,193.7994099096401,195.1275329589844,4093100,0.0,0,-0.1516382202702018,2.508889347762003,230.29140548706056,253.46347546487522,207.1193355092459,218.14824935712858,221.34824680680862,224.0069011290243,215.24841160090668,244.4862518310547
2020-03-17,202.26859096405045,226.0688547216557,195.974470783124,218.97593688964844,4527100,0.0,0,0.12221957388082672,2.8155247347596206,229.06915283203125,251.9151038300566,206.2232018340059,217.62854701127006,221.34824680680862,224.2354639368656,215.24841160090668,240.25331115722656
2020-03-18,202.10497855765584,226.97351144241435,198.41896694841256,208.9765472412109,4210000,0.0,0,-0.045664330932748354,2.686955681522219,227.5793487548828,251.56999390838575,203.58870360137985,216.03578718796857,221.34824680680862,226.22042494314246,217.12028796046238,236.3972625732422
2020-03-19,209.39039328166743,211.5172994008475,193.94379523025745,201.142578125,3847800,0.0,0,-0.03748731242634873,2.5862289344132425,225.72479553222655,251.8016519870599,199.6479390773932,214.41413415360933,221.20389514798217,233.31334650870355,224.21320952602343,241.81890869140625
2020-03-20,199.21776944913813,202.10498349912564,185.13778423279075,188.04425048828125,3940900,0.0,0,-0.06511961693450508,2.417814696899319,223.24082946777344,253.4569828126257,193.02467612292116,210.08332131518463,216.87308230955747,233.31334650870355,224.21320952602343,235.35354614257807
2020-03-23,188.6313228038684,188.89117618691432,167.76639577932352,172.3570556640625,3890100,0.0,0,-0.08342289000320358,2.2161136073917582,220.06393127441407,256.98719657331435,183.14066597551383,200.1224322852274,208.18738808282387,233.83304081537494,224.21320952602343,228.8591461181641
2020-03-24,180.72997078388508,186.56215555726,172.5110411695384,183.1167449951172,4221400,0.0,0,0.06242674133414172,2.3544583583274754,217.37545318603514,256.7821663429347,177.96874002913557,200.1224322852274,206.87850949547533,234.7352992345668,224.21320952602343,230.0091857910156
2020-03-25,181.79822542043456,200.6998514218261,179.03612888190358,191.76873779296875,3201500,0.0,0,0.04724850694611393,2.465703000425247,215.28655319213868,255.4729403897323,175.10016599454508,200.1224322852274,206.10379288662972,235.76025948306983,224.21320952602343,226.33677673339844
2020-03-26,190.70049196969947,217.78256056888608,190.55613713380197,213.8463287353516,3413500,0.0,0,0.11512612116275989,2.7495698228035845,214.77022476196288,254.7492284223723,174.79122110155345,197.36995361086895,206.10379288662972,236.85740880791346,224.21320952602343,228.6851959228516
2020-03-27,208.06225892049272,213.6923171843937,203.76992781725735,210.2661590576172,3367100,0.0,0,-0.01674178695938755,2.703537110600246,214.36986389160157,254.36102559301315,174.37870219018998,197.36995361086895,206.10379288662972,237.20867694834197,224.21320952602343,232.1933135986328
2020-03-30,214.3082497162286,223.24899669213573,213.0186310740293,221.9112548828125,2581600,0.0,0,0.055382643966042755,2.8532661438456035,213.8804801940918,253.2391741283186,174.521786259865,197.36995361086895,206.10379288662972,237.44446669418537,224.21320952602343,229.29405212402344
2020-03-31,219.8709582118692,221.35305481307407,207.80239647795392,209.5635986328125,4629900,0.0,0,-0.05564231636885919,2.6945038063851916,212.68228607177736,251.01012274140908,174.35444940214563,195.5076962357296,206.10379288662972,238.60417232104987,224.21320952602343,227.35153198242188
2020-04-01,198.07251082165487,205.3771590389756,194.4346221962252,199.18890380859372,3772000,0.0,0,-0.049506187581731864,2.561109195506596,210.53179397583008,246.7392960749191,174.32429187674106,195.5076962357296,205.13174229197028,238.53199649163665,224.21320952602343,230.35711669921875
2020-04-02,199.21775733196048,212.77803497084983,197.86076328657265,212.4508209228516,3993100,0.0,0,0.06657959786254763,2.7316268158254977,209.27152557373046,243.27957933089527,175.26347181656564,195.5076962357296,205.13174229197028,237.6634231219051,224.21320952602343,230.23146057128903
2020-04-03,210.92059960888056,215.3380332811444,208.66857632715343,214.4237518310547,2858000,0.0,0,0.009286529934942056,2.7569941500217516,208.1397361755371,239.77215065891758,176.50732169215664,197.88001893083708,205.13174229197028,235.95514996969206,224.21320952602343,223.9110565185547
2020-04-06,219.44749696386063,227.33921160155032,218.46584017809664,226.3383026123047,3050300,0.0,0,0.05556544309810185,2.910187751586585,208.29949417114258,240.2675380934344,176.33145024885076,203.18767024172695,205.13174229197028,228.63846853627132,224.21320952602343,223.38919067382807
2020-04-07,232.04539971791485,234.7112648707348,218.4947396679568,219.20692443847656,2226100,0.0,0,-0.03150760649664974,2.818494701078225,207.5247589111328,237.568773447783,177.4807443744826,212.63370100226837,205.13174229197028,228.2511102318485,225.5450149290981,221.9105529785156
2020-04-08,221.00660784629432,240.26432000764584,219.42826477479312,239.87936401367188,3329400,0.0,0,0.09430559562910767,3.084294522640891,208.3115249633789,240.80692350145316,175.81612642530465,217.34947110193553,205.13174229197028,228.2511102318485,225.5450149290981,221.8719024658203
2020-04-09,239.15757273816376,250.63905399017148,238.86884838535715,249.84027099609372,4331000,0.0,0,0.041524651457113704,3.2123687776846386,210.32150802612304,247.57684486406612,173.06617118817996,222.53683809319836,209.2027248847475,228.2511102318485,226.21567765874522,228.10533142089844
2020-04-13,248.0813673050432,248.7095378033357,238.47508345293343,241.37435913085935,1830900,1.08,0,-0.03388529732008949,3.103516706551022,210.88997116088868,249.66217150905555,172.1177708127218,222.53683809319836,209.2027248847475,228.2511102318485,228.61578599451656,222.24880981445312
2020-04-14,246.5157473226065,249.00912616418807,244.04170111447308,246.5350799560547,2011800,0.0,0,0.021380567694837538,3.1698716555874955,213.4603485107422,254.48751778759498,172.4331792338894,222.53683809319836,209.2027248847475,228.2511102318485,229.3650836593588,222.41310119628903
2020-04-15,244.437913088798,244.48623729697292,235.04427392941105,239.1805725097656,1909700,0.0,0,-0.029831484621174575,3.07530967804274,214.47058029174804,256.97593397820015,171.96522660529592,224.24990863837206,209.2027248847475,227.76508493451877,229.3650836593588,220.4995574951172
2020-04-16,241.21004939147468,244.23496482661363,239.23854857603249,243.32652282714844,1640700,0.0,0,0.017333976057832157,3.1286170223723526,216.1880790710449,260.42641005977936,171.94974808231046,229.65381515866244,209.2027248847475,227.76508493451877,229.3650836593588,234.29046630859372
2020-04-17,247.94604651625627,249.11541274817077,239.75076496369127,245.5299835205078,2328100,0.0,0,0.009055571368702164,3.156948437103782,218.4074493408203,263.8543113869899,172.96058729465074,234.55244708413406,209.2027248847475,227.76508493451877,229.3650836593588,235.74009704589844
2020-04-20,243.56814250827983,244.50557613404564,240.16632166783572,240.3306121826172,1281800,0.0,0,-0.021176115696095232,3.090096531753065,221.02176742553712,265.1641889762241,176.87934587485012,234.56689682906415,209.2027248847475,221.0811868972391,222.68118562207908,243.5488128662109
2020-04-21,236.97710903860968,237.61493840745905,231.0722509935837,233.8748779296875,1925500,0.0,0,-0.026861889104764725,3.007090701394096,224.09765853881837,262.3711583909289,185.82415868670785,235.0336593824823,209.2027248847475,221.0811868972391,222.68118562207908,249.4536895751953
2020-04-22,237.9628814945441,246.5447423005602,237.31537835664565,244.4862518310547,2041400,0.0,0,0.04537201257057366,3.143528458498604,227.16613388061523,261.3899748590114,192.9422929022191,240.8556524918776,209.2027248847475,219.7482480819686,221.34824680680862,249.50198364257807
2020-04-23,243.7227740938501,246.25480340465376,239.80874907577945,240.25331115722656,1419200,0.0,0,-0.017313614332609473,3.0891026191245765,229.59036254882812,260.0665460714481,199.11417902620815,240.09383187087724,209.2027248847475,219.48839690903935,221.34824680680862,255.4358367919922
2020-04-24,241.8768915442142,243.04627249405155,235.5854689656488,236.3972625732422,1775600,0.0,0,-0.016049928991242468,3.039522741440966,230.71790924072266,260.4316641875409,201.0041542939044,240.09383187087724,209.2027248847475,218.69201699738858,221.34824680680862,254.7400054931641
2020-04-27,238.7070184453159,243.81940113733413,237.0061154444781,241.81890869140625,1557500,0.0,0,0.022934470810482832,3.1092325870323423,232.2955467224121,260.8120001791988,203.77909326562542,240.09383187087724,209.2027248847475,217.80901465079575,221.34824680680862,258.4124450683594
2020-04-28,246.68005155018344,247.2115884009587,234.5707440289271,235.35354614257807,2091900,0.0,0,-0.026736381302087775,3.026102959028569,232.9676612854004,261.10037052286845,204.83495204793232,240.09383187087724,209.2027248847475,213.47820181237105,217.01743396838393,250.9999542236328
2020-04-29,242.5920545105319,242.5920545105319,227.7574219951121,228.8591461181641,3505800,0.0,0,-0.027594230598419145,2.942599976162576,233.93243865966798,260.0159394153775,207.8489379039585,238.43641737164143,211.57504757985492,204.15491018402565,208.33173974165032,255.9963836669922
2020-04-30,226.24979254588712,231.06258566577785,224.89680323394276,230.0091857910156,3410300,0.0,0,0.005025098154730179,2.9573868298729,235.47345275878905,256.20489321337135,214.74201230420675,236.05419581745073,214.83759143603754,203.50047089035138,208.33173974165032,257.9195556640625
2020-05-01,225.40901680826912,227.97969660844345,224.78083158636963,226.33677673339844,1896800,0.0,0,-0.015966358234726696,2.9101681323084865,236.1677505493164,254.5403669669814,217.7951341316514,235.99620999366417,220.59759556198674,203.11311258592855,208.33173974165032,256.8371887207031
2020-05-04,229.41967375368344,229.52598111374263,220.45124922925208,228.6851959228516,1642700,0.0,0,0.010375773762208107,2.940363378459307,236.88082275390624,252.73079778069948,221.030847727113,233.8314188151054,222.53683809319836,201.73687324874933,208.33173974165032,256.4312438964844
2020-05-05,229.69993480923935,235.37286076952685,229.69993480923935,232.1933135986328,1421200,0.0,0,0.015340379431315387,2.985469668350817,237.17357330322267,252.4328493815709,221.91429722487445,233.8314188151054,222.53683809319836,201.73687324874933,208.33173974165032,243.0655975341797
2020-05-06,232.7731889623349,234.10686054143417,228.83983107161944,229.29405212402344,1441400,0.0,0,-0.012486412419355886,2.9481918628063113,237.6779296875,251.06087842591313,224.2949809490869,233.8314188151054,222.53683809319836,201.73687324874933,208.33173974165032,249.4149932861328
2020-05-07,231.14957600162936,231.62312966603173,227.13891725525988,227.35153198242188,2548900,0.0,0,-0.008471742391952142,2.9232155408225666,237.0515380859375,251.12623763829302,222.97683853358197,233.8314188151054,222.53683809319836,200.80574456117967,208.33173974165032,253.67694091796875
2020-05-08,229.670948302572,232.18365978047345,228.73351465672647,230.35711669921875,1879700,0.0,0,0.013219988845420527,2.961860417665001,236.07738037109374,249.12546170133456,223.02929904085292,233.8314188151054,224.24990863837206,200.31971926384995,208.33173974165032,255.8900909423828
2020-05-11,228.1536523864076,234.7736558509799,226.607366239651,230.23146057128903,2040700,0.0,0,-0.0005454840281482465,2.9602447701135604,235.52023544311524,248.56760848259813,222.47286240363235,231.521651869892,229.65381515866244,200.31971926384995,208.33173974165032,255.1072235107422
2020-05-12,231.3235360187793,232.18365385527272,222.99295552960888,223.9110565185547,1852500,0.0,0,-0.027452390898494494,2.878978973529179,234.38903427124023,247.34195411435064,221.43611442812983,227.91205499938945,234.55244708413406,201.50588061140368,208.33173974165032,249.99288940429688
2020-05-13,223.4954980412039,229.12010007539303,221.6882875422947,223.38919067382807,2200600,0.0,0,-0.0023306836778886897,2.87226898422659,233.59946517944337,247.2038523746907,219.99507798419603,227.91205499938945,234.56689682906415,204.15970626684862,208.33173974165032,257.75665283203125
2020-05-14,221.6786203648405,223.2442244930616,217.2137258473739,221.9105529785156,2112500,0.0,0,-0.006619110310809306,2.853257118977678,232.5286666870117,246.27412769266738,218.78320568135604,226.29329330845036,233.92638991877268,208.88272164711933,208.33173974165032,256.78619384765625
2020-05-15,220.68320358126,222.24880770953348,216.31495748366424,221.8719024658203,2246800,0.0,0,-0.0001741715847962677,2.8527601626634347,231.34576263427735,244.4630950340797,218.22843023447498,225.84390912659555,233.47700573691787,211.2406066969529,208.33173974165032,256.6891174316406
2020-05-18,228.1439966856795,230.1444891170038,224.2782960103312,228.10533142089844,1792800,0.0,0,0.028094719907304944,2.9329076603961814,230.7344985961914,243.23866937597222,218.23032781641058,225.54430666732208,232.7151851159175,215.86978148897293,209.2027248847475,246.67388916015625
2020-05-19,227.187243296096,228.8978200706006,221.94922035462295,222.24880981445312,1542800,0.0,0,-0.025674637107183207,2.8576063205466316,230.1531951904297,243.09741730966007,217.20897307119932,225.54430666732208,232.7151851159175,215.86978148897293,209.2027248847475,246.84857177734372
2020-05-20,224.1913200751689,224.8484968978289,221.2340612393956,222.41310119628903,1346600,0.0,0,0.0007392227745699476,2.8597187282195344,229.0495376586914,240.59090621769127,217.50816909969154,225.54430666732208,232.7151851159175,215.86978148897293,209.2027248847475,239.2012481689453
2020-05-21,221.68825625603105,222.74165609087729,219.4944671187775,220.4995574951172,1263200,0.0,0,-0.008603556584029892,2.8351149763268877,228.06184997558594,238.95492617940823,217.16877377176365,225.54430666732208,232.7151851159175,216.7263167615598,209.2027248847475,246.3050994873047
2020-05-22,220.8668201742682,234.4547715780159,219.7747696692369,234.29046630859372,2812700,0.0,0,0.06254392965746391,3.012434207977099,227.9565101623535,238.5588857655047,217.35413455920232,225.38486453084008,232.7151851159175,219.42827002170498,209.2027248847475,250.90513610839844
2020-05-26,240.24364211425765,240.33061684498009,232.07735194729227,235.74009704589844,2833600,0.0,0,0.006187322771364245,3.031073110749352,227.65256958007814,236.89553095483205,218.40960820532422,228.32278716432216,231.76327294231146,221.87758598444077,209.2027248847475,257.5528564453125
2020-05-27,237.3636973953343,244.44759598338052,233.7106112662105,243.5488128662109,2311000,0.0,0,0.03312425810528152,3.131475158805792,228.06233291625978,239.19129841620534,216.9333674163142,230.38127673352238,231.76327294231146,221.88481085690583,209.2027248847475,256.4076843261719
2020-05-28,247.03762636531164,250.7583696071243,245.0081421168971,249.4536895751953,2190900,0.0,0,0.024245146751046276,3.2073982335782945,229.09206008911133,243.6508246790586,214.53329549916407,233.53666354539428,233.53666354539428,222.1181921336149,209.2027248847475,258.1157531738281
2020-05-29,248.5258848436665,250.2751119334492,245.5589526774557,249.50198364257807,2138600,0.0,0,0.00019359933086171566,3.2080191837301224,230.06669998168945,247.15971980008828,212.97368016329062,235.12641836295091,233.53666354539428,225.02918868831256,209.2027248847475,258.1157531738281
2020-06-01,249.36668784545347,257.8229081646809,246.94096595404145,255.4358367919922,2035000,0.0,0,0.023782789470381926,3.2843148285937223,231.52165298461915,251.79296030866993,211.25034566056837,238.6586876417292,237.06893282417258,224.64827837781237,209.2027248847475,256.8832397460937
2020-06-02,255.62912962113137,256.6728558215704,251.01926271239068,254.7400054931641,1809800,0.0,0,-0.0027240942679266356,3.2753680453950835,232.82439346313475,255.43932317993873,210.20946374633078,238.6586876417292,237.06893282417258,224.64827837781237,209.2027248847475,257.75665283203125
2020-06-03,256.0350178719407,260.20998176067206,254.7496853493365,258.4124450683594,1802200,0.0,0,0.014416422611303714,3.3225871353450587,234.1353500366211,259.3700100828719,208.9006899903703,239.85222443972478,238.26246962216817,224.64827837781237,209.2027248847475,256.5435791015625
2020-06-04,255.2232276304409,257.94855377383533,247.8977375884257,250.9999542236328,1997600,0.0,0,-0.02868472856547477,3.2272796252325473,235.22064514160155,261.3891714871762,209.0521187960269,239.99237571495448,238.26246962216817,224.64827837781237,209.2027248847475,248.3721923828125
2020-06-05,254.8753269033592,256.98212674691393,251.8310639494197,255.9963836669922,2336800,0.0,0,0.01990609703023183,3.2915221665961165,236.65288772583008,264.06178792750666,209.24398752415348,246.14366685398215,238.26246962216817,225.00573247574818,209.2027248847475,251.29330444335935
2020-06-08,256.1026716144906,260.08433862034104,255.4261621941756,257.9195556640625,2095800,0.0,0,0.007512496737344776,3.316249716133568,238.03100967407227,266.7885843754578,209.27343497268674,246.96029651344128,238.26246962216817,225.44589362674412,209.2027248847475,249.672607421875
2020-06-09,257.74563083226946,258.11284766010897,255.4745255533536,256.8371887207031,2691000,0.0,0,-0.004196529187453835,3.302332977406928,239.36129608154297,269.0100904488069,209.71250171427906,252.60906193878458,238.26246962216817,228.29690277782544,209.2027248847475,249.8764190673828
2020-06-10,257.5619742906593,259.9973550334798,254.39210100143612,256.4312438964844,1603500,0.0,0,-0.0015805531365638004,3.2971134646615097,240.98730545043946,270.6354011073081,211.33920979357086,252.88446721906388,238.26246962216817,228.18412845415187,209.2027248847475,251.45828247070312
2020-06-11,253.99587896878748,254.7400157577445,242.6403828318378,243.0655975341797,2548900,0.0,0,-0.05212175458502277,3.1252621258174482,241.97112579345702,270.4904543976689,213.45179718924513,251.42518229625495,238.26246962216817,228.18412845415187,209.2027248847475,252.8363494873047
2020-06-12,248.10066922003855,250.30411741369187,245.43334107679456,249.4149932861328,1436500,0.0,0,0.026122148985153082,3.2069006886857077,243.3463478088379,270.46721580099194,216.22547981668387,251.42518229625495,238.26246962216817,228.18412845415187,209.2027248847475,251.5553436279297
2020-06-15,243.64545738508664,254.24712824593223,243.53915002339195,253.67694091796875,1532400,0.0,0,0.017087776382980202,3.2616994905363943,244.9365997314453,270.5032379607405,219.36996150215018,251.42518229625495,238.26246962216817,228.18412845415187,209.2027248847475,251.39036560058597
2020-06-16,259.56249530225,259.7751100489555,252.23700447113987,255.8900909423828,1837500,0.0,0,0.00872428537022496,3.290155487683751,246.32583770751953,271.08120996266155,221.5704654523775,251.36236072608943,238.26246962216817,229.04066372673873,209.2027248847475,250.28399658203125
2020-06-17,258.1804481141121,259.38847943552656,254.923600390451,255.1072235107422,1380100,0.0,0,-0.003059389399399981,3.280089620862354,247.968758392334,270.33603337358085,225.60148341108714,251.36236072608943,238.26246962216817,230.5877335142772,209.2027248847475,248.7603912353516
2020-06-18,252.81695852864107,254.29206115436816,248.96419434934467,249.99288940429688,1776100,1.1,0,-0.020047782403268433,3.214331097880086,249.34774780273438,268.35788757760724,230.3376080278615,251.36236072608943,238.26246962216817,231.23225104176174,209.2027248847475,252.6228485107422
2020-06-19,253.7874369362339,258.0186688819796,248.8477517373162,257.75665283203125,6193100,0.0,0,0.031055937015786794,3.314155162003735,251.2106025695801,265.11684435624034,237.30436078291984,251.3188689326588,238.26246962216817,231.2394759142268,209.2027248847475,258.9212341308594
2020-06-22,256.3591849678145,258.96003569676054,253.40894987519152,256.78619384765625,2034300,0.0,0,-0.0037650201215462253,3.3016773011328646,252.33538894653321,264.0259005888821,240.64487730418435,251.3188689326588,238.26246962216817,230.10984161361154,209.2027248847475,263.27862548828125
2020-06-23,258.270987052731,258.94061320664497,254.2726584687857,256.6891174316406,1941400,0.0,0,-0.0003780437513444257,3.3004291226602156,253.38283996582032,262.34833850212704,244.4173414295136,251.20774644039665,239.85222443972478,229.6604574317567,209.2027248847475,254.73846435546875
2020-06-24,254.50558382369007,255.40811319986344,242.8793653037944,246.67388916015625,3475300,0.0,0,-0.03901695705565522,3.1716564213161482,253.5390937805176,261.89544637472636,245.18274118630882,251.32723767637498,239.85222443972478,229.1297458916198,209.2027248847475,253.6709747314453
2020-06-25,246.77093245634973,248.38191504855607,243.18019900744855,246.84857177734372,2648700,0.0,0,0.0007081520374216943,3.173902436272905,253.408837890625,262.0942276279334,244.7234481533166,251.32723767637498,239.85222443972478,229.1297458916198,209.2027248847475,249.00299072265625
2020-06-26,246.5671207712374,250.4683963569393,236.8139021906125,239.2012481689453,3268800,0.0,0,-0.030979817113530927,3.07557551926098,252.89380111694337,263.48107107921044,242.30653115467626,248.29450611978402,239.85222443972478,229.1297458916198,209.2027248847475,252.48703002929688
2020-06-29,242.656125617093,246.9456127485464,240.19114022893112,246.3050994873047,1638200,0.0,0,0.029698220108542284,3.166914637992437,252.437264251709,263.3330507067133,241.54147779670467,248.10119081306954,239.99237571495448,229.1297458916198,209.2027248847475,247.7510986328125
2020-06-30,246.7418146018828,251.46799525996403,245.6451795761438,250.90513610839844,1980300,0.0,0,0.018676172887483578,3.2260604832914863,252.2455207824707,263.1070114650257,241.3840300999157,247.88696894368653,246.14366685398215,229.0500248233788,209.2027248847475,247.9646148681641
2020-07-01,251.66210080754868,258.8338533865208,250.52663871869976,257.5528564453125,1207200,0.0,0,0.026494955185142333,3.3115348112208527,252.20254135131836,262.9714914522912,241.43359125034553,247.88696894368653,246.96029651344128,230.0430300533168,209.2027248847475,250.0025787353516
2020-07-02,260.13428286772216,260.6971716444009,254.77730301731344,256.4076843261719,1175700,0.0,0,-0.004446357671765044,3.296810543007664,252.47292785644532,263.37969650107965,241.566159211811,248.7555369175067,248.7555369175067,231.07227483791692,209.2027248847475,245.9266357421875
2020-07-06,260.085804914458,261.007762711265,256.7571019072517,258.1157531738281,1504600,0.0,0,0.006661535328572388,3.3187723629115196,252.57889633178712,263.6622205146362,241.49557214893807,248.91083245093876,248.91083245093876,233.53666354539428,209.2623826932239,238.92953491210935
2020-07-07,256.2233259556985,261.76472767524155,254.8355617911375,258.1157531738281,1289800,0.0,0,0.0,3.3187723629115196,252.58870620727538,263.69146202542635,241.4859503891244,249.28931493292703,249.28931493292703,234.3315409541726,209.2623826932239,243.87892150878903
2020-07-08,258.9503145110529,261.41531486583926,253.80683898371632,256.8832397460937,1389000,0.0,0,-0.004775041478791042,3.302925087219952,252.59100875854492,263.6973452210875,241.48467229600232,249.28931493292703,249.28931493292703,237.86381023295087,212.7946519720022,243.32574462890625
2020-07-09,255.2140279964757,259.0861910386865,252.719914779527,257.75665283203125,1143400,0.0,0,0.003400039203806493,3.3141551620037357,252.65727920532225,263.8709485140828,241.44360989656172,249.28931493292703,249.28931493292703,237.86381023295087,212.7946519720022,242.7337646484375
2020-07-10,258.63008228490133,259.6976044952808,255.3304924116709,256.5435791015625,911400,0.0,0,-0.004706275151932782,3.298557835915148,253.3311782836914,263.7408931136426,242.9214634537402,250.97793395208635,249.28931493292703,239.05734703094646,213.9881887699978,243.50045776367188
2020-07-13,254.98108572143835,256.87351263854123,246.99412780072453,248.3721923828125,1791700,0.0,0,-0.031851846564887265,3.193492677840172,253.2790382385254,263.77772579281356,242.78035068423725,253.70495362569267,249.28931493292703,239.12742266856134,213.9881887699978,245.09201049804688
2020-07-14,248.66334112622397,252.14732210321583,246.25656677720752,251.29330444335935,1877500,0.0,0,0.011761026999530522,3.231051431447053,253.15985641479492,263.6921994738784,242.62751335571141,254.01064722622453,249.28931493292703,242.20306823807516,216.36051146510522,237.9881896972656
2020-07-15,254.5637806195864,254.5928935117478,248.80890521017264,249.672607421875,1301000,0.0,0,-0.006449423812044497,3.210213011407138,252.84898223876954,263.40791673088034,242.29004774665873,254.01064722622453,249.28931493292703,242.61138306780472,219.62305532128784,240.3658142089844
2020-07-16,249.604688877354,250.13843508822043,245.67427086657287,249.8764190673828,1475200,0.0,0,0.0008163156047127362,3.2128335583828016,252.58744201660156,263.1690281768695,242.00585585633362,253.7194992709072,249.28931493292703,245.43576578047637,225.38305944723703,241.97679138183597
2020-07-17,250.86631042212272,253.30219780713568,247.22705059975152,251.45828247070312,1291900,0.0,0,0.006330582970671461,3.2331726677951016,252.66071166992188,263.18900541186133,242.13241792798246,253.7194992709072,249.28931493292703,245.57346842061602,227.32230197844865,238.1919708251953
2020-07-20,252.4966793306018,254.4085049148412,249.5173316608837,252.8363494873047,1422200,0.0,0,0.0054803007602746145,3.250891426424518,252.41469650268556,262.6789978125274,242.15039519284366,253.54479286620608,249.28931493292703,244.84382595921156,227.32230197844865,239.1333465576172
2020-07-21,255.2334306357596,255.2334306357596,250.36168532126032,251.5553436279297,1161900,0.0,0,-0.005066541507867006,3.2344206500749695,252.1531539916992,262.2211599406651,242.08514804273335,252.68593768092683,249.28931493292703,244.84382595921156,227.32230197844865,239.67678833007807
2020-07-22,250.4586937864661,253.0983713603959,249.42999873936728,251.39036560058597,1355700,0.0,0,-0.0006558319333010987,3.232299413726922,251.8882164001465,261.739028770974,242.037404029319,252.68593768092683,249.28931493292703,244.84382595921156,227.32230197844865,240.64727783203125
2020-07-23,251.48739850909007,252.700484988856,246.4991726884354,250.28399658203125,1324900,0.0,0,-0.004401000077753681,3.2180740637557865,252.06872177124023,261.6567203102753,242.48072323220512,251.27389175255706,249.28931493292703,244.8124151741288,229.03537252362236,242.21942138671875
2020-07-24,252.0794093872661,252.7393214261443,248.2945849097311,248.7603912353516,1391300,0.0,0,-0.006087506063058634,3.1984840183813015,252.16431274414063,261.57686198059963,242.7517635076816,250.45385075116621,249.28931493292703,244.8124151741288,234.43927904391273,241.79241943359372
2020-07-27,247.05236448388396,253.23424887786004,247.0135374212366,252.6228485107422,1417500,0.0,0,0.015526817819386363,3.248146297032927,252.83539276123048,260.1045983802902,245.56618714217078,250.45385075116621,249.28931493292703,244.8124151741288,238.26246962216817,240.7054901123047
2020-07-28,252.87522848849176,260.7651497555841,252.87522848849176,258.9212341308594,1553800,0.0,0,0.024931971344822168,3.329128987434342,253.4661994934082,260.54423080473623,246.38816818208016,253.21971031107847,249.28931493292703,244.79066927741349,238.26246962216817,248.9253692626953
2020-07-29,260.221653107282,264.1617561079251,260.0566602945775,263.27862548828125,1452700,0.0,0,0.016829022818652506,3.385154975130112,254.08487396240236,262.2513980394331,245.91834988537158,255.33046439818025,250.4878291492688,244.79066927741349,238.26246962216817,244.8688201904297
2020-07-30,260.0857594086084,260.0857594086084,249.92494516049035,254.73846435546875,1959900,0.0,0,-0.032437730624632954,3.2753482299242056,253.94415435791015,261.96080569413823,245.92750302168207,255.33046439818025,250.4878291492688,245.52998544006073,238.26246962216817,242.5979156494141
2020-07-31,254.2144351491157,256.66000702863244,249.4979391330252,253.6709747314453,1781200,0.0,0,-0.004190531754693416,3.2616227791590293,253.80731887817382,261.7432490633377,245.87138869300992,255.33046439818025,250.4878291492688,245.5897310580499,238.26246962216817,239.5215301513672
2020-08-03,251.35153937270897,254.0300440185528,248.5565831538061,249.00299072265625,1504600,0.0,0,-0.018401726936757123,3.201603287406238,253.35168075561523,261.2922827029944,245.41107880823608,255.33046439818025,250.4878291492688,245.5897310580499,238.26246962216817,244.96585083007807
2020-08-04,248.71188994910756,254.6511577785328,248.3819339159589,252.48703002929688,1782900,0.0,0,0.013991957672995214,3.246399985089348,253.07024459838868,260.70536453016143,245.43512466661596,255.33046439818025,252.17644816842812,244.0733652797544,238.26246962216817,241.045166015625
2020-08-05,252.5743469989844,252.68108440507055,246.7127041923321,247.7510986328125,1069200,0.0,0,-0.0187571274292182,3.185506846882815,252.6136375427246,260.3746270357119,244.85264804973733,255.43723015012858,254.90346784203444,244.046783264012,238.26246962216817,242.4135284423828
2020-08-06,247.17853707481387,247.99372776360764,244.5582728275843,247.9646148681641,1127600,0.0,0,0.0008618175117278692,3.188252172467188,252.12403564453126,259.75853571083735,244.48953557822517,254.3600144677547,254.3600144677547,247.01531789883433,238.26246962216817,246.40216064453125
2020-08-07,246.9262076816266,251.0701008740149,246.67387618984105,250.0025787353516,1023300,0.0,0,0.008218768908906826,3.214455680296016,251.7969856262207,259.2006193232337,244.39335192920768,254.3600144677547,254.3600144677547,247.42363272856392,238.26246962216817,255.9613037109375
2020-08-10,249.61440733873525,250.09964200230067,244.50004464665025,245.9266357421875,1282400,0.0,0,-0.016303603801938404,3.162048468445579,251.67470779418946,259.37856787782056,243.97084771055836,254.33090037728766,254.33090037728766,248.7555369175067,238.50606456403256,255.51487731933597
2020-08-11,246.4506718679239,246.6932891890792,237.9590656274881,238.92953491210935,2111800,0.0,0,-0.02845198450733666,3.072081914409918,251.05651931762696,260.57588005150507,241.53715858374883,249.02241251804824,251.0604108677066,248.91083245093876,238.66136009746464,243.32574462890625
2020-08-12,239.71560020161203,245.48018982189691,239.70590084021703,243.87892150878903,1381000,0.0,0,0.020714837947934495,3.1357195934296995,250.76683502197267,260.78222465855634,240.75144538538902,247.30953632806026,251.0604108677066,249.28931493292703,239.0398425794529,238.25021362304688
2020-08-13,243.49072262016787,245.52871391586612,242.79198359353907,243.32574462890625,960900,0.0,0,-0.0022682439157122314,3.128607016540523,250.43930130004884,260.97064074769725,239.90796185240046,246.30511170301043,251.0604108677066,249.28931493292703,239.0398425794529,233.8539886474609
2020-08-14,243.4228043331772,245.7616387852019,241.3654142569055,242.7337646484375,737000,0.0,0,-0.002432870312886859,3.120995521409292,250.00307540893556,261.04548127796613,238.96066953990496,246.30511170301043,251.0604108677066,249.28931493292703,239.0398425794529,234.79534912109372
2020-08-17,242.70466582272672,244.50973932896773,242.0544531629768,243.50045776367188,1435000,0.0,0,0.0031585762959052133,3.130853423882842,249.5362808227539,260.8491018586243,238.22345978688352,245.3200750162793,251.0604108677066,250.1336244425067,239.0398425794529,228.7493133544922
2020-08-18,244.72322744676137,247.2561527655589,243.91773619737677,245.09201049804688,1896100,0.0,0,0.006536138572354133,3.1513171157110693,249.21311416625977,260.6467008504967,237.77952748202281,244.5145832507515,251.0604108677066,251.49713427930985,239.0398425794529,229.2054443359375
2020-08-19,245.75194433882032,246.09161452766307,237.6291207837135,237.9881896972656,1496500,0.0,0,-0.028984301798927414,3.0599783893651744,248.54300537109376,260.9296211804869,236.15638956170062,244.3496108288642,250.8954384458193,251.64998107957578,239.0398425794529,233.8570098876953
2020-08-20,237.76496375421425,241.60802845947575,236.20250768578768,240.3658142089844,1017400,0.0,0,0.00999051471731982,3.0905491484988077,248.0470962524414,260.90558083462037,235.18861167026245,243.15107484404416,250.1821318968564,251.64998107957578,239.0398425794529,234.0423126220703
2020-08-21,242.316461531578,242.59789108933572,238.191967353038,241.97679138183597,1139600,0.0,0,0.006702189236656109,3.111262593737233,247.70791625976562,260.83129018432754,234.58454233520374,241.7293302256733,250.1821318968564,251.5044071019171,239.0398425794529,234.15933227539065
2020-08-24,240.91898699956656,241.0451527384273,235.02823164959383,238.1919708251953,1201400,0.0,0,-0.015641254415462713,3.0625985439552768,246.9863723754883,260.5341525762811,233.4385921746955,241.1421922075764,249.59499387875945,251.5044071019171,239.0398425794529,235.7293701171875
2020-08-25,239.026594341044,239.88059726544333,236.3286908402147,239.1333465576172,1060800,0.0,0,0.003952172397585718,3.074702461385583,245.99697799682616,258.7740218624844,233.21993413116795,241.1421922075764,249.59499387875945,251.41705389956655,239.0398425794529,236.1389312744141
2020-08-26,238.39576183100056,239.80295406934084,236.5518762064094,239.67678833007807,1479400,0.0,0,0.0022725470131366166,3.0816898672804887,244.816886138916,255.07909118326359,234.55468109456842,241.1421922075764,249.59499387875945,250.98762630692693,239.0398425794529,237.2603912353516
2020-08-27,240.0941032131568,241.74391289936628,238.7742643491012,240.64727783203125,1398200,0.0,0,0.0040491593229154965,3.0941681205369216,244.11232681274413,253.43528890425745,234.7893647212308,241.1421922075764,249.59499387875945,250.98762630692693,239.0398425794529,237.28965759277344
2020-08-28,241.42364428609653,242.3552864921024,238.1628669487044,242.21942138671875,1062900,0.0,0,0.006532978759829611,3.1143822551477314,243.5397491455078,251.77642027129184,235.30307801972378,241.1421922075764,249.59499387875945,250.28160334274205,239.0398425794529,235.02723693847656
2020-08-31,241.64685496231263,242.7337758363749,240.18145165473325,241.79241943359372,1307500,0.0,0,-0.0017628724842971844,3.108891996364548,243.1792205810547,251.046856957561,235.31158420454838,240.55992308862847,249.59499387875945,249.87158284204662,239.0398425794529,235.76837158203125
2020-09-01,241.10338606409115,242.37469842928536,239.34683906740685,240.7054901123047,1085000,0.0,0,-0.004495299413584619,3.0949165959963927,242.59014358520508,249.23972833910756,235.9405588313026,238.88100374298438,249.59499387875945,249.87158284204662,239.0398425794529,237.5139312744141
2020-09-02,240.3949508433299,249.69204828322304,239.7350240354762,248.9253692626953,2034000,0.0,0,0.0341491137013763,3.20060525472935,242.64885711669922,249.49958845611445,235.79812577728399,242.36013996640844,249.59499387875945,251.25451262200275,239.0398425794529,238.6061248779297
2020-09-03,248.0131312362853,249.17770623953612,241.8797729779127,244.8688201904297,2094600,0.0,0,-0.016296246076809795,3.14844740390355,242.4940673828125,248.9839629162318,236.00417184939317,242.36013996640844,247.55699552910113,252.90914677372453,240.2383567957947,240.2639312744141
2020-09-04,243.8789422554248,248.65364951674496,239.54094322499495,242.5979156494141,1885100,0.0,0,-0.009273963664502283,3.1192488170801522,242.12383422851562,247.61634237311512,236.63132608391612,243.01036956171887,245.84411933911315,252.90914677372453,241.8281116133513,236.3924865722656
2020-09-08,241.37513010383483,242.2582607377146,235.92109727199065,239.5215301513672,1451200,0.0,0,-0.012681005481072205,3.079693605733931,241.8035789489746,247.11377693269952,236.49338096524968,242.80657277760685,244.8396947140633,252.90914677372453,241.8281116133513,232.5795440673828
2020-09-09,243.21900318619427,247.7510928903742,242.09327008963436,244.96585083007807,2202100,0.0,0,0.02272998454573294,3.149694993797856,242.10539474487305,247.41403099247788,236.79675849726823,242.80657277760685,244.8396947140633,252.90914677372453,241.8281116133513,233.6522674560547
2020-09-10,244.4806207727528,244.4806207727528,240.22996056109483,241.045166015625,1256800,0.0,0,-0.016005026011452816,3.0992840434939786,241.96370697021484,247.2260020931052,236.7014118473245,242.80657277760685,243.8546580273322,253.7534562833042,241.8281116133513,236.69479370117188
2020-09-11,242.40382907998932,245.1017326440561,240.8995986505395,242.4135284423828,1219400,0.0,0,0.005676788501409291,3.1168780235146865,241.91809616088867,247.14773833374625,236.68845398803109,242.80657277760685,243.04916626180437,255.17034899608151,241.968262888581,233.6522674560547
2020-09-14,243.69455768898675,248.13930906376572,243.51986550672,246.40216064453125,1333900,0.0,0,0.016453835013982898,3.168162620272306,242.10151596069335,247.68219542647972,236.52083649490697,242.80657277760685,243.04916626180437,254.3600144677547,248.11955402760867,237.74798583984372
2020-09-15,248.06168340390184,257.38789491058805,248.02287114358623,255.9613037109375,2426700,0.0,0,0.03879488329729641,3.291071119392627,242.72455825805665,250.97185436808064,234.47726214803265,246.65449609128933,246.20806328009093,254.3600144677547,248.9361836870678,235.73912048339844
2020-09-16,257.17437157540775,260.72629286509334,255.03932721011915,255.51487731933597,2326100,0.0,0,-0.001744116728307099,3.2853311071992457,243.2457015991211,253.1886908095552,233.302712388687,248.323695068542,247.8772622573436,254.33090037728766,250.4878291492688,229.9173126220703
2020-09-17,251.9532154465079,252.7101802573249,241.58861123182237,243.32574462890625,2341500,0.0,0,-0.04770419952962679,3.1286070165405233,243.51257934570313,253.1555824879491,233.86957620345717,248.323695068542,247.8772622573436,250.04141169287743,250.4878291492688,231.81890869140625
2020-09-18,241.3265995331727,243.84011147119855,236.61011813348065,238.25021362304688,3270500,0.0,0,-0.020858997117629396,3.0633474118003092,243.40679931640625,253.2322400662593,233.5813585665532,248.323695068542,247.8772622573436,249.1849735978834,250.4878291492688,231.2338104248047
2020-09-21,236.19282321684403,237.20210477428563,231.25312322051477,233.8539886474609,2848900,0.0,0,-0.018452134454500668,3.006822113476923,243.0006591796875,253.67351461501488,232.3278037443601,245.98970804280407,245.98970804280407,248.6827612853585,250.4878291492688,230.2976226806641
2020-09-22,234.84387554862172,237.61941838989569,233.1067271771512,234.79534912109372,1702200,0.0,0,0.0040254197889775245,3.018925834714448,242.83082809448243,253.90921779371658,231.75243839524828,245.98970804280407,245.98970804280407,248.6827612853585,250.4878291492688,224.41732788085935
2020-09-23,235.07676220042413,235.07676220042413,228.12821362703303,228.7493133544922,2550300,0.0,0,-0.025750236489920142,2.9411877805250213,242.31162643432617,254.9198929935441,229.70335987510825,244.42725324606317,244.42725324606317,248.19024294199295,250.4878291492688,225.89956665039065
2020-09-24,229.3219107276881,233.0388101210225,228.157350467492,229.2054443359375,2246600,0.0,0,0.0019940212049442962,2.947052571327111,241.78805923461914,255.6150874445568,227.9610310246815,244.42725324606317,244.42725324606317,247.78749705922905,250.4878291492688,223.94923400878903
2020-09-25,229.16641459112097,234.69566204267596,229.13716049455252,233.8570098876953,2861500,1.14,0,0.020294306556436714,3.006860959647559,241.44854583740235,255.70250979085813,227.19458188394657,244.42725324606317,244.42725324606317,247.62252463734177,250.4878291492688,227.6939239501953
2020-09-28,237.03611101343216,238.3525900939256,232.49178587215133,234.0423126220703,2593500,0.0,0,0.0007923762236761167,3.0092435247798837,241.03969039916993,255.65030031656738,226.42908048177247,244.42725324606317,244.42725324606317,246.66660337045028,250.1821318968564,228.41552734375
2020-09-29,235.22228576881537,235.99266851137963,233.1841559592279,234.15933227539065,3098400,0.0,0,0.000499993578124025,3.0107481272172847,240.65803604125978,255.5690338825506,225.74703819996896,240.41919694217898,244.42725324606317,245.95573106126483,250.1821318968564,231.1850433349609
2020-09-30,235.9244024072126,237.53345227994168,233.740016950916,235.7293701171875,3345600,0.0,0,0.006704997945374824,3.0309351872243178,240.40923004150392,255.47570303790363,225.3427570451042,235.9841625491158,244.42725324606317,245.36859304316792,249.59499387875945,233.9642791748047
2020-10-01,236.17794665858844,238.9181896364747,233.9935464251088,236.1389312744141,2500800,0.0,0,0.0017374209968956666,3.0362011976588312,239.76990814208983,254.41125645943833,225.12855982474133,233.52320163175386,244.42725324606317,245.36859304316792,249.59499387875945,236.1389312744141
2020-10-02,234.11057602617785,237.8552493596855,233.05738386112716,237.2603912353516,2138100,0.0,0,0.004749153199284484,3.0506205822903643,239.38948669433594,253.87397772053504,224.90499566813685,233.52320163175386,244.42725324606317,245.36859304316792,249.59499387875945,232.07244873046875
2020-10-05,237.2116417009602,237.59195987354343,231.98469598955364,237.28965759277344,2130300,0.0,0,0.00012335121454309927,3.0509968800443,239.12407379150392,253.5575691496888,224.69057843331905,233.52320163175386,244.42725324606317,245.36859304316792,249.59499387875945,226.6114654541016
2020-10-06,237.85525716334269,238.34284531797377,234.1983460036095,235.02723693847656,1913500,0.0,0,-0.0095344258879565,3.0219073764071314,238.89935913085938,253.44182153772914,224.35689672398962,233.53777005198333,244.42725324606317,245.36859304316792,249.59499387875945,232.5308074951172
2020-10-07,235.20276755834823,237.4651687730712,235.20276755834823,235.76837158203125,2048000,0.0,0,0.0031533989558354403,3.031436655972525,238.43948516845703,252.76320863726733,224.11576169964673,234.02767506551362,244.42725324606317,245.07745848369396,249.59499387875945,232.1016998291016
2020-10-08,237.7089635535077,240.41995240893343,236.83131085758188,237.5139312744141,2501100,0.0,0,0.007403705936763094,3.05388052153927,238.26292343139647,252.54029777742065,223.9855490853723,236.20232419924355,244.42725324606317,244.23799881087191,249.59499387875945,237.05560302734372
2020-10-09,238.2063139122216,240.2736828627452,237.11410636099384,238.6061248779297,1538700,0.0,0,0.004598440174246932,3.067923608416866,238.07255325317382,252.22308185718472,223.92202464916292,236.20232419924355,244.42725324606317,245.97756692258395,249.59499387875945,233.1549072265625
2020-10-12,239.16197734096497,241.6291720839899,238.26481696895672,240.2639312744141,1430400,0.0,0,0.006947878631919258,3.0892391693001464,237.76564178466796,251.433089074214,224.09819449512193,236.8069340367718,244.42725324606317,244.95856774775478,249.59499387875945,233.2426605224609
2020-10-13,239.0644600671816,240.4297157927676,235.4270566943161,236.3924865722656,1622100,0.0,0,-0.016113299576900664,3.0394613331005176,236.78720092773438,247.57458842105572,225.99981343441303,236.8069340367718,244.42725324606317,244.42724445041603,249.59499387875945,231.79942321777344
2020-10-14,236.85082095902828,237.2408855211837,232.16997181311683,232.5795440673828,2049300,0.0,0,-0.016129711058803675,2.9904357000232,235.64043426513672,242.25227276076635,229.0285957695071,236.8069340367718,244.42725324606317,243.8231337458351,249.59499387875945,232.5112762451172
2020-10-15,232.62832927730105,236.1389553301568,231.60439109854744,233.6522674560547,1790900,0.0,0,0.00461228605883357,3.0042284449122554,235.15676040649413,240.7805936577245,229.53292715526376,236.61678159126868,244.42725324606317,243.8231337458351,249.59499387875945,226.884521484375
2020-10-16,233.7497570966408,238.0210340698341,233.22316843967636,236.69479370117188,1480000,0.0,0,0.01302159948304138,3.043348304477463,235.0789894104004,240.56957118579243,229.58840763500837,236.61678159126868,244.42725324606317,243.3306154024695,249.59499387875945,223.2276153564453
2020-10-19,237.61148119255867,239.6008344678425,233.2231874664809,233.6522674560547,1323600,0.0,0,-0.012854217017372993,3.004228444912256,235.06890335083008,240.56928786146605,229.56851884019412,236.61678159126868,244.42725324606317,242.9278695197056,249.59499387875945,222.39871215820312
2020-10-20,235.6806019574039,239.63006896375265,234.6566787424327,237.74798583984372,1407300,0.0,0,0.017529118926951304,3.0568899226068527,235.21653518676757,240.83811645997156,229.5949539135636,236.61678159126868,244.42725324606317,242.9278695197056,249.59499387875945,227.2160797119141
2020-10-21,237.31890130343317,239.85436559633675,235.3197869432602,235.73912048339844,1100500,0.0,0,-0.008449557834734,3.0310605544113707,235.5660255432129,240.33120173060928,230.80084935581652,236.61678159126868,244.42725324606317,246.43127968569013,249.59499387875945,228.2790069580078
2020-10-22,235.339290285437,235.61233844977852,229.3029468122973,229.9173126220703,1836600,0.0,0,-0.024695976846736856,2.9562055531385703,235.60161895751952,240.1812757177536,231.02196219728543,235.4660594481436,240.41919694217898,248.1004786629428,249.59499387875945,225.46075439453125
2020-10-23,230.765716513322,233.4279436168073,229.81004791617517,231.81890869140625,1057200,0.0,0,0.00827078242890611,2.9806556860837032,235.49971389770508,240.3172832959587,230.68214449945145,234.86633130253244,235.9841625491158,248.1004786629428,249.59499387875945,229.9758453369141
2020-10-26,229.71253770569567,231.98470037770184,227.6061532269248,231.2338104248047,1657600,0.0,0,-0.0025239453929982725,2.973132673896698,235.3592887878418,240.49535837179178,230.2232192038918,233.73025941163075,234.61766265545737,248.1004786629428,249.59499387875945,223.2178497314453
2020-10-27,232.9988501315787,234.99796438457227,230.17084500881316,230.2976226806641,1433200,0.0,0,-0.004048662876854792,2.9610954620119285,235.16620330810548,240.74451008967972,229.58789652653124,233.73025941163075,234.61766265545737,245.98970804280407,247.70743966421992,220.6043701171875
2020-10-28,228.01573082790637,231.4288478961608,223.55916797066664,224.41732788085935,2449000,0.0,0,-0.025533458536645348,2.8854884538095984,234.60060119628906,241.8889742643732,227.31222812820494,231.70676678350168,232.5941700273283,245.98970804280407,247.70743966421992,222.9935607910156
2020-10-29,227.67439452293212,230.50239962444465,224.94389811594968,225.89956665039065,1693300,0.0,0,0.006604832093528135,2.9045466205548247,234.0886329650879,242.26722369350506,225.91004223667073,231.70676678350168,232.5941700273283,244.42725324606317,246.14498486747908,218.70278930664065
2020-10-30,224.29055166985572,226.7284924488759,220.8774345792275,223.94923400878903,1621300,0.0,0,-0.00863362719336247,2.8794698478672136,233.42307510375977,242.5800735187345,224.26607668878503,230.3659000877821,231.25330333160872,244.42725324606317,246.14498486747908,218.0591735839844
2020-11-02,226.8065099292093,227.8011939404245,223.57867869596265,227.6939239501953,1551200,0.0,0,0.0167211553903297,2.9276179106351705,232.94328842163085,242.2456232465393,223.6409535967224,230.3659000877821,231.25330333160872,244.42725324606317,246.14498486747908,213.99270629882807
2020-11-03,229.69300584190648,231.34105607418783,227.7036528524125,228.41552734375,1268800,0.0,0,0.0031691815971011117,2.936896063440899,232.61270294189453,242.0656619162425,223.15974396754655,228.244886514503,231.25330333160872,244.42725324606317,246.14498486747908,213.9634246826172
2020-11-04,228.873865478012,237.20187907965925,228.873865478012,231.1850433349609,2434000,0.0,0,0.012124902467961274,2.9725056417686595,232.383536529541,241.74006994018015,223.02700311890186,229.03965682944337,231.25330333160872,242.42322509412108,246.14498486747908,214.3632659912109
2020-11-05,234.31534321259315,236.76303019161296,231.9164180210456,233.9642791748047,1877400,0.0,0,0.012021693963207625,3.0082401948979105,232.20605392456054,241.29454880107738,223.1175590480437,229.03965682944337,231.25330333160872,240.2057078975895,246.14498486747908,211.3402099609375
2020-11-06,233.9545459209436,237.54318750450747,232.7355755656555,236.1389312744141,1181400,0.0,0,0.009294803921690242,3.036201197658834,232.08269424438475,240.87955211645505,223.28583637231446,229.2103110418675,231.25330333160872,238.97522743890852,246.14498486747908,211.8570709228516
2020-11-09,242.97492736221184,246.79761662357157,231.0680183447548,232.07244873046875,2423600,0.0,0,-0.017220720539383394,2.98391562533261,231.6731201171875,239.6212837375099,223.72495649686508,233.83752560139953,233.83752560139953,238.97522743890852,246.14498486747908,214.168212890625
2020-11-10,232.99885809237804,232.99885809237804,224.50508114834483,226.6114654541016,2717400,0.0,0,-0.02353137266504912,2.913699994751845,231.1840690612793,239.11395328891962,223.254184833639,233.83752560139953,233.83752560139953,238.97522743890852,246.14498486747908,217.1815185546875
2020-11-11,228.99092731362876,235.48559076991864,227.5281627268949,232.5308074951172,1573700,0.0,0,0.026121105695839253,2.9898090602807246,231.181632232666,239.10981096551106,223.25345349982095,233.83752560139953,233.83752560139953,238.98251164902325,246.14498486747908,216.02105712890625
2020-11-12,233.6522414149792,234.3348618313984,230.59018850703367,232.1016998291016,1882600,0.0,0,-0.0018453798472471972,2.9842917268937654,231.10410385131837,238.96341032348712,223.24479737914962,235.1881476597671,233.83752560139953,239.2274641557884,246.14498486747908,214.32424926757807
2020-11-13,233.8082641650502,237.66996885751016,231.7896569630896,237.05560302734372,1476400,0.0,0,0.02134367478519006,3.047987478976719,231.12214431762695,239.0347548953531,223.2095337399008,235.6513488859582,233.83752560139953,240.31478872265336,246.14498486747908,215.01663208007807
2020-11-16,238.6841552808681,239.4935534275139,232.92087442850303,233.1549072265625,1433300,0.0,0,-0.01645477158509212,2.9978335412159365,231.09727630615234,238.98068020325928,223.2138724090454,235.6513488859582,233.83752560139953,240.31478872265336,246.14498486747908,212.0033264160156
2020-11-17,233.06713593069176,234.8907108518937,232.39426190222423,233.2426605224609,1354200,0.0,0,0.00037637336027906976,2.998961845899401,230.87201004028321,238.21573085109637,223.52828922947006,235.6513488859582,233.83752560139953,240.61709364141748,244.42725324606317,214.41567993164065
2020-11-18,232.39428140648755,236.29498693772484,231.32159631340372,231.79942321777344,1617400,0.0,0,-0.006187707263562436,2.980405147902383,230.67502517700194,237.68627381720304,223.66377653680084,235.6513488859582,233.83752560139953,240.61709364141748,244.42725324606317,216.788818359375
2020-11-19,231.2045435845563,232.95011748068688,227.5768865865744,232.5112762451172,1636400,0.0,0,0.003070987051917662,2.98955793352106,230.8047233581543,237.85137134240148,223.7580753739071,235.6513488859582,233.83752560139953,240.61709364141748,244.42725324606317,216.21023559570312
2020-11-20,232.27724523190875,232.51127802065645,226.72848970520357,226.884521484375,1965500,0.0,0,-0.024199922049416567,2.9172108645676356,230.55800399780273,237.79045714241684,223.32555085318862,231.99931728792936,233.83752560139953,240.52201741866594,244.42725324606317,216.07293701171875
2020-11-23,227.7621793000396,227.8109410921232,222.944805890366,223.2276153564453,2848400,0.0,0,-0.01611791806688556,2.870191498868706,230.15769424438477,238.0591242989974,222.25626418977214,231.21917965893994,233.83752560139953,240.52201741866594,244.42725324606317,220.11317443847656
2020-11-24,225.304733464598,226.0946387936608,221.74534580059145,222.39871215820312,2635100,0.0,0,-0.0037132645838581224,2.859533718427066,229.76274871826172,238.3633330395802,221.16216439694324,230.61944961405266,233.83752560139953,240.52201741866594,244.42725324606317,215.3473052978516
2020-11-25,223.5981690628592,227.57689018418827,222.97405682108263,227.2160797119141,2478800,0.0,0,0.021660950762539155,2.9214739375057355,229.90268630981444,238.23484699984016,221.57052561978873,230.61944961405266,233.83752560139953,240.52201741866594,244.42725324606317,216.435791015625
2020-11-27,228.1522441627106,228.27900695800784,224.85614364482285,228.2790069580078,937400,0.0,0,0.004678045882322346,2.9351407266293963,230.02165832519532,238.18625409346438,221.85706255692625,230.61944961405266,233.83752560139953,240.52201741866594,244.42725324606317,210.7285003662109
2020-11-30,228.1912509719064,228.32777505677464,223.07157546933155,225.46075439453125,3547200,0.0,0,-0.012345649304471462,2.8989045085591583,230.09723434448242,238.05888230358542,222.1355863853794,229.02016636915815,233.83752560139953,237.9426281951613,244.42725324606317,213.28794860839844
2020-12-01,226.24091805073388,230.52194172382104,225.9678698572804,229.9758453369141,2471000,0.0,0,0.02002606154010267,2.956958148646445,230.21133041381836,238.09614807135276,222.32651275628396,229.02016636915815,233.83752560139953,235.42524692582413,244.42725324606317,217.89694213867188
2020-12-02,228.96163755903004,229.9758292466225,222.91554745841603,223.2178497314453,2755100,0.0,0,-0.029385675680714818,2.870065935488874,229.95144653320312,238.3855457581574,221.51734730824884,227.34773164063915,233.83752560139953,234.17396103354406,244.16622304600907,210.75791931152344
2020-12-03,223.82245468393447,225.03166369785757,220.18503659654647,220.6043701171875,3702600,0.0,0,-0.01170820172939624,2.836462624539502,229.42241287231445,238.76904010603505,220.07578563859386,226.34815730860146,233.49132661005902,234.17396103354406,244.16622304600907,210.74810791015625
2020-12-04,221.1212240969425,223.21784717165733,218.868569244386,222.9935607910156,3298400,0.0,0,0.010830205551045635,2.8671820978011233,228.873876953125,238.37799930296202,219.369754603288,224.69525548410354,232.83309293397878,232.15046840541498,242.14273041788,212.26809692382807
2020-12-07,222.00863631310523,223.110575395254,217.80562891125888,218.70278930664065,2554500,0.0,0,-0.0192416833434762,2.81201268778715,228.00206985473633,237.8762691470962,218.12787056237647,224.16378531753998,232.3016227674152,232.15046840541498,242.14273041788,210.8265686035156
2020-12-08,217.7276172123568,219.190381666018,216.66466373388917,218.0591735839844,2607300,0.0,0,-0.002942878436515195,2.8037372762850543,227.3014060974121,237.89165701610145,216.71115517872275,223.59330272885512,231.73114017873036,230.80960170969541,240.80186372216042,215.6316680908203
2020-12-09,217.1912836212377,217.5033323239064,210.8526371781682,213.99270629882807,3413500,0.0,0,-0.018648457748053238,2.7514519001516105,226.67046813964845,238.76424781859168,214.5766884607052,220.68728945099463,228.8251269008699,230.80960170969541,240.80186372216042,212.6799774169922
2020-12-10,214.7435686589796,216.420858120147,213.0565030320934,213.9634246826172,3028100,0.0,0,-0.00013683464599012485,2.7510754062048943,225.74209899902343,238.7219950676917,212.76220293035516,220.68728945099463,228.8251269008699,229.74909492305585,240.80186372216042,218.4656982421875
2020-12-11,212.58843794486287,214.70456877550183,210.0627348450689,214.3632659912109,2893400,0.0,0,0.001868736720712194,2.7562164418379176,224.8551773071289,238.39394886043533,211.3164057538225,220.29233828444495,228.43017573432024,230.14648008052603,240.80186372216042,217.89694213867188
2020-12-14,215.48470925622533,216.9084583283895,211.02814640100536,211.3402099609375,2501500,0.0,0,-0.014102491004206685,2.7173469242612516,223.56940765380858,237.1137028234846,210.02511248413256,220.0192820458457,228.43017573432024,230.14648008052603,240.80186372216042,219.5836334228516
2020-12-15,211.691292722,212.9395173119501,210.19927403432507,211.8570709228516,2181200,0.0,0,0.002445634751709669,2.7239925623316763,222.50451583862304,236.21658639298377,208.7924452842623,217.54719927146323,228.43017573432024,230.2318071867381,240.80186372216042,223.10411071777344
2020-12-16,212.86148022808723,214.34375236112035,210.3260159121103,214.168212890625,2347600,0.0,0,0.010908967813564319,2.753708509518541,221.55079345703126,234.78255955431013,208.3190273597524,216.6402910083631,224.7781441362914,233.83752560139953,240.80186372216042,227.79153442382807
2020-12-17,215.61148412925027,218.04942485943167,214.66556193553916,217.1815185546875,2484400,0.0,0,0.014069808135352968,2.792452659908156,220.81989822387695,233.29156485067975,208.34823159707415,216.58665512016142,224.7781441362914,233.83752560139953,240.80186372216042,224.62408447265625
2020-12-18,216.66466217507943,217.6886002612774,214.38275321498767,216.02105712890625,4538000,0.0,0,-0.005343278901003945,2.7775318065284162,219.9953872680664,231.3889241684625,208.6018503676703,214.62655825554344,224.7781441362914,233.83752560139953,240.80186372216042,223.8886260986328
2020-12-21,212.93950068621996,215.0263774046062,211.74978439181183,214.32424926757807,1963400,0.0,0,-0.00785482620944511,2.7557147768969292,219.36737365722655,230.55328622309716,208.18146109135594,214.05607985225026,224.7781441362914,234.5128366305833,240.80186372216042,222.9570159912109
2020-12-22,213.84640859247045,215.36769615035848,212.85173946001763,215.01663208007807,1845600,0.0,0,0.0032305388441398186,2.764617220527065,218.9568244934082,230.1486684906725,207.7649804961439,214.05607985225026,224.7781441362914,234.74443724367887,240.80186372216042,231.00802612304688
2020-12-23,215.77726889994312,218.04943151543156,211.98383360318587,212.0033264160156,1553400,0.0,0,-0.014014291056983152,2.725873070137451,218.4370552062988,229.9063941648431,206.96771624775448,214.05608318025023,223.17886089139688,234.74443724367887,240.80186372216042,231.57676696777344
2020-12-24,212.24848654627044,215.1413546876392,212.0033279755902,214.41567993164065,705700,1.21,0,0.011378847475681964,2.756890364040614,217.79703521728516,228.6402817579468,206.9537886766235,214.12435277487833,223.17886089139688,234.74443724367887,240.80186372216042,227.81114196777344
2020-12-28,214.63141106332768,217.1614491950905,213.21929536529345,216.788818359375,1842500,0.0,0,0.011067933224337523,2.787403442496635,217.2225257873535,226.92983830265283,207.51521327205418,214.12435277487833,221.5064261628779,234.74443724367887,240.80186372216042,227.70327758789065
2020-12-29,217.9067436244832,219.0933026894358,216.1513999347357,216.21023559570312,1283000,0.0,0,-0.0026688773344054617,2.7799642046271122,216.7599998474121,225.69597987701798,207.82401981780623,214.70965930077307,221.28700643286265,234.74443724367887,240.80186372216042,228.47799682617188
2020-12-30,216.23964303087607,217.23989410911045,215.10211872584432,216.07293701171875,1361300,0.0,0,-0.0006350235159130468,2.7781988619837774,216.06485443115236,222.59777032691875,209.53193853538596,215.42154354062382,220.29233828444495,232.91842144466443,240.80186372216042,228.2818603515625
2020-12-31,215.50418140700071,220.31909925536888,215.34729129617992,220.11317443847656,1669300,0.0,0,0.018698488957636927,2.8301469827267005,215.9096206665039,221.8720122424131,209.94722909059473,216.03444182359036,220.29233828444495,232.52835263016973,240.80186372216042,227.1737365722656
2021-01-04,221.6920106231121,221.82929883106385,215.02369417268844,215.3473052978516,2786400,0.0,0,-0.021651903175641474,2.768868914283868,215.64676742553712,221.2035885108959,210.08994634017833,216.78954161143784,220.29233828444495,232.2284876077261,240.80186372216042,227.1737365722656
2021-01-05,215.85720543839147,218.28918914200867,214.84715336208825,216.435791015625,2481600,0.0,0,0.005054559267727576,2.7828643263156843,215.3188789367676,219.7524025689526,210.8853553045826,216.90656621712486,220.29233828444495,232.2284876077261,240.80186372216042,223.4081268310547
2021-01-06,215.2492250070315,215.4257319955001,210.4048892573935,210.7285003662109,3230900,0.0,0,-0.026369440205026295,2.709481751864202,214.9201644897461,219.4982085191637,210.3421204603285,216.11709404422868,220.29233828444495,232.2284876077261,240.80186372216042,222.7902984619141
2021-01-07,211.1011384284798,215.25901805702915,210.52255285095808,213.28794860839844,2933800,0.0,0,0.012145714688519327,2.7423903441760937,214.6816032409668,219.07190603005185,210.29130045188177,216.11709404422868,220.29233828444495,231.42884598527883,236.7938074182762,220.62310791015625
2021-01-08,214.01363862468585,219.48557990647723,213.8861513752844,217.89694213867188,2310400,0.0,0,0.021609254345334117,2.8016513546375834,214.87681503295897,219.4719234019816,210.28170666393635,216.11709404422868,220.0192820458457,231.42884598527883,233.83752560139953,221.9273376464844
2021-01-11,216.97513710419312,217.6713940322908,210.04206047124237,210.75791931152344,2284700,0.0,0,-0.03276329973738268,2.709860011545948,214.7165397644043,219.64326949673102,209.78981003207758,215.93567965115312,217.53686208454997,230.59262862101934,233.83752560139953,223.83956909179688
2021-01-12,210.4637156013824,211.60125490989577,206.5804123941002,210.74810791015625,2468900,0.0,0,-4.655294282296385e-05,2.7097338595877725,214.53578186035156,219.76067217470336,209.31089154599977,214.20485561258204,214.89912978287876,229.91974195933022,233.49132661005902,221.98617553710935
2021-01-13,210.14010742776745,212.96433886380385,209.75766066774517,212.26809692382807,2314800,0.0,0,0.00721234951404548,2.729277407273163,214.5821762084961,219.7071951134933,209.4571573034989,214.20485561258204,214.84549389467708,228.76417420904116,232.83309293397878,220.71136474609372
2021-01-14,212.79763811354272,213.03299572681271,210.2577989272485,210.8265686035156,3735000,0.0,0,-0.006791073841066919,2.710742682867615,214.5306510925293,219.78473362554197,209.27656855951662,214.20485561258204,214.20485561258204,228.2327040424776,232.3016227674152,218.84814453125
2021-01-15,210.82656617410487,216.19063680466107,210.07147359977824,215.6316680908203,2404700,0.0,0,0.02279171699816107,2.7725251629503695,214.60382385253905,219.87660999843345,209.33103770664465,213.0329961502887,214.20485561258204,227.66222145379274,231.73114017873036,220.42698669433597
2021-01-19,216.58289784485788,217.23012009122584,211.77779563264244,212.6799774169922,2536400,0.0,0,-0.013688576914337669,2.7345732390103867,214.3787467956543,219.57512123819325,209.18237235311537,213.0329961502887,214.20485561258204,224.75620817593227,228.8251269008699,220.39756774902344
2021-01-20,213.53310913410928,219.2698255140735,211.895451723027,218.4656982421875,2399000,0.0,0,0.027203881133819774,2.80896424435615,214.50097885131837,219.9575119928159,209.04444570982082,213.0329961502887,214.20485561258204,224.75620817593227,228.8251269008699,211.94448852539065
2021-01-21,216.6711492430186,218.83835766638217,214.13130995441503,217.89694213867188,1736700,0.0,0,-0.0026034114650123064,2.8016513546375834,214.67961349487305,220.33382995440064,209.02539703534546,213.0329961502887,214.20485561258204,224.3612570093826,228.43017573432024,209.6302032470703
2021-01-22,217.79888675531055,220.6427202757703,217.56352913356457,219.5836334228516,2113900,0.0,0,0.0077407753758484965,2.823338308455275,214.90796356201173,220.95766423776573,208.85826288625773,213.61156633493525,214.20485561258204,224.224728890083,228.43017573432024,204.7662506103516
2021-01-25,219.66208961109908,224.30048579575444,217.82830820483144,223.10411071777344,2401800,0.0,0,0.016032512259884557,2.8686035144993856,215.4630027770996,222.335389969769,208.5906155844302,215.44044909492732,215.44044909492732,222.98868750289174,228.43017573432024,198.98049926757807
2021-01-26,223.4277147918184,228.4779904028364,219.9660769180776,227.79153442382807,2838700,0.0,0,0.02101002841666255,2.9288729558551556,216.13179550170898,224.84560801160265,207.4179829918153,219.1178255352908,217.5292013984683,220.70921757232725,228.43017573432024,197.29380798339844
2021-01-27,229.60570838159825,229.60570838159825,223.21196872356512,224.62408447265625,2763100,0.0,0,-0.013905038039203288,2.8881468659919958,216.52355880737304,226.0000723958295,207.04704521891657,219.83859099068826,218.09306038784922,220.6823996282264,228.43017573432024,196.1268768310547
2021-01-28,223.3002544664921,228.4485848050099,222.2215506959618,223.8886260986328,2685600,0.0,0,-0.0032741741641376665,2.8786905701411296,216.90747833251953,226.9152772396026,206.89967942543646,219.83859099068826,218.09306038784922,219.7023511959174,228.43017573432024,194.81280517578125
2021-01-29,222.47649979538988,224.349514907516,220.7211709748009,222.9570159912109,2701200,0.0,0,-0.004161042584679975,2.8667122160906557,217.25168228149414,227.59265118822915,206.91071337475913,220.69175200712033,218.09306038784922,219.41711199427084,228.43017573432024,198.77456665039065
2021-02-01,224.73195770957383,231.11588152983444,221.57431410902555,231.00802612304688,2172100,0.0,0,0.036110144800975075,2.9702296093164136,217.79642486572266,229.72713478294216,205.86571494850315,221.50566662643072,218.8481469619673,219.41711199427084,228.43017573432024,200.46127319335935
2021-02-02,231.50813035272145,233.37132940069276,230.0371790106523,231.57676696777344,2045200,0.0,0,0.002461996036551728,2.977542302842199,218.60789794921874,231.90683105623094,205.30896484220654,223.7513196775539,219.97587089739648,218.61747203582354,228.43017573432024,209.7576904296875
2021-02-03,230.20389195022184,230.9687854740155,226.30097179505785,227.81114196777344,2503000,0.0,0,-0.016260806510542736,2.9291250635787263,219.17666549682616,233.02314223491354,205.33018875873879,225.46742926712867,219.97587089739648,218.6516068331376,228.43017573432024,211.0324859619141
2021-02-04,227.6346409689718,230.6844141885436,226.8010958428564,227.70327758789065,1934100,0.0,0,-0.0004734815819413818,2.927738176809919,220.02540435791016,233.77608371713808,206.27472499868225,225.59981880276212,219.97587089739648,217.8153894688781,228.43017573432024,214.2587890625
2021-02-05,228.13476882701835,230.41964860043984,227.1443335453037,228.47799682617188,1609300,0.0,0,0.0034023192221384058,2.9376992766862675,220.78490676879883,234.64189748722606,206.9279160503716,226.6687031593852,219.97587089739648,217.99833286681786,228.43017573432024,218.5245361328125
2021-02-08,228.5074170222728,228.85063006168372,224.36913892986405,228.2818603515625,1775200,0.0,0,-0.0008584479789474075,2.935177414679441,221.30415267944335,235.46760959237878,207.14069576650792,227.04625018774684,219.97587089739648,217.85694091253438,228.43017573432024,218.84814453125
2021-02-09,226.771672933928,230.1940918927752,226.58535003014757,227.1737365722656,1263200,0.0,0,-0.004854191119655127,2.920929502538492,222.12494354248048,235.62890324050886,208.6209838444521,227.04625018774684,219.97587089739648,218.16339005401767,228.43017573432024,218.200927734375
2021-02-10,227.919013224096,229.63512318143384,226.00677940714928,227.1737365722656,1539000,0.0,0,0.0,2.920929502538492,222.94622497558595,235.54040555960617,210.35204439156573,227.04625018774684,219.97587089739648,218.5409399479414,228.43017573432024,217.56350708007807
2021-02-11,226.32059711081143,227.1149235107009,222.6922529754738,223.4081268310547,1412200,0.0,0,-0.016575902646268403,2.8725124594678006,223.50322647094725,235.0940763612456,211.9123765806489,227.47282175485915,219.97587089739648,218.5994522507849,228.43017573432024,221.4566345214844
2021-02-12,223.40810282991416,224.11414572625415,219.2207903774634,222.7902984619141,1632200,0.0,0,-0.002765469537318155,2.8645686137655755,224.10141296386718,234.12699103597987,214.07583489175448,226.2960598890781,219.97587089739648,218.20471616433682,228.43017573432024,225.39878845214844
2021-02-16,223.18256411621164,223.18256411621164,218.8873959154061,220.62310791015625,1444400,0.0,0,-0.009727490679439676,2.8367035492745556,224.350984954834,233.74258616453912,214.95938374512886,224.92809069471082,219.97587089739648,218.20471616433682,228.43017573432024,222.60397338867188
2021-02-17,219.18155871766015,222.3392022413143,218.7304753361618,221.9273376464844,1234800,0.0,0,0.005911573582125795,2.8534729310367695,224.8133529663086,232.62261878006433,217.00408715255287,224.70744476235268,219.97587089739648,218.06818804503718,228.43017573432024,222.81971740722656
2021-02-18,221.20167552170196,224.09454357395657,220.87806442277773,223.83956909179688,1131600,0.0,0,0.008616475399522594,2.8780598103502513,225.08204650878906,232.34411573677878,217.81997728079935,224.57506196830082,219.97587089739648,216.73627086785154,228.41983854740698,234.19509887695312
2021-02-19,224.18280169488344,225.36937574877496,221.8488873374542,221.98617553710935,2034300,0.0,0,-0.008280008589220622,2.8542294504002603,225.28650817871093,231.92490336804363,218.64811298937823,224.4622836144685,221.56449503421896,214.55199269773038,226.6890145088359,237.14678955078125
2021-02-22,222.29998749262168,222.84914029570336,217.88713322934044,220.71136474609372,1774400,0.0,0,-0.005742748565000233,2.8378383283197928,225.34289474487304,231.80136880829738,218.8844206814487,224.0406125610578,221.72140150023552,214.52517475362956,226.6890145088359,232.5574188232422
2021-02-23,221.94695236312117,223.6630623065364,217.35757627639063,218.84814453125,1731600,0.0,0,-0.008441886157458,2.8138816202188464,225.13009643554688,232.13324422953718,218.12694864155657,223.49634972891224,221.72140150023552,214.20485561258204,226.6890145088359,234.430419921875
2021-02-24,218.848164801627,222.06464425357055,218.0930721668638,220.42698669433597,1696400,0.0,0,0.007214327388827879,2.8341818834605106,224.76186904907226,231.940719558196,217.5830185399485,222.23624989354576,222.57456251666758,213.61892588143536,226.6890145088359,235.41107177734372
2021-02-25,219.2698442441897,223.47675897577284,217.12225264708024,220.39756774902344,2912200,0.0,0,-0.00013346344634890261,2.8338036237787643,224.55054321289063,231.98038806210215,217.1206983636791,221.2458141979276,222.63339056185987,213.61892588143536,226.6890145088359,240.0102386474609
2021-02-26,220.30929761046204,221.0938080152783,211.83661815768724,211.94448852539065,3211200,0.0,0,-0.03835377726699185,2.725116550773959,223.9533363342285,233.2162853401893,214.69038732826772,218.6029969532311,222.60397377919,213.61892588143536,226.6890145088359,238.86289978027344
2021-03-01,214.3274350665744,215.18058213863756,209.38504466651955,209.6302032470703,2733600,0.0,0,-0.010919299173203556,2.69536018787421,223.2869956970215,234.48010255867405,212.09388883536894,217.37721020764724,221.37818703360614,213.61892588143536,226.6890145088359,239.97103881835935
2021-03-02,210.37548013549127,210.70889221415183,204.71721590153865,204.7662506103516,2978700,0.0,0,-0.02320253742723355,2.6328209922351835,221.97490692138672,235.22727232943615,208.7225415133373,215.0432958251568,219.0442726511157,213.90821097375863,226.6890145088359,236.4407196044922
2021-03-03,204.7662353575201,204.98197608959305,198.98049926757807,198.98049926757807,3269600,0.0,0,-0.028255395239829784,2.5584295945038575,220.34509353637696,236.25574802729622,204.4344390454577,212.17493750817653,216.17591433413543,215.44044909492732,226.6890145088359,235.7346649169922
2021-03-04,199.71597578817332,202.42252094279908,196.6269689096757,197.29380798339844,3212000,0.0,0,-0.008476666258191767,2.5367426406861675,218.8192268371582,237.25558305063564,200.38287062368076,210.14501560810606,214.99914915518423,218.32351346687955,223.03698291080704,238.05113220214844
2021-03-05,198.9020739338093,200.1180659569474,194.1852249401493,196.1268768310547,3455700,0.0,0,-0.005914687157551057,2.521738601567289,217.24040679931642,237.6849002237631,196.79591337486974,208.92414362334284,213.77827717042103,218.96582568926874,223.03698291080704,239.53955078125
2021-03-08,196.4112288403832,200.75544638178863,193.67526584595183,194.81280517578125,3155400,0.0,0,-0.006700110033391216,2.504842675461338,215.55714721679686,237.52729447982236,193.58699995377137,208.57601241086235,213.5232976233223,218.96582568926874,223.03698291080704,238.22854614257807
2021-03-09,196.10724019714036,200.69661643355013,195.9111163327261,198.77456665039065,2988300,0.0,0,0.020336247768901305,2.5557817767316373,214.08178253173827,236.39981891262659,191.76374615084995,208.57601241086235,213.5232976233223,219.39240619748477,223.03698291080704,243.6302947998047
2021-03-10,198.7745809045192,201.696867094736,197.45073350232127,200.46127319335935,3080500,0.0,0,0.008485524941102218,2.577468926742108,212.74615936279298,234.96632568410627,190.5259930414797,207.38453693061507,213.5232976233223,220.176906794199,223.03698291080704,245.0694274902344
2021-03-11,202.4127484112986,211.4345818235864,201.6772726174171,209.7576904296875,3737300,0.0,0,0.046375128164336754,2.6969993785593687,211.87535705566407,233.09771309831675,190.6530010130114,204.4279239922947,212.32202565998367,221.8635952874752,221.43769966591253,244.99058532714844
2021-03-12,209.7576584541957,213.2879477119864,208.16903576983543,211.0324859619141,2251900,0.0,0,0.006077467432136441,2.7133903044470555,211.25657501220704,231.80144152755264,190.71170849686143,203.4816067789691,212.17984001724773,222.72165008226256,221.43769966591253,249.06158447265625
2021-03-15,211.52281104391875,214.55296737564493,210.404888564093,214.2587890625,1849100,0.0,0,0.015288182224078017,2.7548731098664887,210.82999954223632,230.7368195704262,190.92317951404644,204.11411661079836,212.04745722319583,222.7878448500793,219.97587089739648,248.57858276367188
2021-03-16,215.4747629685761,219.47575256741075,214.2685870117328,218.5245361328125,1929700,0.0,0,0.01990932128841716,2.8097207637196417,210.72507095336914,230.44350887778177,191.00663302895651,206.5755092066813,211.9346788693635,223.32228702839083,219.97587089739648,247.9477386474609
2021-03-17,216.98494543514423,219.15213875567125,216.2004350397819,218.84814453125,2265500,0.0,0,0.0014808790086657808,2.8138816202188464,210.57111129760742,229.97959818222495,191.16262441298989,206.5755092066813,211.9346788693635,223.51106054257167,219.97587089739648,250.4120330810547
2021-03-18,216.5240514990271,219.44633745671933,214.84716030038769,218.200927734375,2485200,0.0,0,-0.002957378497593699,2.805559907220437,210.28917922973633,229.06529070554464,191.51306775392803,206.5755092066813,211.65519451369283,223.51106054257167,219.97587089739648,249.3770294189453
2021-03-19,218.53434033766743,220.6917326134642,217.0731899736111,217.56350708007807,4789700,0.0,0,-0.0029212554727213735,2.7973641499874216,210.06804580688475,228.38143271825822,191.75465889551128,208.30142447309515,210.39509467832636,223.51106054257167,219.97587089739648,248.8841857910156
2021-03-22,217.5635153510704,223.28061482541457,217.04378039552012,221.4566345214844,1917700,0.0,0,0.017894211642641933,2.8474207761288355,210.1053092956543,228.50896161246257,191.70165697884605,210.36567416386794,209.5223207973634,223.72434632612783,219.97587089739648,248.3518829345703
2021-03-23,222.20191121916235,226.89915765827965,221.21147601298875,225.39878845214844,1771200,0.0,0,0.017801019776093385,2.898107769675564,210.4328414916992,229.67072128417962,191.1949616992188,214.28821513784837,210.28721175211575,223.13596539323729,219.97587089739648,246.83387756347656
2021-03-24,222.8099131637605,224.82020139333372,219.57381716589256,222.60397338867188,2440800,0.0,0,-0.012399423628977946,2.8621729037169246,210.54169082641602,230.03026337126397,191.05311828156806,217.53409671405754,210.28721175211575,222.45198079605365,219.97587089739648,251.1316070556641
2021-03-25,222.7510658267537,224.04551023031743,221.66256120131732,222.81971740722656,1859600,0.0,0,0.0009691831429172737,2.864946873447322,210.66279830932618,230.42601808981993,190.89957852883242,218.65202311118634,210.28721175211575,222.34165782987458,219.97587089739648,248.81517028808597
2021-03-26,226.39904394939825,234.4402574605041,224.62409819861605,234.19509887695312,2705200,0.0,0,0.051051951784576,3.011208003095926,211.77532882690429,234.07362280969403,189.47703484411454,224.35442223611847,214.05776165322797,222.27546643284865,219.97587089739648,245.3257293701172
2021-03-29,232.94967603258095,238.1176228740408,231.9003901713851,237.14678955078125,2211800,0.0,0,0.012603554421004137,3.049159927035909,213.15115814208986,238.02645923353734,188.27585705064237,226.48239158721424,215.8964443599963,223.01338932434373,219.97587089739648,245.0497283935547
2021-03-30,235.5581723576792,236.0092557573288,231.06686545720032,232.5574188232422,1657000,0.0,0,-0.019352447217322877,2.9901512204907705,214.54071655273438,240.48107980568122,188.60035329978754,226.48239158721424,215.8964443599963,222.88100703064666,219.97587089739648,240.5351409912109
2021-03-31,231.8219292422531,236.2249823835717,231.1354882642713,234.430419921875,2143200,0.0,0,0.008053929683732974,3.0142336881643317,216.3132125854492,242.6044645455585,190.02196062533991,227.58070163478044,215.8964443599963,222.6088756145739,219.97587089739648,243.95556640625
2021-04-01,235.41107177734372,235.84255327101,232.42013411742303,235.41107177734372,1726900,0.0,0,0.004183125448461444,3.026842605812902,218.21907577514648,244.24110984096484,192.19704170932812,227.58070163478044,215.8964443599963,222.40540620510666,219.97587089739648,245.0694274902344
2021-04-05,236.1171193812233,240.19656155371436,235.67583695042356,240.0102386474609,1716700,0.0,0,0.019536748358493394,3.0859772681234348,220.4132438659668,246.00634693367613,194.82014079825746,229.88518935980346,216.9359136998331,221.93960237989373,219.97587089739648,243.7880096435547
2021-04-06,239.3630178764189,239.4022516270724,236.50936852968485,238.86289978027344,1771800,0.0,0,-0.004780374677568422,3.0712251405353457,222.6157485961914,246.52604329690843,198.70545389547436,229.88518935980346,216.9359136998331,220.60348536621055,219.97587089739648,238.5045623779297
2021-04-07,238.90213600277028,241.10856329437112,236.28384407899904,239.97103881835935,2143200,0.0,0,0.0046392262637071635,3.085473248869075,224.67557220458986,247.0478925228062,202.30325188637352,231.38556224784423,217.39191457016148,219.3776986206267,219.97587089739648,240.5154266357422
2021-04-08,240.5201615892152,241.37330858037893,236.0974916389507,236.4407196044922,1791700,0.0,0,-0.014711438643807973,3.0400814984812268,226.47454452514648,246.39615046414625,206.55293858614672,232.9987033894975,217.5242872131654,217.04378423813625,219.0442726511157,243.23599243164065
2021-04-09,236.2347829937996,236.77413481974344,234.76383163029325,235.7346649169922,1888200,0.0,0,-0.002986180589710008,3.031003266119326,227.7733932495117,246.50528299053167,209.04150350849176,236.22008701878963,217.5242872131654,214.17542592115598,216.17591433413543,242.37841796875
2021-04-12,237.26255401483533,238.0708507930727,235.3896939807348,238.05113220214844,1463200,1.24,0,0.009826587387866459,3.060787684586756,229.12432556152345,246.6798418829971,211.5688092400498,236.22008701878963,217.5242872131654,212.57208238164515,214.99914915518423,242.8318634033203
2021-04-13,238.05112061777595,239.9338473761577,237.3808389677486,239.53955078125,2242200,0.0,0,0.006252516278047571,3.0799253094082824,230.38836364746095,247.09127459769496,213.68545269722694,236.2543984223251,217.5242872131654,211.35121039688192,213.77827717042103,242.5262756347656
2021-04-14,239.66770241261983,240.9097028620068,237.42026443322777,238.22854614257807,1637200,0.0,0,-0.005473019525987,3.0630688180513093,231.37356414794922,247.46804385664151,215.27908443925693,236.896721348901,218.6422124565525,211.04965501709233,213.5232976233223,247.23802185058597
2021-04-15,238.57355186645907,243.72885766846088,238.57355186645907,243.6302947998047,2096400,0.0,0,0.022674648965005595,3.132522828256277,232.61267166137696,248.47070358463512,216.7546397381188,239.24634464937708,220.58979558539107,211.04965501709233,213.5232976233223,246.3804473876953
2021-04-16,244.8427163552485,246.44944297129908,242.19113011435897,245.0694274902344,1753000,0.0,0,0.005907035049201426,3.1510267503952107,233.95609664916992,249.23871604551704,218.6734772528228,240.60663730079617,224.06335779435807,210.4539172769687,213.5232976233223,249.17002868652344
2021-04-19,245.08916324015408,245.6608820456556,242.85157697465075,244.99058532714844,1209600,0.0,0,-0.0003217135808958327,3.1500130222958425,235.32745056152345,249.33603683329255,221.31886428975434,240.60663730079617,227.30923937056724,208.37497482613918,213.5232976233223,249.7516021728516
2021-04-20,244.201997674988,250.2247405576849,244.201997674988,249.06158447265625,1837300,0.0,0,0.01661696158679571,3.2023566676852386,236.70769805908202,250.41075802212978,223.00463809603426,242.49428609398907,230.31481456088895,207.83072339810843,213.5232976233223,250.8260498046875
2021-04-21,250.441605907285,251.38788761994792,247.48444923367936,248.57858276367188,1096400,0.0,0,-0.0019392862612958028,3.1961463813958275,237.8666877746582,251.46726929623225,224.26610625308416,243.0758596251206,232.82823731584034,208.0807869169971,213.5232976233223,250.4810333251953
2021-04-22,247.14930870262572,250.39233247863527,246.5184491747789,247.9477386474609,1222800,0.0,0,-0.0025378055872605776,3.1880351832514187,239.13387603759764,251.4598785119623,226.807873563233,243.38879080034135,233.1175239601678,209.25509403802238,213.5232976233223,251.81175231933597
2021-04-23,248.07588400464277,251.6343299822562,247.6520320797568,250.4120330810547,1511400,0.0,0,0.009938765511782188,3.219720317381066,240.51349182128905,251.29024479289004,229.73673884968807,244.50758447500237,233.24074514132195,209.25509403802238,213.5232976233223,254.87738037109372
2021-04-26,250.47117799735693,251.31889685126933,248.63774024544767,249.3770294189453,1494400,0.0,0,-0.004133202583656792,3.2064125610466143,241.27258834838867,252.30077520531222,230.2444014914651,244.52729720774198,234.33905518888815,209.11535186018705,213.5232976233223,259.1750793457031
2021-04-27,250.05717871986027,250.91476444342877,248.03646688321547,248.8841857910156,1324400,0.0,0,-0.0019762992168045335,3.2000757304134657,241.85945816040038,253.19526776488811,230.52364855591264,245.10394092435763,234.33905518888815,209.34825957571076,213.5232976233223,259.5890808105469
2021-04-28,248.97289067737492,251.02318786930508,247.81960132707877,248.3518829345703,1389200,0.0,0,-0.002138757248691725,3.1932315452486812,242.6491813659668,253.46612115592092,231.83224157601268,246.9127300483076,235.6040735740744,209.94399748061568,213.5232976233223,261.49151611328125
2021-04-29,249.3868859481551,249.3868859481551,241.86584579995815,246.83387756347656,1901900,0.0,0,-0.006112316738479007,3.1737135026248184,243.26935424804688,253.53259262454492,233.00611587154884,246.75008789110717,235.6040735740744,212.28771344498205,213.5232976233223,264.7936706542969
2021-04-30,246.41000512637984,251.35831819003704,246.0354421741281,251.1316070556641,1816400,0.0,0,0.017411424779332885,3.2289723765469236,244.05538101196288,254.1967948530645,233.91396717086127,246.75008789110717,236.64844559178675,213.91065423308663,213.5232976233223,262.220947265625
2021-05-03,250.3233190463968,250.609185958738,248.54902196577308,248.81517028808597,1717300,0.0,0,-0.009223995317581335,3.199188350465055,244.49562759399413,254.66109757134697,234.3301576166413,246.75008789110717,238.1292140904361,214.46961743165105,213.5232976233223,263.19683837890625
2021-05-04,249.3375975491309,249.3375975491309,244.0837139060345,245.3257293701172,1826700,0.0,0,-0.014024228964530594,3.1543222005374743,244.81876907348632,254.6492755127775,234.98826263419514,246.75008789110717,241.35059771972826,219.20609194467323,214.05776165322797,266.952392578125
2021-05-05,241.205415598831,246.0847212220601,240.5449857303946,245.0497283935547,2663500,0.0,0,-0.0011250388504749909,3.1507734655149537,245.07270355224608,254.6454427692487,235.49996433524348,246.0896578563254,241.35059771972826,221.18941797360526,215.8964443599963,264.5176696777344
2021-05-06,240.78157072727743,243.30500881805773,238.88899215919216,240.5351409912109,5244100,0.0,0,-0.01842314795425226,3.09272629978944,245.27742462158204,254.25325123220912,236.30159801095496,245.1236551746146,241.38490912326375,221.18941797360526,215.8964443599963,267.0707092285156
2021-05-07,242.14183227032967,245.47356683471872,241.510972800711,243.95556640625,5548400,0.0,0,0.014220065313301111,3.1367050697686096,245.68846969604493,253.55124812988666,237.8256912622032,245.1236551746146,242.0272320498396,221.73857299738836,215.8964443599963,266.6073608398437
2021-05-10,245.44400548437545,247.03101351102995,243.8372788683249,245.0694274902344,2134200,0.0,0,0.004565835903615145,3.1510267503952107,246.0393844604492,253.08277249233174,238.99599642856668,245.1236551746146,243.1990808062747,221.73857299738836,215.8964443599963,262.72369384765625
2021-05-11,243.93586146467592,244.4582912871404,240.5154156212188,243.7880096435547,1779200,0.0,0,-0.005228795202252501,3.134550676840575,246.25180740356444,252.72557078963368,239.7780440174952,245.1236551746146,243.1990808062747,223.4105515298183,216.9359136998331,266.9330139160156
2021-05-12,242.5755713900428,243.50214960421397,237.9821174998497,238.5045623779297,1621400,0.0,0,-0.02167230157607014,3.0666177492666113,246.26560821533204,252.67097537416356,239.8602410565005,244.67021784494335,243.1990808062747,223.4105515298183,216.9359136998331,263.39715576171875
2021-05-13,239.52970767412032,241.8165828847044,237.4301214727848,240.5154266357422,1474200,0.0,0,0.008431135395331024,3.0924728187164034,246.1098648071289,252.9077889715747,239.3119406426831,244.01965371576142,243.1990808062747,224.38873840900285,217.39191457016148,265.1799621582031
2021-05-14,241.66870297703343,244.2808671089224,241.12655456921672,243.23599243164065,1714500,0.0,0,0.011311398332959133,3.127453010602754,246.01819305419923,252.9195573890732,239.11682871932527,243.38385951095785,243.1990808062747,225.26149530133145,217.5242872131654,264.06072998046875
2021-05-17,241.50112875572145,243.96542598792269,241.35327693814003,242.37841796875,1443400,0.0,0,-0.0035256889998780405,3.1164265839256364,245.8875846862793,252.96041577090344,238.81475360165516,242.23056749190738,243.5120119814955,226.8721871159775,217.5242872131654,261.693603515625
2021-05-18,242.3488557149304,244.59629366263363,237.9919798675101,242.8318634033203,2023000,0.0,0,0.0018708160502507454,3.122256844798273,245.5760986328125,252.61055774361867,238.5416395220063,242.23056749190738,244.50758447500237,226.8721871159775,217.5242872131654,261.624267578125
2021-05-19,241.42227526119743,243.8668539630457,239.4606892023467,242.5262756347656,2177300,0.0,0,-0.0012584335691036008,3.1183276919734153,245.2734832763672,252.28570331541025,238.26126323732413,242.23056749190738,244.52729720774198,226.88934281774524,217.5242872131654,263.9914245605469
2021-05-20,243.097990435658,248.135014619002,241.7081382169769,247.23802185058597,1419100,0.0,0,0.01942777624192793,3.1789098646220824,245.23799743652344,252.20222628888186,238.27376858416503,242.7825680458934,244.53222572752048,227.76946690272675,217.5242872131654,269.19122314453125
2021-05-21,247.21831450761292,247.88859617084512,245.35530630249391,246.3804473876953,1586400,0.0,0,-0.003468618849445826,3.167883437944965,245.03641815185546,251.60812423127726,238.46471207243366,242.7825680458934,244.53222572752048,229.91807011738408,218.70206175720637,270.181640625
2021-05-24,247.11973151738536,250.32331802399912,246.66630923472508,249.17002868652344,1170100,0.0,0,0.01132225112993046,3.2037510097797255,245.02606811523438,251.5707004866635,238.48143574380526,243.87671974839196,244.53222572752048,232.33499754757713,220.06235440862545,267.5570068359375
2021-05-25,249.73189862354968,251.0921805283678,245.87773397133083,249.7516021728516,1325000,0.0,0,0.0023340426992517482,3.2112287014343224,245.06943893432617,251.7275188653266,238.41135900332574,244.26115100057632,244.53222572752048,233.95793833568172,220.06235440862545,267.74517822265625
2021-05-26,250.55003466199383,252.9059173839377,249.1404637877811,250.8260498046875,1519900,0.0,0,0.004302065021758228,3.2250436161076292,245.19314727783203,252.1781265119571,238.20816804370696,245.44894862572392,245.16801942836125,236.404550327439,221.95000320181836,270.2608947753906
2021-05-27,250.43174437142088,252.48205655412409,249.28830682371213,250.4810333251953,3149500,0.0,0,-0.001375520922810236,3.2206075011366977,245.37550506591796,252.70794922130034,238.0430609105356,245.44894862572392,245.16801942836125,237.95204847048046,222.53157673294987,273.09356689453125
2021-05-28,252.84676015404537,253.8521825846761,251.8117523193359,251.81175231933597,1494600,0.0,0,0.005312653722619354,3.2377174735667076,245.40951232910157,252.8550969772404,237.96392768096274,245.9220812260931,245.64115202873046,238.25315738025458,222.53157673294987,275.5102233886719
2021-06-01,252.9749498362107,254.98579502666627,251.30906720479456,254.87738037109372,1722300,0.0,0,0.012174285050326361,3.277134369002331,245.71262283325194,254.1295390389369,237.29570662756697,247.2232421145065,246.20795824972555,238.87416480816216,222.654797914104,275.2626342773437
2021-06-02,255.30121104635845,259.24408689263424,254.57178864095917,259.1750793457031,1912700,0.0,0,0.01686182967022054,3.332392850538874,246.40509033203125,256.6773604413255,236.13282022273702,250.47611255480558,248.33710418270954,239.43317619831507,222.654797914104,275.7875366210937
2021-06-03,259.0764877253291,259.8453472714019,257.0360724449749,259.5890808105469,1544000,0.0,0,0.0015973814530660935,3.337715953072655,247.13205795288087,258.8859990090672,235.3781168966946,252.6003267869479,248.63773437209335,239.7214980566229,222.654797914104,277.31280517578125
2021-06-04,260.81136764616934,261.8660941191405,259.2933520735967,261.49151611328125,1789900,0.0,0,0.007328641469795949,3.3621768766207425,248.17987670898438,261.0874897079673,235.27226371000148,253.87191404523566,249.64810779596263,241.258401811191,222.654797914104,275.86676025390625
2021-06-07,262.2899362468298,265.2766632850029,261.33378771874123,264.7936706542969,1810700,0.0,0,0.012628151727817727,3.4046349563544696,249.2217819213867,263.8647531077547,234.57881073501866,255.57719862816685,251.35339237889383,241.17708073259078,222.654797914104,278.6795959472656
2021-06-08,265.3653931588327,265.3653931588327,260.5748134459741,262.220947265625,1424300,0.0,0,-0.009715955001170395,3.371555676323118,250.07935791015626,265.6396319268477,234.51908389346482,257.2529284733069,251.39775731580875,241.69926674144696,222.654797914104,278.5904846191406
2021-06-09,263.1475343801216,264.7049872374004,262.69411206548943,263.19683837890625,1239000,0.0,0,0.003721636747398005,3.38410338182402,251.04979934692383,267.33173367897865,234.76786501486905,257.3268499912724,251.39775731580875,242.43965099077164,222.654797914104,279.7591857910156
2021-06-10,262.5462280096953,267.02140011890026,261.885783128387,266.952392578125,1312100,0.0,0,0.01426899434791884,3.43239113385204,252.4721908569336,269.09238989654955,235.85199181731764,259.1652336618474,252.22576079584252,244.0503428054177,222.654797914104,278.2042236328125
2021-06-11,265.828662563133,265.937107283352,263.0193577152752,264.5176696777344,1335800,0.0,0,-0.009120438580366264,3.401086221331949,253.67230300903321,270.129441363176,237.21516465489043,259.1652336618474,252.22576079584252,243.72012778802684,222.654797914104,280.2940368652344
2021-06-14,264.5965449034417,267.12984996218813,263.54181835002106,267.0707092285156,1152700,0.0,0,0.009651678671945163,3.4339124126758254,254.86403884887696,271.5783738579542,238.1497038397997,260.85081930157367,252.27998571748645,243.25428214893918,222.654797914104,277.5802307128906
2021-06-15,266.9917755232785,267.42549419498687,264.7837750722176,266.6073608398437,1166100,0.0,0,-0.0017349277650492434,3.427954822688327,256.07548599243165,272.50101219519007,239.6499597896732,262.2307833199809,252.42780783388582,243.5754436122271,222.654797914104,278.90740966796875
2021-06-16,267.71142977060083,267.9282891621096,261.96470101825435,262.72369384765625,1595700,0.0,0,-0.014566990873595698,3.3780198360711275,257.07007751464846,272.53848152829045,241.6016735010065,263.61082061785316,252.6792053174472,244.16136799044466,222.654797914104,282.53240966796875
2021-06-17,261.99070665262064,267.0221497285795,261.2577920432452,266.9330139160156,1360700,1.27,0,0.016021851728379666,3.4321419690201846,258.29041442871096,272.7869779639715,243.79385089345044,264.25155130404187,252.6792053174472,244.16136799044466,222.654797914104,281.8886108398437
2021-06-18,266.1901989353951,267.0023353446489,263.3773578776121,263.39715576171875,2770500,0.0,0,-0.013246237707447261,3.3866790006528373,259.0983711242676,272.81277671379223,245.38396553474297,264.25155130404187,252.6792053174472,243.93464932560903,222.654797914104,284.1369323730469
2021-06-21,263.4466949934041,265.5860455210497,261.4856463457311,265.1799621582031,1471000,0.0,0,0.006768510431818031,3.4096017727979753,260.038346862793,272.65923777541707,247.41745595016891,264.59304060267743,252.96013451480985,243.60936726101806,222.654797914104,282.255126953125
2021-06-22,265.2195560439678,265.8138250451013,263.9319983963262,264.06072998046875,1156900,0.0,0,-0.004220651396980912,3.3952110323124667,260.7828819274902,272.46337559009555,249.1023882648849,264.59304060267743,252.96013451480985,243.29147015861628,222.654797914104,280.2940368652344
2021-06-23,263.45658244475806,264.060735287104,261.00028462940674,261.693603515625,1330600,0.0,0,-0.00896432599053576,3.3647752538121543,261.3799819946289,271.8945263513289,250.8654376379289,264.46428689575816,252.96013451480985,242.87128973670144,222.654797914104,280.095947265625
2021-06-24,263.0009913060189,263.6051441529748,259.821662640825,261.624267578125,910600,0.0,0,-0.0002649508301637571,3.363883753815342,261.9198928833008,271.2401909679778,252.5995947986238,263.87497590146734,253.69448918222815,243.36907598345488,222.654797914104,280.9081115722656
2021-06-25,261.8817862124269,264.9026108411708,261.28751720614594,263.9914245605469,1882700,0.0,0,0.009047925883691299,3.394319924701217,262.59541244506835,270.3047783630991,254.8860465270376,263.87497590146734,254.81821368954326,243.37893234982468,222.654797914104,281.6311340332031
2021-06-28,265.8039109960408,269.3992067159105,265.8039109960408,269.19122314453125,1808500,0.0,0,0.019696846564770887,3.4611773234498013,263.4643859863281,269.91922291068136,257.0095490619749,264.61043467836777,257.3772565092022,243.65739688670695,223.77272315749116,282.1461486816406
2021-06-29,268.81483109521696,271.1621647547249,267.67583322898935,270.181640625,1624100,0.0,0,0.0036792339248630235,3.4739118044782042,264.22959899902344,270.01850145903694,258.44069653900993,265.491913697775,258.5199493630279,243.65739688670695,224.54253174228873,280.05633544921875
2021-06-30,270.35993382047434,272.1823365970337,267.4480429096194,267.5570068359375,1857900,0.0,0,-0.00971433063694127,3.4401650766059295,264.64869537353513,270.11441876308254,259.1829719839877,266.0019996189294,259.0300352841823,244.20447273795622,226.65580129983664,279.4224548339844
2021-07-01,266.06145121112763,269.1416998834345,265.0908107745202,267.74517822265625,1537000,0.0,0,0.0007032945574627636,3.44258452598108,265.05650024414064,270.1520154368381,259.9609850514432,266.0019996189294,260.6614001924074,244.3966883640484,229.9016828760458,277.38214111328125
2021-07-02,268.70589938623084,270.8848757421094,268.70589938623084,270.2608947753906,1207700,0.0,0,0.00939593597701438,3.4749308297826587,265.4949691772461,270.79531215101525,260.19462620347696,266.0019996189294,260.73532171037294,245.3084840270426,231.65540297401535,272.66766357421875
2021-07-06,270.26089760226006,273.2421265963091,268.9733398858141,273.09356689453125,1742700,0.0,0,0.010481250428386213,3.5113524500309308,265.9099639892578,272.1527138200968,259.6672141584188,266.5318946185671,262.2755969005518,245.3084840270426,233.58725219783526,274.5692749023437
2021-07-07,272.6181303774242,276.98596672010126,271.3899966103704,275.5102233886719,1732300,0.0,0,0.008849188655820406,3.5424250702983318,266.57442779541014,273.85932773223976,259.2895278585805,268.40381468046314,264.1475169624479,245.78161662741178,234.34967144253187,277.3722229003906
2021-07-08,275.2923462182454,277.5307162929909,273.4798271459047,275.2626342773437,1179400,0.0,0,-0.0008986567114749322,3.5392416462340113,267.177717590332,275.2122464542042,259.1431887264598,269.4091167495684,266.05125246697503,246.71560018211602,234.91647766352696,280.2148132324219
2021-07-09,275.01499601244115,276.09457005364953,272.68746013195704,275.7875366210937,1151700,0.0,0,0.0019069146276537996,3.5459906779000163,267.61947479248045,276.4931631825471,258.7457864024138,271.31076353375556,267.2833943689829,249.40660836875756,238.14393364407718,280.4921264648437
2021-07-12,276.500668755339,277.966498069633,275.0843190391047,277.31280517578125,1323500,0.0,0,0.0055305927649049735,3.5656021082876306,268.2592315673828,277.96179921711615,258.5566639176495,271.5286544220766,268.6299250716148,250.61903057952063,238.44456383346102,283.790283203125
2021-07-13,275.4805050598442,278.927210771503,274.9852859425804,275.86676025390625,1228200,0.0,0,-0.0052144902611273025,3.54700931081891,268.6990341186523,278.93493403803683,258.4631341992678,272.0090107730116,269.37443670616403,251.76001092059914,240.71995564251654,280.6703796386719
2021-07-14,275.34182399609887,279.7195742093349,274.3612998346919,278.6795959472656,1198100,0.0,0,0.010196355990009343,3.583175880451897,269.3026458740234,280.3731528766451,258.23213887140173,272.40519249192755,269.77061842508,253.46529550353034,242.42524022544774,286.3753356933594
2021-07-15,279.4026512816717,280.51193734474924,276.3619984377079,278.5904846191406,1082200,0.0,0,-0.00031976265726274544,3.582030114610924,270.09598541259766,281.4406488503846,258.7513219748107,274.60891836549,270.1667999927871,254.32534289455782,243.51397718007502,288.0392761230469
2021-07-16,279.54128816218724,281.39340289433954,278.4518302438229,279.7591857910156,2100700,0.0,0,0.004195050572070702,3.597056912092397,270.73729400634767,282.73293595475894,258.7416520579364,275.1833713900768,270.60753276758226,254.36230365354058,244.99474567872437,285.7513732910156
2021-07-19,280.1949840267725,281.9282510208547,275.89648550854173,278.2042236328125,2166900,0.0,0,-0.0055582166276559875,3.57706369055298,271.47764739990237,283.3964780219445,259.5588167778602,276.6591238156126,270.8749568308399,255.69549722884497,249.0441327880503,281.8787536621094
2021-07-20,280.4029705690701,281.72027042494307,277.0156885340955,280.2940368652344,1502600,0.0,0,0.007511795490136475,3.603933861451607,272.2333511352539,284.37608923650254,260.09061303400523,277.30785557640587,270.8749568308399,255.69549722884497,249.0441327880503,280.1949768066406
2021-07-21,279.97707432637725,280.4326976791692,277.2533691673757,277.5802307128906,1167000,0.0,0,-0.009681997457721692,3.5690405829672356,272.909326171875,284.65130827239966,261.1673440713504,277.30785557640587,270.8749568308399,256.56540250953003,249.13266911322972,280.4723205566406
2021-07-22,277.0255830892484,279.4224266626975,274.2424541004209,278.90740966796875,1152200,0.0,0,0.004781244513233585,3.5861050386720557,273.7700164794922,284.57366490883544,262.96636805014896,278.08535256063783,270.8749568308399,257.32929557693336,249.92281415620494,282.7701416015625
2021-07-23,279.5511810236001,283.0078006578973,278.0457258458681,282.53240966796875,1144200,0.0,0,0.012997144838552188,3.6327141652659383,274.8154235839844,284.7147488030907,264.9160983648781,278.6251273791591,271.41473164936116,258.1450129676502,251.34606039620144,288.8910522460937
2021-07-26,280.66047710380786,282.205558328426,279.7888866230948,281.8886108398437,1174400,0.0,0,-0.0022786724853324225,3.6244363994504694,275.71028289794924,284.7205941623228,266.6999716335757,278.6251273791591,271.41473164936116,258.46537831074454,251.34606039620144,289.3763732910156
2021-07-27,282.28481766617745,284.7509992570596,281.31417729177804,284.1369323730469,1229200,0.0,0,0.007975921859718405,3.6533446209580056,276.457568359375,285.66039357831295,267.25474314043703,279.4967266787403,272.28633094894235,258.46537831074454,251.34606039620144,295.1109619140625
2021-07-28,284.1963776221295,284.5529209135515,281.0368769225415,282.255126953125,1636000,0.0,0,-0.006622882158279997,3.6291489500498146,277.0612426757813,286.11942026668584,268.0030650848767,279.4967266787403,272.28633094894235,258.77658755874364,251.34606039620144,298.01300048828125
2021-07-29,283.26535174366444,286.74179982367656,279.56112220080394,280.2940368652344,1768200,0.0,0,-0.006947934335365669,3.6039338614516074,277.6980941772461,285.71430896500397,269.68187938948824,280.4921269620487,273.28173123225076,258.77658755874364,251.34606039620144,299.12225341796875
2021-07-30,281.96789021523915,283.89925704651284,280.0266395542082,280.095947265625,1762200,0.0,0,-0.0007067207059585634,3.6013868867688146,278.31563262939454,284.9376501731745,271.69361508561457,280.4921269620487,273.28173123225076,258.712210705284,251.65899157142218,296.35894775390625
2021-08-02,280.78926380995216,283.3941214285112,280.4624324635901,280.9081115722656,1219300,0.0,0,0.0028995932092885646,3.6118294437297105,278.8479934692383,284.4109214524864,273.28506548599023,280.4921269620487,274.0146585149113,258.78473254184775,252.6545640649291,300.71685791015625
2021-08-03,280.98735518934086,283.0870795297054,280.10585060215834,281.6311340332031,1000000,0.0,0,0.002573875339130227,3.6211258424640707,279.2748718261719,284.2828889312996,274.2668547210441,280.4921269620487,275.9163052990984,259.3465947955053,252.67427679766868,293.9819030761719
2021-08-04,282.0669269183879,283.0276532613826,279.0163600820471,282.1461486816406,1315100,0.0,0,0.0018286850642612595,3.6277477412079953,279.60666809082034,284.44778471573625,274.7655514659044,282.39376283477236,275.9163052990984,260.99384559378495,253.41466409434764,291.07000732421875
2021-08-05,283.691226980845,283.9784625429285,278.44191622981367,280.05633544921875,1307700,0.0,0,-0.007406846565819691,3.6008775703093687,279.8463531494141,284.25424822149796,275.4384580773302,282.5918580267451,275.9163052990984,262.0059315304014,254.29614311375485,291.7929992675781
2021-08-06,278.7093380324306,280.7298406744627,278.3230828038859,279.4224548339844,1459900,0.0,0,-0.0022634039477007484,3.5927273298015434,280.0280990600586,284.02827779559294,276.02792032452425,282.5324413137812,275.9163052990984,262.51601745155585,254.80622903490928,293.56591796875
2021-08-09,279.30359378647023,279.7195911616645,276.28276913547364,277.38214111328125,1093300,0.0,0,-0.007301896055259216,3.5664936082844436,280.0315658569336,284.0223329440264,276.04079876984076,281.5122844795751,277.72384960495367,263.3316999056684,254.80622903490928,294.4176940917969
2021-08-10,278.85790321425986,279.2838146730871,272.37054416180854,272.66766357421875,1293200,0.0,0,-0.016996326872886658,3.50587631712798,279.8716110229492,284.6965255880349,275.0466964578635,279.5561719927425,277.8575698547453,263.3686606646512,254.80622903490928,294.298828125
2021-08-11,273.7670223904166,275.04469611250505,272.7369582146211,274.5692749023437,871500,0.0,0,0.006974099176990656,3.5303266462658933,279.66609497070306,285.0052168874181,274.326973053988,278.17450335236856,279.06589821702346,264.40374575955946,255.33612403454697,290.9412536621094
2021-08-12,275.34183655566864,277.7981343242075,273.5095197276788,277.3722229003906,874400,0.0,0,0.010208527516576194,3.566366082976801,279.60518188476556,285.0200861898901,274.190277579641,278.17450335236856,279.5561719927425,266.2756658214555,257.208044096443,288.4057312011719
2021-08-13,277.7486013462429,280.24452517197693,276.54026542804183,280.2148132324219,808000,0.0,0,0.010248287670290956,3.6029152285327157,279.62796325683587,285.04916592502485,274.2067605886469,278.17450335236856,279.5561719927425,267.7301846082717,257.4804188828879,289.0792236328125
2021-08-16,280.2148049619226,281.83910798595304,279.07577678578303,280.4921264648437,1066600,0.0,0,0.0009896451555251318,3.6064808361344007,279.74235839843743,285.13472948681107,274.3499873100638,278.17450335236856,279.5561719927425,269.29707895136926,257.4804188828879,290.7431335449219
2021-08-17,278.4518365152613,283.9883829522588,278.4518365152613,283.790283203125,922500,0.0,0,0.011758464595243101,3.64888751335951,279.91717071533196,285.59216580742725,274.2421756232367,278.17946355703367,279.5561719927425,270.0792897468457,257.6983097712089,285.2462463378906
2021-08-18,283.2256968742684,284.5429965958445,280.6208395936152,280.6703796386719,1146200,0.0,0,-0.010993694108335728,3.6087727602019095,280.07167816162104,285.65016590823484,274.49319041500723,278.4567703788265,279.5561719927425,270.6917237395878,258.1786661221439,279.4818725585937
2021-08-19,278.8975086246889,286.95969064515225,278.8975086246889,286.3753356933594,1203200,0.0,0,0.020326177853295047,3.6821253171579,280.4450744628906,286.63505586055913,274.25509306522207,279.6651174034804,279.6651174034804,271.08790545850377,258.57484784105986,272.7453308105469
2021-08-20,286.63284042567886,289.0297144315156,284.9986232618612,288.0392761230469,1712800,0.0,0,0.005810348246851671,3.7035197475391364,280.7204177856445,287.7053309437334,273.7355046275556,280.70012929666206,280.70012929666206,272.38785917913856,258.97102940876704,267.4217834472656
2021-08-23,286.6130498050983,287.55394808652386,284.5628352004179,285.7513732910156,1071400,0.0,0,-0.007943023822396644,3.6741026019577165,280.91355590820314,288.22654199315576,273.6005698232505,280.8833363230683,280.70012929666206,272.8954520788295,259.4117621835622,268.6755676269531
2021-08-24,286.7219813594861,287.03892887803505,280.6803317507087,281.8787536621094,978000,0.0,0,-0.013552409510075303,3.6243096589139525,280.80064697265624,287.97809738700687,273.6231965583056,281.2696170795972,280.70012929666206,273.76704032322624,259.67918624681977,264.0982971191406
2021-08-25,281.92824375605966,281.9678697495496,279.0262669177903,280.1949768066406,973400,0.0,0,-0.0059734081891361646,3.6026601779174308,280.69763946533203,287.8474173515246,273.54786157913946,282.7849899297787,280.70012929666206,274.0914062036229,259.67918624681977,265.2923278808594
2021-08-26,279.5215082179011,282.14616376148274,279.0262890502148,280.4723205566406,960900,0.0,0,0.0009898241330408286,3.6062261779046785,280.70655364990233,287.8547234648946,273.55838383491005,283.74077547338845,280.70012929666206,274.0914062036229,259.67918624681977,263.919189453125
2021-08-27,282.0966507951923,283.07717506404833,279.5115910512371,282.7701416015625,882400,0.0,0,0.008192683828341707,3.6357708487937406,280.8402633666992,288.03815569749986,273.6423710358986,283.74077547338845,280.70012929666206,274.48015469573886,259.67918624681977,263.2425231933594
2021-08-30,282.7701504639681,288.9801880709853,282.49282893349,288.8910522460937,1632600,0.0,0,0.021646241041799463,3.7144716209594777,281.2394104003906,289.2562317692639,273.2225890315174,283.9636115281022,280.70012929666206,275.0199295142601,260.21896106534103,266.6356811523437
2021-08-31,287.0587210552683,289.931016324558,286.03857080866936,289.3763732910156,2327100,0.0,0,0.0016799448828499486,3.7207117285516,281.6266723632813,290.40271608139284,272.8506286451697,284.41426247462346,281.15078024318325,275.0199295142601,260.21896106534103,264.7947998046875
2021-09-01,290.0498371465995,295.58638313827737,289.1980445647699,295.1109619140625,1658400,0.0,0,0.019817058862921844,3.794445291888271,282.27491302490233,292.8592615091439,271.6905645406608,287.3063250280338,283.97846365004295,275.8915288138413,261.0905603649222,260.78472900390625
2021-09-02,295.24966911342125,298.1021363099504,292.86270913612816,298.01300048828125,1795800,0.0,0,0.009833720019738923,3.8317588045189166,283.1727462768555,295.7367148424287,270.6087777112823,288.56420161387035,285.2363402358795,275.8915288138413,261.37148956228486,260.30712890625
2021-09-03,297.1809727641764,299.40945873625634,294.3285361095654,299.12225341796875,1645300,0.0,0,0.0037221628850756527,3.846021234925659,284.15773620605466,298.38870939923163,269.9267630128777,289.2178628270233,285.8900014490324,276.88692909714973,262.36688984559333,263.2425231933594
2021-09-07,297.6267075621114,299.0529411245644,292.27834681580146,296.35894775390625,1535200,0.0,0,-0.00923804776303716,3.8104915070597603,285.10657653808596,299.92877568488706,270.28437739128486,289.2178628270233,285.8900014490324,276.88692909714973,262.36688984559333,262.8743591308594
2021-09-08,295.8042926324425,300.8159077807336,295.5170570755012,300.71685791015625,1512700,0.0,0,0.014704837459028841,3.866524165310084,286.5090362548828,301.66586686746274,271.35220564230286,289.9210984154742,286.59322597127107,277.25339273848,263.10124451301164,266.5461120605469
2021-09-09,299.6075853586365,300.8060072368532,293.8531412612156,293.9819030761719,1243100,0.0,0,-0.0223963328188157,3.7799282032518056,287.4796676635742,301.91528565579665,273.0440496713518,290.1637494159853,286.59322597127107,278.2042161305735,264.22496902032674,267.9989013671875
2021-09-10,293.6550367334102,294.3087296270142,287.2865258305313,291.07000732421875,1488700,0.0,0,-0.009905017014597117,3.742487950084641,288.1645568847656,301.8919309641266,274.43718280540463,291.6543683571118,286.59322597127107,279.1550340669354,266.04855306308525,266.67547607421875
2021-09-13,293.6748561292841,295.56659681999383,290.3766798196852,291.7929992675781,1270100,0.0,0,0.0024839108295828805,3.7517839564334396,288.74346618652345,302.0464533774036,275.4404789956433,293.4272392947015,286.59322597127107,279.25408166292175,266.30976689750366,271.55126953125
2021-09-14,292.4665459195822,294.9426417699019,291.9911246350402,293.56591796875,1109700,0.0,0,0.006075946666376675,3.7745795956564967,289.39715576171875,302.2881468837182,276.5061646397193,294.0512168056324,286.59322597127107,279.2243733064398,266.30976689750366,274.6757507324219
2021-09-15,293.7837990814101,294.98222094231147,291.4364651835161,294.4176940917969,1044200,0.0,0,0.0029014816465771087,3.7855314690768385,289.9285263061523,302.72602540910555,277.1310272031991,294.0512168056324,286.59322597127107,279.6180670422644,267.94113180572884,277.6609191894531
2021-09-16,293.9521687017543,295.1505904885072,290.03992563013657,294.298828125,906500,0.0,0,-0.0004037324154838595,3.7840031273129378,290.6099487304688,302.793121830139,278.42677563079855,294.0512168056324,286.7764329976774,278.7068709237439,268.01505332369436,283.044189453125
2021-09-17,291.0303894829465,294.70490715108656,290.7629820204352,290.9412536621094,2994000,0.0,0,-0.011408725220830807,3.74083247539866,290.83824462890624,302.8638627134681,278.81262654434437,294.0512168056324,287.1627137542062,278.620200784696,269.02543351423554,283.17352294921875
2021-09-20,288.75239065157524,291.3374201080491,284.8599451582021,288.4057312011719,2374700,0.0,0,-0.008714894945363039,3.7082315133673585,290.8565673828125,302.86600178458104,278.84713298104396,292.83792646946785,288.6780866043877,278.86533767255554,269.02543351423554,285.5218811035156
2021-09-21,289.455595025343,291.4067596978469,287.8907158006819,289.0792236328125,1161500,0.0,0,0.0023352255478268358,3.7168910703346305,291.02295989990233,302.83327731248454,279.2126424873201,292.8329761975276,289.6338721479974,278.86533767255554,270.65679423231785,284.0093994140625
2021-09-22,289.30701623098867,292.10005932469585,287.4152755636526,290.7431335449219,1172900,0.0,0,0.0057558958793346715,3.7382851083303055,291.46617889404297,302.50242269583265,280.4299350922533,290.21327098909796,289.6338721479974,278.86533767255554,271.8889361343257,284.5964660644531
2021-09-23,290.69365729226007,290.69365729226007,282.7008125104799,285.2462463378906,1634100,0.0,0,-0.018906335430900034,3.667607836135874,291.71874237060547,301.900922801457,281.53656193975394,289.1337046652369,289.8567082027113,278.86781777488807,273.0175759486366,280.5764465332031
2021-09-24,285.1372970206047,285.6721119406544,278.6697058974806,279.4818725585937,2318700,0.0,0,-0.02020841239210802,3.5934913044907133,291.6692199707031,302.07929210399277,281.2591478374135,286.9101481929939,289.74280683910706,279.0064711857845,273.28173123225076,280.705810546875
2021-09-27,279.52167154596526,280.4570282447434,272.3174632731861,272.7453308105469,1776700,1.31,0,-0.024103680451169507,3.5068749383832127,291.16797943115233,303.9643975526636,278.37156130964104,283.7340268808466,286.5666855269599,279.6651174034804,273.39067664298864,281.2530822753906
2021-09-28,269.4616397882548,270.64576099825456,265.4515580734645,267.4217834472656,2317600,0.0,0,-0.019518381295330234,3.4384264161808114,290.0945159912109,306.5884936992805,273.60053828314136,280.30107428098586,283.13373292709906,280.70012929666206,274.4256885361703,279.2132263183594
2021-09-29,268.5660954776984,270.04875225643946,266.8645551339565,268.6755676269531,1448500,0.0,0,0.0046884145469576755,3.454547184609077,289.0594757080078,308.0429848064818,270.07596660953385,280.07823261227554,283.13373292709906,280.79173280986515,274.4256885361703,277.5713806152344
2021-09-30,270.0288331668121,271.02389097727564,263.9589744496336,264.0982971191406,2090800,0.0,0,-0.017036422582971444,3.3956940589392626,287.5088424682617,309.17038578390714,265.8472991526163,278.02951688716473,282.3874411151836,280.98487318812965,274.4256885361703,276.4568786621094
2021-10-01,265.6903752678538,267.69042066376585,263.7798510572377,265.2923278808594,1784600,0.0,0,0.0045211603965022995,3.4110465364371767,285.8728088378906,309.0220021276971,262.7236155480841,277.93995519096677,282.29787941898564,281.74255961322035,274.4256885361703,277.38232421875
2021-10-04,264.59582146455864,266.05855763540274,260.85439444433075,263.919189453125,1387600,0.0,0,-0.005175944735013371,3.3933911480760193,284.11265563964844,308.3058475745719,259.919463704725,276.4772268845133,280.8351511125322,282.2204523850253,274.4256885361703,278.5365905761719
2021-10-05,264.0883283785568,265.6008356368167,261.0136034865597,263.2425231933594,1649200,0.0,0,-0.0025639145875211433,3.384690783010302,282.4568344116211,307.5957871687156,257.3178816545266,275.77402586829544,280.8351511125322,282.2204523850253,274.4256885361703,274.5165405273437
2021-10-06,262.07832976293173,267.1232801266022,259.8195291089339,266.6356811523437,1421100,0.0,0,0.012889855019707186,3.4283189564898437,280.75277557373045,305.3173562008324,256.18819494662847,272.74582052479417,280.31771844483376,282.33187041238216,274.4256885361703,271.13336181640625
2021-10-07,267.8695549346162,270.43679053458555,264.29727093621074,264.7947998046875,1185000,0.0,0,-0.006904107281142102,3.404649474620265,279.2934204101563,304.0100203550033,254.57682046530925,270.1382786768387,280.31771844483376,282.78252135890335,274.8763394826915,270.7552185058594
2021-10-08,264.7649601144874,264.8246915185593,260.11805729826585,260.78472900390625,1062000,0.0,0,-0.015144069308532737,3.353089227005356,277.77915649414064,303.1338612350903,252.42445175319094,265.4217100431048,280.31771844483376,285.6423943390384,277.7040228895512,259.2125549316406
2021-10-11,260.62555469314924,262.1678821503885,259.23244946715374,260.30712890625,1074800,0.0,0,-0.00183139595435855,3.346948392960415,276.2048629760742,301.79498049543145,250.61474545671695,265.1281702222147,280.02417862394367,286.9002709248749,278.9618994753877,257.759765625
2021-10-12,261.4713215620446,264.57592733948434,260.27727044772485,263.2425231933594,1352700,0.0,0,0.011276657306479532,3.384690783010302,274.6886932373047,299.5601534621662,249.81723301244315,265.1281702222147,280.02417862394367,287.55393213802785,279.61556068854065,256.2572326660156
2021-10-13,261.99870341878864,263.08334313039023,258.03839285749643,262.8743591308594,1646600,0.0,0,-0.0013985736728012732,3.3799570435906108,273.1115264892578,296.73467572222984,249.48837725628576,264.237591696041,279.427150319115,287.55393213802785,279.61556068854065,257.6801452636719
2021-10-14,264.13808933417573,267.063561520273,263.7599625341458,266.5461120605469,1370000,0.0,0,0.01396771043713585,3.427167304865442,271.72389068603513,293.36225546433093,250.0855259077393,264.237591696041,279.4222000471748,288.25716219337266,281.05171249343977,259.690185546875
2021-10-15,268.4566498149028,270.0387880578652,265.76002133845225,267.9989013671875,3091300,0.0,0,0.005450423926313341,3.4458468195433594,270.57677307128904,290.35133214551877,250.80221399705928,264.237591696041,276.80249483874513,288.3784876936282,282.9533592776269,256.35675048828125
2021-10-18,267.11330391203904,268.91435600394635,265.6107569973944,266.67547607421875,1354300,0.0,0,-0.004938174321675759,3.4288306272626623,269.4902603149414,287.5198603954974,251.46066023438541,264.237591696041,276.80249483874513,289.12379716419144,282.9533592776269,260.70513916015625
2021-10-19,268.3869929921453,276.0887307030712,267.7103609712212,271.55126953125,1816900,0.0,0,0.01828362145934359,3.4915220684997363,268.6138626098633,284.2738034768682,252.95392174285843,267.0635617802838,276.5944916730018,290.0102326329863,282.9533592776269,264.1679382324219
2021-10-20,272.74533626161787,275.5115956012104,272.74533626161787,274.6757507324219,1109700,0.0,0,0.011506045273017351,3.5316956794916337,267.8104934692383,280.1003473903393,255.52063954813724,267.0635617802838,276.5944916730018,290.32222138845174,282.9533592776269,261.5708312988281
2021-10-21,274.426981547065,277.99923517572347,271.9293769120446,277.6609191894531,1269100,0.0,0,0.010867972323990394,3.5700780503931053,267.4312271118164,277.852875496229,257.0095787274038,268.01881401660995,276.5944916730018,290.32222138845174,284.7609035834822,265.6207275390625
2021-10-22,278.39725639401786,283.899924543048,277.62111256281344,283.044189453125,1496300,0.0,0,0.019387929274983007,3.639294471140296,267.60934295654295,278.9410479177257,256.2776379953602,270.9691587002722,276.3716500042915,290.4138249016549,284.89462383327384,261.1827697753906
2021-10-25,283.0939316900796,284.2680925545872,279.23310273664515,283.17352294921875,1194700,0.0,0,0.00045693747094266435,3.6409574011519545,268.13075256347656,281.2056849699757,255.05582015697743,271.15324270604185,275.06922609109614,290.60696527991934,286.102952195552,257.67022705078125
2021-10-26,284.5865243633308,288.12892762186976,283.98948362348364,285.5218811035156,1742300,0.0,0,0.008293000453711175,3.6711518625316506,269.03575744628904,284.1583467987988,253.91316809377926,275.9444450780078,275.06922609109614,290.7580065369278,286.59322597127107,264.9241638183594
2021-10-27,286.79554899725946,289.73098153796053,283.8999272696764,284.0093994140625,1280300,0.0,0,-0.00529725316885532,3.6517048416945057,269.80244903564454,286.2834188418172,253.3214792294719,277.67086926767746,275.06922609109614,291.2334241727625,286.59322597127107,265.640625
2021-10-28,284.0889769137266,288.5567763254121,281.45208004899854,284.5964660644531,1391600,0.0,0,0.002067067680160628,3.6592531627502587,270.82735748291014,288.292972029308,253.3617429365123,277.67086926767746,274.3660250748783,289.9235715685477,286.59322597127107,268.2377319335937
2021-10-29,282.82528685814634,283.52180909176985,278.25797524162533,280.5764465332031,2531200,0.0,0,-0.01412533186669851,3.6075649974421453,271.59156341552733,289.3597578111405,253.82336901991414,278.72067125459085,273.88468719772845,289.4952064339741,286.59322597127107,275.4419250488281
2021-11-01,281.46203382304014,281.7605693821286,275.0439292538185,280.705810546875,1520500,0.0,0,0.00046106512243015985,3.6092283198393655,272.43089447021487,290.2565447266547,254.60524421377502,280.83017922500255,273.88468719772845,288.3264775160505,286.59322597127107,274.4866943359375
2021-11-02,281.41229516806834,283.8800494544423,278.128616561008,281.2530822753906,1532500,0.0,0,0.0019496273605787984,3.6162649701223004,273.33142242431643,291.02721344425265,255.6356314043802,280.83017922500255,273.88468719772845,285.15035620390324,286.5666855269599,269.7203674316406
2021-11-03,282.31780181308005,284.0094122292633,275.09367242722703,279.2132263183594,1133500,0.0,0,-0.007252741696298637,3.59003713438863,273.9602996826172,291.55211238189776,256.3684869833366,282.3874553958895,273.88468719772845,281.7174036040425,283.13373292709906,271.222900390625
2021-11-04,280.4072710023668,282.0491406371322,276.26785734931104,277.5713806152344,1381000,0.0,0,-0.00588025762523503,3.5689267911542646,274.59912872314453,291.7301799906795,257.46807745560955,282.3874553958895,273.88468719772845,281.60598276968733,283.13373292709906,274.65582275390625
2021-11-05,279.5515240255558,280.04905289577044,275.33248892349616,276.4568786621094,1213600,0.0,0,-0.004015190437338001,3.5545968704308626,275.3827362060547,291.2919256168276,259.4735467952818,282.3874553958895,273.88468719772845,280.20847900117417,282.3874411151836,272.0587463378906
2021-11-08,276.8748350194123,277.8400423076452,272.0786490978115,277.38232421875,1014100,0.0,0,0.0033475222650245495,3.5664959625978163,276.2364959716797,290.5546939622905,261.91829798106886,280.904815317886,273.88468719772845,280.1189173049762,282.29787941898564,272.9941101074219
2021-11-09,278.50674005707367,280.2182103077102,277.4221003407459,278.5365905761719,823300,0.0,0,0.004161283025776452,3.581337161708475,277.00119934082034,290.023389190129,263.97900949151165,280.31771271161176,273.88468719772845,278.65618899852274,280.8351511125322,278.0888061523437
2021-11-10,277.2529493757156,280.08887007374244,274.1981147551488,274.5165405273437,925300,0.0,0,-0.014432753845778135,3.529648604014799,277.5833084106445,288.945743811997,266.22087300929206,278.0440306635374,273.88468719772845,278.30458849041383,280.8351511125322,277.4817810058594
2021-11-11,274.7653167336895,275.3325069709328,269.03377405576583,271.13336181640625,1221800,0.0,0,-0.012324134292375888,3.4861487406140235,277.8126708984375,288.4274244331569,267.1979173637181,276.5215931425146,273.88468719772845,276.53176948481394,280.31771844483376,277.0837707519531
2021-11-12,273.1333907258563,273.8597938117855,270.2576896333263,270.7552185058594,991200,0.0,0,-0.0013946764352921193,3.481286691115566,277.9504867553711,288.10892583655414,267.7920476741881,276.5215931425146,273.88468719772845,275.2279985608362,280.31771844483376,276.476806640625
2021-11-15,266.0087862926609,267.21282808558084,257.8592909099588,259.2125549316406,3467600,0.0,0,-0.04263136141166923,3.332874700008984,277.5773406982422,289.7394987174792,265.4151826790052,270.93435156961107,273.7951362239597,272.86971424396927,280.31771844483376,279.8599853515625
2021-11-16,260.8344903994113,261.0334837274778,257.351788307348,257.759765625,2783200,0.0,0,-0.0056046255437888215,3.3141951853310663,276.8877655029297,291.6546249260258,262.1209060798336,269.7004644722401,273.5413849226543,272.5761744230792,280.02417862394367,278.739990234375
2021-11-17,257.8194806917863,259.1130436782532,253.441217284882,256.2572326660156,3451600,0.0,0,-0.00582919896493983,3.294876082187126,275.9668395996094,293.27859642798023,258.65508277123854,266.8297137962961,271.5860994114213,272.5761744230792,280.02417862394367,285.760009765625
2021-11-18,256.3268813058768,258.48613960816067,252.14762662821067,257.6801452636719,2436700,0.0,0,0.005552672924985291,3.313171451399868,274.9678009033203,294.0123131341579,255.9232886724827,266.18291846796046,270.93930408308563,271.832371007578,279.427150319115,288.489990234375
2021-11-19,259.61056392056764,262.98382430833533,258.32693090545,259.690185546875,2036700,0.0,0,0.007800524488009497,3.3390159264394863,273.8001007080078,293.5784565319306,254.021744884085,266.18291846796046,270.93930408308563,271.8298958716079,279.427150319115,288.8800048828125
2021-11-22,258.7150326580605,259.7697915157107,255.36169267036564,256.35675048828125,1835200,0.0,0,-0.012836199610601229,3.2961556515047326,272.4592620849609,293.13942036842155,251.7791038015003,266.11824835097656,270.93930408308563,270.5200432673931,279.427150319115,291.1400146484375
2021-11-23,256.98363276889535,260.91409279190657,255.48108579912255,260.70513916015625,2070900,0.0,0,0.01696225538665419,3.3520658854597194,271.21842498779296,291.58695950273614,250.84989047284975,263.74006679957176,270.93930408308563,270.5200432673931,279.427150319115,292.5
2021-11-24,261.5807820499068,264.69531761692764,259.2125397836066,264.1679382324219,1320800,0.0,0,0.013282435027636152,3.396589482791694,270.2263519287109,289.92071537370526,250.53198848371662,263.0037102199981,270.93930408308563,271.82902672664284,279.427150319115,286.3800048828125
2021-11-26,265.2624871250616,266.1779536353846,260.9737905631177,261.5708312988281,1161800,0.0,0,-0.009831272299626104,3.3631966866963223,269.0750701904297,287.94047736808125,250.20966301277812,259.6802273568958,270.93930408308563,271.82902672664284,279.427150319115,282.7699890136719
2021-11-29,262.8246175927441,267.97900963067053,260.19765046448214,265.6207275390625,1842900,0.0,0,0.015482981111176075,3.4152689974696115,268.32728424072263,286.4741580770352,250.18041040441003,260.06331812944063,270.93930408308563,272.30665284480585,279.427150319115,264.57000732421875
2021-11-30,262.8544595113598,266.8247302259747,261.0633373370334,261.1827697753906,2759500,0.0,0,-0.01670787443731858,3.358207111890222,267.35113220214845,284.8095204126999,249.89274399159697,260.06331812944063,270.93930408308563,273.6704043522818,279.427150319115,264.8900146484375
2021-12-01,262.6753665233771,266.21776982896057,257.23239919352903,257.67022705078125,2629100,0.0,0,-0.013448600486280382,3.313043926092225,266.17198944091797,282.87666293474246,249.46731594709345,260.06331812944063,270.93930408308563,273.11123439856897,279.427150319115,266.5799865722656
2021-12-02,258.44635855985763,266.41675043308135,257.9886101339478,264.9241638183594,1902600,0.0,0,0.028152017602516954,3.406312797017485,265.457536315918,281.04309598639315,249.87197664544283,261.67035115051806,270.93930408308563,275.50683558455194,279.427150319115,264.4100036621094
2021-12-03,264.4067630304296,267.8994256680579,262.1579226578536,265.640625,1804000,0.0,0,0.0027044010305223853,3.4155248328560206,264.8609985351562,279.4145924652454,250.30740460506703,261.67035115051806,270.3522014768114,276.3700476793868,279.427150319115,260.489990234375
2021-12-06,267.20286334398145,271.55126096592244,266.0187421613369,268.2377319335937,1864800,0.0,0,0.009776768645961775,3.448917628951391,264.45004119873045,278.0971029478999,250.802979449561,263.5161733825225,268.07851942873697,276.0184471712779,279.427150319115,259.3900146484375
2021-12-07,269.9094065548685,275.94941420339785,269.9094065548685,275.4419250488281,2133000,0.0,0,0.0268574934007344,3.54154691141063,264.3530212402344,277.6503180823666,251.05572439810223,266.5909066984634,268.07851942873697,276.3026792261596,279.427150319115,255.44000244140625
2021-12-08,275.0240340391425,276.5464712259288,272.1881132964121,274.4866943359375,1327600,0.0,0,-0.0034679931630643424,3.5292648509351863,264.15052642822263,276.67011927302025,251.630933583425,266.88943520972896,268.07851942873697,277.3574332113655,279.427150319115,250.6199951171875
2021-12-09,274.5165533617702,275.6210529543464,269.5910050577164,269.7203674316406,1116100,0.0,0,-0.017364509838365683,3.467980896708924,263.9107177734375,275.78733708019706,252.03409846667796,266.88943520972896,268.07851942873697,277.3574332113655,279.427150319115,250.22999572753903
2021-12-10,269.571100868307,272.82492880499046,268.11832504429344,271.222900390625,1352400,0.0,0,0.005570706332977293,3.4872999998528647,263.9151947021484,275.8028832950247,252.02750610927214,266.88943520972896,267.09838363267147,278.13607129680895,279.427150319115,249.0
2021-12-13,270.6557016251534,275.9593459463637,269.0138624496747,274.65582275390625,1836400,0.0,0,0.012657199515000439,3.5314394517196632,264.11022491455077,276.56126920478897,251.65918062431257,266.88943520972896,266.18291846796046,278.13607129680895,279.427150319115,245.94000244140625
2021-12-14,273.113505136214,276.72556967076144,269.6706137825688,272.0587463378906,2225100,0.0,0,-0.009455748616488013,3.498047048009854,264.7525344848633,277.45231265219644,252.0527563175302,267.35708990235463,266.18291846796046,278.13607129680895,279.427150319115,244.75999450683597
2021-12-15,272.80504669843344,274.82501279263573,269.78006252137175,272.9941101074219,1932500,0.0,0,0.0034380948310683834,3.510073665484451,265.5142517089844,278.27296286770047,252.75554055026828,269.4417461643075,266.18291846796046,277.39475125780723,279.427150319115,248.3999938964844
2021-12-16,273.44187283870883,278.28782986017023,273.35232128021323,278.0888061523437,1791500,0.0,0,0.018662292907773992,3.5755796883575854,266.60583038330077,279.74395574291873,253.46770502368278,272.15328601075356,266.11824835097656,277.1011999546701,279.427150319115,250.52999877929688
2021-12-17,277.86986809239625,282.3476278288897,276.446942841931,277.4817810058594,3248700,0.0,0,-0.0021828463895514627,3.5677747471443007,267.59591217041014,280.8795339853091,254.31229035551118,275.23297643659157,267.2476272285502,275.9643589306329,279.427150319115,242.6000061035156
2021-12-20,274.48668461746274,278.1584501203131,273.65083975693415,277.0837707519531,1551000,0.0,0,-0.0014343653571181614,3.562657254644996,268.46559143066406,281.8431906941107,255.08799216721744,275.23297643659157,267.2476272285502,275.2031401701215,279.427150319115,236.42999267578125
2021-12-21,278.9146799497789,280.6461011137906,275.2130638417841,276.476806640625,1381900,0.0,0,-0.002190543710593129,3.5548530982028343,269.4715942382812,282.0492838808885,256.893904595674,275.23297643659157,267.2476272285502,275.2031401701215,279.427150319115,246.7700042724609
2021-12-22,277.571364729166,279.9495369028648,276.33747249991364,279.8599853515625,914200,0.0,0,0.012236754149635098,3.598352961603611,270.42933654785156,283.1088727427765,257.7498003529266,275.23297643659157,267.2476272285502,272.3647438967854,279.33759934534623,251.5
2021-12-23,280.0,280.4599914550781,276.4599914550781,278.739990234375,1016000,1.39,0,-0.004001983762632388,3.5839524114790535,271.1579391479492,283.9899965777003,258.3258817181981,275.6807451392822,267.2476272285502,271.6209246974472,279.0838480440408,250.1499938964844
2021-12-27,280.0599975585937,285.9100036621094,278.4599914550781,285.760009765625,1235300,0.0,0,0.025184830943515868,3.6742136470717597,272.3673980712891,285.90525778658923,258.8295383559889,277.7903087223391,269.02881514516,269.2079066038587,277.1285625328078,252.33999633789065
2021-12-28,285.760009765625,288.94000244140625,284.7200012207031,288.489990234375,1065600,0.0,0,0.009553402769649555,3.7093148899039794,273.5108612060547,288.3883579591111,258.6333644529983,279.360032481389,272.15084755588595,268.56111127552305,276.48176720447213,250.6999969482422
2021-12-29,286.79998779296875,289.5,286.79998779296875,288.8800048828125,1430600,0.0,0,0.0013519174378309184,3.7143295773860463,274.8957229614258,290.08172718999936,259.70971873285225,281.4261606401066,272.4308463351828,268.56111127552305,276.47681693253196,246.42999267578125
2021-12-30,289.6099853515625,291.989990234375,287.4100036621094,291.1400146484375,1370200,0.0,0,0.007823351313434701,3.743388082563819,276.56921234130857,291.1517285520719,261.9866961305452,282.8204149956546,273.73553801674876,268.5287762170311,273.85711172410225,246.25999450683597
2021-12-31,291.3999938964844,294.3999938964844,289.94000244140625,292.5,1274100,0.0,0,0.004671241612750343,3.7608743527477646,277.9480041503906,293.0760440496238,262.8199642511574,284.02541682670926,275.81619654500673,267.3396854413287,273.85711172410225,245.32000732421875
2022-01-03,292.3699951171875,292.54998779296875,280.2799987792969,286.3800048828125,1597900,0.0,0,-0.020923060229700807,3.682185352148886,278.98497314453124,293.4161450269009,264.5538012621616,284.80652886913424,275.81619654500673,266.97150715154186,273.64910855835893,249.88999938964844
2022-01-04,287.19000244140625,288.25,282.4599914550781,282.7699890136719,1813300,0.0,0,-0.012605684082650392,3.6357688868659346,279.71158599853516,293.3375481233085,266.0856238737618,285.36873319819904,275.81619654500673,265.3097657199907,273.64910855835893,242.50999450683597
2022-01-05,278.9700012207031,279.44000244140625,262.2300109863281,264.57000732421875,4486100,0.0,0,-0.06436320117610905,3.401759162570744,279.16799011230466,294.2392030395697,264.0967771850396,278.31500244140625,275.81619654500673,265.50131110626313,273.64910855835893,236.8999938964844
2022-01-06,263.9100036621094,265.3800048828125,256.7699890136719,264.8900146484375,2473100,0.0,0,0.0012095374205685072,3.4058737175736353,278.6881561279297,294.9053689312243,262.4709433246351,275.5849914550781,275.5849914550781,265.50131110626313,273.4262668896486,234.2899932861328
2022-01-07,264.0299987792969,269.239990234375,261.0,266.5799865722656,2244300,0.0,0,0.006379900450649512,3.4276028528392386,278.53113708496096,295.15282509837857,261.90944907154335,275.5849914550781,275.5849914550781,265.50131110626313,272.12384297645326,233.38999938964844
2022-01-10,267.3500061035156,267.3500061035156,258.6099853515625,264.4100036621094,2113500,0.0,0,-0.008140081849572711,3.399701885069298,278.1904922485352,295.6641909759069,260.7167935211635,275.5849914550781,275.5849914550781,266.30482761680184,272.12384297645326,232.3300018310547
2022-01-11,259.4100036621094,261.6099853515625,256.1000061035156,260.489990234375,1884300,0.0,0,-0.014825511037561911,3.349299567247783,277.4822006225586,296.5642044910359,258.40019675408126,275.25,275.25,266.0112763136647,272.12384297645326,228.6699981689453
2022-01-12,259.8800048828125,264.5,258.8500061035156,259.3900146484375,1876900,0.0,0,-0.0042227172911627475,3.335156422051882,276.84876403808596,297.40929113830305,256.2882369378689,275.25,275.25,265.7973464056297,271.42064196023534,
2022-01-13,260.0,260.2300109863281,255.05999755859372,255.44000244140625,1728000,0.0,0,-0.01522808120576602,3.284368389222944,275.97105865478517,298.53843328189834,253.403684027672,273.80499267578125,274.72999572753906,267.3347130636002,270.93930408308563,
2022-01-14,253.63999938964844,254.1999969482422,246.08999633789065,250.6199951171875,2549600,0.0,0,-0.018869430309077728,3.2223942287931635,274.59761810302734,299.711241044019,249.48399516203568,267.1699981689453,270.2449951171875,267.48397731923296,270.93930408308563,
2022-01-18,248.6300048828125,250.97000122070312,247.77999877929688,250.22999572753903,2523600,0.0,0,-0.0015561383658398986,3.2173797375038773,273.23502883911135,300.4666379989778,246.00341967924493,262.76499938964844,270.2449951171875,267.48397731923296,270.93930408308563,
2022-01-19,251.2100067138672,253.25999450683597,248.0800018310547,249.0,2200000,0.0,0,-0.004915460770251956,3.2015648336211733,271.83084030151366,300.9743730568319,242.6873075461954,257.6649932861328,270.2449951171875,266.9939094212002,270.93930408308563,
2022-01-20,249.88999938964844,252.8600006103516,245.5399932861328,245.94000244140625,2120900,0.0,0,-0.0122891468216616,3.1622203333217342,270.3040000915527,301.4663005845881,239.1416995985173,257.3899917602539,269.9699935913086,266.5361768388447,270.93930408308563,
2022-01-21,249.72999572753903,250.77999877929688,243.75999450683597,244.75999450683597,3504900,0.0,0,-0.004797950406019935,3.1470481569895488,268.5490005493164,301.29191683211934,235.80608426651347,255.55500030517578,269.07999420166016,266.7700041851575,270.93930408308563,
2022-01-24,241.30999755859372,249.3300018310547,239.0,248.3999938964844,2708800,0.0,0,0.014871708903992475,3.193850141087143,267.03200073242186,300.5563109824864,233.5076904823573,251.75,266.6999969482422,267.81233231613396,270.93930408308563,
2022-01-25,245.7899932861328,252.3999938964844,245.38999938964844,250.52999877929688,2065700,0.0,0,0.008574899094804689,3.2212370837708932,265.27050018310547,298.3684731285556,232.17252723765532,251.75,266.6999969482422,269.13576718086506,270.93930408308563,
2022-01-26,250.6300048828125,254.3699951171875,240.3999938964844,242.6000061035156,2325000,0.0,0,-0.03165286678010626,3.1192756954911554,262.9760009765625,295.67298131798276,230.27902063514222,249.61500549316406,266.6999969482422,271.2403018325709,270.93930408308563,
2022-01-27,241.5500030517578,245.0500030517578,235.22000122070312,236.42999267578125,2722300,0.0,0,-0.025432865921287906,3.039943574956197,260.35350036621094,292.7277135186444,227.9792872137775,244.7949981689453,264.80999755859375,271.2403018325709,270.93930408308563,
2022-01-28,237.57000732421875,246.8500061035156,233.6699981689453,246.7700042724609,2106700,0.0,0,0.043733925123700335,3.172892239643605,258.13499984741213,287.69606102982766,228.57393866499663,244.0199966430664,264.03499603271484,271.2403018325709,270.93930408308563,
2022-01-31,245.91000366210935,251.67999267578125,244.97999572753903,251.5,2665000,0.0,0,0.019167628340747145,3.2337090588583344,256.0849998474121,281.1247089535846,231.04529074123963,244.0199966430664,264.03499603271484,271.2403018325709,270.93930408308563,
2022-02-01,251.07000732421875,252.4499969482422,247.58999633789065,250.1499938964844,1665800,0.0,0,-0.005367817509008388,3.2163510987531554,254.27349929809571,275.1366784200253,233.41032017616612,244.0199966430664,264.03499603271484,271.4641861839162,270.93930408308563,
2022-02-02,251.8800048828125,254.47000122070312,251.5500030517578,252.33999633789065,1446000,0.0,0,0.008754757125089219,3.244509471451753,252.75199966430665,268.9532018535786,236.55079747503467,244.06999969482422,264.03499603271484,273.40956193374956,270.93930408308563,
2022-02-03,250.8999938964844,252.69000244140625,249.8600006103516,250.6999969482422,1367300,0.0,0,-0.006499165465043699,3.2234228675438867,252.05849914550782,267.327638873052,236.78935941796362,244.06999969482422,264.03499603271484,275.7554400186375,270.93930408308563,
2022-02-04,248.16000366210935,250.0,245.0500030517578,246.42999267578125,1275900,0.0,0,-0.017032326782766116,3.168520475904838,251.135498046875,265.37687887880975,236.89411721494025,244.06999969482422,264.03499603271484,276.9285034876447,270.93930408308563,
2022-02-07,245.7700042724609,248.3600006103516,244.5,246.25999450683597,1171600,0.0,0,-0.0006898436635062177,3.1663346921318456,250.1194984436035,262.57823642278316,237.66076046442382,244.06999969482422,264.03499603271484,278.27797650620164,272.06880843129284,
2022-02-08,245.58999633789065,247.3300018310547,243.07000732421875,245.32000732421875,1303800,0.0,0,-0.0038170519109270717,3.154248628244609,249.16499862670898,259.8842614717872,238.4457357816307,244.06999969482422,263.10999298095703,279.920806685858,273.2738102623475,
2022-02-09,248.1499938964844,250.4600067138672,246.72999572753903,249.88999938964844,1824700,0.0,0,0.01862869692234237,3.213008169957892,248.63499908447267,258.0126893451031,239.2573088238422,244.06999969482422,260.95999908447266,280.3113627070705,273.2738102623475,
2022-02-10,246.6300048828125,249.4600067138672,241.17999267578125,242.50999450683597,1453100,0.0,0,-0.02953301412956899,3.118118354276105,247.79099807739257,256.11316591865955,239.4688302361256,247.8249969482422,256.5550003051758,280.5924648716029,273.2738102623475,
2022-02-11,242.9600067138672,244.9499969482422,235.4900054931641,236.8999938964844,2379300,0.0,0,-0.023133069718466515,3.0459867049962055,246.86399765014647,255.69216120319336,238.03583409709958,244.9800033569336,251.45499420166016,277.0655994932065,273.2738102623475,
2022-02-14,237.8999938964844,238.55999755859372,232.75,234.2899932861328,1805300,0.0,0,-0.011017309740801617,3.0124281260008985,246.04749755859376,256.262950687298,235.83204442988952,243.61000061035156,250.9949951171875,275.5849914550781,273.2738102623475,
2022-02-15,237.05999755859372,237.1499938964844,232.27999877929688,233.38999938964844,1696300,0.0,0,-0.0038413672042119096,3.000856283392633,245.20549774169922,256.62236490965495,233.78863057374352,242.48500061035156,249.81500244140625,275.5849914550781,273.2738102623475,
2022-02-16,233.3999938964844,233.75,229.75,232.3300018310547,1275700,0.0,0,-0.004541743696670042,2.9872271632829217,244.37199783325195,256.94749060240275,231.79650506410118,240.1050033569336,247.125,275.5849914550781,273.2738102623475,
2022-02-17,232.00999450683597,232.50999450683597,227.75999450683597,228.6699981689453,1679816,0.0,0,-0.015753469776885964,2.940167970449451,243.5084976196289,257.80818662958677,229.20880860967105,239.11000061035156,246.12999725341797,275.25,273.2738102623475,
