Date,Open,High,Low,Close,Volume,Dividends,Stock Splits,daily_return,cum_return,middle_band,upper_band,lower_band,Conversion,Baseline,SpanA,SpanB,Lagging
2016-02-18,40.47775118606396,40.48609571330724,39.91022782195359,39.93526458740234,1926000,0.0,0,,,,,,,,,,43.82620620727539
2016-02-19,39.66820115143858,40.15226658155388,39.58474313149013,40.13557434082031,1984200,0.0,0,0.005015861431932667,1.0050158614319327,,,,,,,,43.96049499511719
2016-02-22,40.586252533709015,41.287310678320885,40.49444680776759,41.2706184387207,2353600,0.0,0,0.02828025053938199,1.0334379617892806,,,,,,,,44.31298065185547
2016-02-23,41.09535032661381,41.09535032661381,40.31083106746123,40.66136169433594,2300800,0.0,0,-0.01476248157728477,1.0181818529170996,,,,,,,,44.19548797607422
2016-02-24,40.37760431428547,41.27896296666121,39.89353891703765,41.2706184387207,2723800,0.0,0,0.01498367784543797,1.0334379617892806,,,,,,,,44.85849380493164
2016-02-25,41.270624752252296,41.68792125493691,41.18716354148358,41.44588851928711,1659300,0.0,0,0.004246848901153566,1.0378268166617157,,,,,,,,44.48921585083008
2016-02-26,41.47091175423965,41.66286770077235,41.095347571386206,41.52098846435547,2266100,0.0,0,0.0018119998810837146,1.0397073587300922,,,,,,,,43.91852951049805
2016-02-29,41.329038953303495,42.85634223689316,41.329038953303495,42.013404846191406,3550000,0.0,0,0.011859457109472782,1.052037723557355,,,,,,,,44.161922454833984
2016-03-01,42.20642969143197,42.6931993285946,41.97982887357957,42.46659851074219,3130100,0.28,0,0.010786882572595413,1.063385930943309,,,,41.22054268419164,,,,43.88496017456055
2016-03-02,42.2483907209182,42.73516034225612,42.19803391807937,42.6176643371582,1903800,0.0,0,0.0035572857660781665,1.0671686985793014,,,,41.22054268419164,,,,44.0695915222168
2016-03-03,42.63445218965584,43.163187442045285,42.47499377453416,42.99533462524414,1959300,0.0,0,0.008861825113129163,1.0766257609523169,,,,41.52836317954147,,,,44.19548797607422
2016-03-04,42.96176114763715,43.507281972985226,42.79391154124638,43.41496276855469,1374400,0.0,0,0.009759852946095382,1.0871334700571895,,,,41.70041044501144,,,,44.39690017700195
2016-03-07,43.15479011283206,43.70031093004721,43.11282771185997,43.52406692504883,1986000,0.0,0,0.002513054245278923,1.0898654954393014,,,,41.796924923542434,,,,44.64028549194336
2016-03-08,43.2722958191146,43.38979184009999,42.75195172399868,42.903018951416016,2554400,0.0,0,-0.014269070367488812,1.07431412799378,,,,42.39782925071671,,,,44.447265625
2016-03-09,42.6344532779403,42.80230609902605,42.34071324218495,42.50017166137695,2950300,0.0,0,-0.009389718949504466,1.0642266202684365,,,,42.39782925071671,,,,44.22905731201172
2016-03-10,42.51696034171221,42.735166783852655,42.09732985938125,42.29035949707031,2099500,0.0,0,-0.004936736867284575,1.0589728134770116,,,,42.51467494167535,,,,44.69903945922852
2016-03-11,42.57571310877867,42.82749078599525,42.22322500098084,42.52535629272461,2045200,0.0,0,0.005556746228903009,1.0648572566648107,,,,42.84006990181339,,,,45.28651428222656
2016-03-14,42.59249588927675,42.97855518217276,42.38268063859065,42.82748794555664,1103700,0.0,0,0.007104741245488988,1.0724227919367955,,,,42.89882039471423,,,,44.36334228515625
2016-03-15,42.684808318671536,42.99533394384032,42.38267389352303,42.8526611328125,1412700,0.0,0,0.0005877810832113362,1.0730531417671005,,,,42.89882039471423,,,,43.52406692504883
2016-03-16,42.95337095173459,43.641564598902896,42.86105174514658,43.4653205871582,1323200,0.0,0,0.014296882344060124,1.0883944562838688,42.131836128234866,44.22569710030281,40.03797515616692,42.89882039471423,,,,43.57442474365234
2016-03-17,43.3646129835615,44.506008420280295,43.3646129835615,44.34654998779297,4298900,0.0,0,0.020274310386545924,1.1104609033135637,42.352400398254396,44.40269562085999,40.302105175648805,43.30166913983077,,,,43.33104705810547
2016-03-18,44.50602023681056,44.52280584492795,43.750687080691925,43.86818313598633,3171800,0.0,0,-0.010787013915137034,1.0984823460973048,42.53903083801269,44.41886813288444,40.659193543140944,43.3100678521546,,,,43.62477493286133
2016-03-21,43.92692488566716,43.92692488566716,43.44854632803625,43.64996719360352,1521500,0.0,0,-0.004974355598597713,1.0930181042890348,42.65799827575684,44.50212327864044,40.81387327287324,43.3100678521546,,,,43.27229309082031
2016-03-22,43.6247839635393,43.8094223977334,43.347829513774606,43.47371673583984,1621600,0.0,0,-0.004037814209159718,1.0886047002566677,42.79861602783203,44.426293499467455,41.17093855619661,43.3100678521546,,,,43.45692825317383
2016-03-23,43.456934274338224,43.78424555750806,43.11283738670754,43.58282470703125,1517400,0.0,0,0.0025097456436584675,1.091336821160803,42.914226341247556,44.41341331296597,41.41503936952914,43.373015422954396,,,,43.759063720703125
2016-03-24,43.322650975473856,43.66674784988237,43.28068856669751,43.64157104492188,1043900,0.0,0,0.0013479240569085338,1.0928078603162357,43.024010467529294,44.391440251134156,41.65658068392443,43.45273986922549,42.053774488209044,,,44.0695915222168
2016-03-28,43.67513898575877,43.99405582982601,43.4401437514405,43.82620620727539,1313500,0.0,0,0.004230717591799271,1.0974312217553321,43.139271354675294,44.359719440864474,41.918823268486115,43.45273986922549,42.053774488209044,,,43.27229309082031
2016-03-29,43.68353730999622,44.01084860948329,43.61639809033247,43.96049499511719,1877900,0.0,0,0.0030641207501895806,1.1007938835338185,43.236625862121585,44.39041732901147,42.0828343952317,43.69192879503727,42.2081723809828,,,43.07926940917969
2016-03-30,44.08637979515554,44.34655186059472,43.91013575156448,44.31298065185547,1672200,0.0,0,0.0080182367550099,1.1096203095104593,43.32894496917724,44.51685411234995,42.14103582600454,43.81782161581775,42.2081723809828,,,42.7855224609375
2016-03-31,44.20387917813237,44.54797929152787,44.11995435144322,44.19548797607422,1794900,0.0,0,-0.0026514279575172717,1.1066782311995944,43.40783615112305,44.605956353489766,42.20971594875633,43.8304083391177,42.22075910428276,,,43.03730010986328
2016-04-01,44.0528041441484,44.92563300923385,43.97727053835459,44.85849380493164,2269500,0.0,0,0.015001663274231802,1.1232802453769732,43.50099411010742,44.83945717979041,42.16253104042443,44.019235197970694,43.01049029031003,,,43.389793395996094
2016-04-04,44.75778226582545,44.91724067334597,44.05280303008696,44.48921585083008,1868500,0.0,0,-0.008232063156364045,1.114033331454734,43.554706764221194,44.96032940795837,42.14908412048402,44.019235197970694,43.01049029031003,,,43.9688720703125
2016-04-05,44.28780319663481,44.28780319663481,43.616395039328594,43.91852951049805,3057100,0.0,0,-0.012827520769201906,1.0997430457579151,43.57442989349365,44.98891756464757,42.15994222233973,44.019235197970694,43.12733598126867,,,43.67513656616211
2016-04-06,43.960501564217175,44.27102730480904,43.85139671424213,44.161922454833984,1931900,0.0,0,0.0055419192547818685,1.1058377329185134,43.637375068664554,45.03858638660174,42.236163750727364,44.10316078796568,43.45273094140671,,,43.893348693847656
2016-04-07,44.05281302143004,44.39690991682546,43.75067853737031,43.88496017456055,1572800,0.0,0,-0.0062715177437462355,1.0989024519548107,43.70661449432373,45.00850654357817,42.40472244506929,44.182888380337175,43.51148143430755,,,43.69192123413086
2016-04-08,44.22905315330894,44.30458676763509,43.85138508167818,44.0695915222168,1270300,0.0,0,0.0042071668043413,1.1035257178718842,43.795576095581055,44.9287183529611,42.66243383820101,44.27101402428122,43.51148143430755,,,43.92692184448242
2016-04-11,44.18709677401608,44.36334083097943,44.06120633245544,44.19548797607422,1388800,0.0,0,0.002856764710286841,1.1066782311995946,43.879082679748535,44.859860120118206,42.898305239378864,44.27101402428122,43.51148143430755,,,43.63317489624024
2016-04-12,44.11994256019744,44.51439618357621,43.9688753513088,44.39690017700195,1541100,0.0,0,0.004557302343550784,1.1117216984961973,43.9575532913208,44.833707808029416,43.08139877461218,44.27101402428122,43.51148143430755,,,43.61639022827149
2016-04-13,44.715819099944326,44.7409991036288,44.20386944588512,44.64028549194336,1835400,0.0,0,0.005482033970188871,1.1178161946127496,44.04693450927734,44.8103190086721,43.28355000988258,44.27101402428122,43.51148143430755,,,43.2974739074707
2016-04-14,44.73261451767106,44.8333249499294,44.38012640400341,44.447265625,1453900,0.0,0,-0.004323894097366332,1.1129828757669231,44.096031761169435,44.828845843289336,43.363217679049534,44.26681785633728,43.51148143430755,,,43.80942153930664
2016-04-15,44.371730151639206,44.63190222578712,44.09477567408658,44.22905731201172,2571700,0.0,0,-0.0049093754119611255,1.1075188250026993,44.09015712738037,44.816631861944785,43.36368239281596,44.224859994629,43.51148143430755,,,43.82620620727539
2016-04-18,44.17869853556401,44.74939627178701,44.17869853556401,44.69903945922852,1460100,0.0,0,0.010626094603403802,1.1192874248122286,44.13169994354248,44.89706497636418,43.36633491072078,44.292001743649855,43.57442900510735,,,44.48921585083008
2016-04-19,44.75778225667532,45.36204788609474,44.75778225667532,45.28651428222656,2309300,0.0,0,0.013142895912425567,1.1339981029326227,44.213527297973634,45.09750992284373,43.32954467310354,44.55636321173253,43.87236088980889,,,44.43887710571289
2016-04-20,45.72294437155345,45.815263604853776,43.44015315368001,44.36334228515625,4090900,0.0,0,-0.020385141398101103,1.1108813912591629,44.258008575439455,45.07489294666055,43.44112420421836,44.62770837926689,44.0989687491884,,,44.78296661376953
2016-04-21,44.22904614656833,44.36332775059462,43.49049572366077,43.52406692504883,2293000,0.0,0,-0.018918217538993698,1.0898654954393021,44.25507068634033,45.08211716222551,43.428024210455156,44.62770837926689,44.338157675000176,,,45.085086822509766
2016-04-22,43.473714331265256,43.71710076259981,43.23032789993069,43.57442474365234,1603700,0.0,0,0.001157010871484676,1.0911264816659814,44.25171337127686,45.08928723081767,43.414139511736046,44.522795752392234,44.464050495780654,,,45.06821060180664
2016-04-25,43.56603911758496,43.6080015279882,43.19676542389909,43.33104705810547,1386400,0.0,0,-0.005585333299949591,1.0850321765934756,44.22695541381836,45.14009547085023,43.31381535678649,44.50601451437643,44.464050495780654,,,45.237037658691406
2016-04-26,43.473707736434,43.79262772906123,43.34782054042841,43.62477493286133,1614900,0.0,0,0.00677869321648239,1.092387276848615,44.21016941070557,45.15444049237856,43.265898329032574,44.50601451437643,44.464050495780654,,,45.346771240234375
2016-04-27,43.37300350223998,43.69192354018291,42.92819625040404,43.27229309082031,2326300,0.0,0,-0.008079854683112675,1.083560946393997,44.15813503265381,45.18595316763461,43.13031689767301,44.371729927628905,44.371729927628905,,,45.32989883422852
2016-04-28,43.05408340650959,43.74227708641845,43.00372980163047,43.45692825317383,2335700,0.0,0,0.00426682177360016,1.0881843078330937,44.121207046508786,45.19360078477682,43.04881330824075,44.371729927628905,44.371729927628905,,,45.83638000488281
2016-04-29,43.44014367566586,43.84299173335837,43.33104206150353,43.759063720703125,3366600,0.0,0,0.006952527011782728,1.0957499386271015,44.06623554229736,45.09308349037274,43.039387594221985,44.371729927628905,44.371729927628905,,,45.49872589111328
2016-05-02,43.75906586399884,44.4892220014673,43.64996104296628,44.0695915222168,3084100,0.0,0,0.007096308172762855,1.1035257178718854,44.0452543258667,45.05345305186392,43.03705559986948,44.371729927628905,44.371729927628905,42.75325717871726,,46.16558456420898
2016-05-03,43.6583523358676,43.78423954976063,43.04569226398136,43.27229309082031,2218300,0.0,0,-0.01809180443604841,1.0835609463939972,44.012942504882815,45.07586192680771,42.95002308295792,43.70870912593567,44.371729927628905,42.75325717871726,,46.41038513183594
2016-05-04,43.00373578981685,43.37300948363148,42.85266855109116,43.07926940917969,2436600,0.0,0,-0.004460676055126234,1.0787275320261476,43.9588098526001,45.09446744018393,42.82315226501627,43.67094527627923,44.33396607797247,42.950050588010036,,45.929237365722656
2016-05-05,43.12122811852038,43.27229534428003,42.70998884805768,42.7855224609375,2712500,0.0,0,-0.006818754177376873,1.0713719541608928,43.90383796691894,45.15072617245799,42.65694976137989,43.59960542476249,44.26262622645572,43.012996998400276,,45.49872589111328
2016-05-06,42.7435600605787,43.04569451214365,42.51695922190499,43.03730010986328,1544200,0.0,0,0.005884645890573248,1.077676598728221,43.85222339630127,45.15230950958604,42.5521372830165,43.50309061168615,44.16611141337938,43.02558372170023,,45.87858200073242
2016-05-09,43.03730211887365,43.49889822004906,42.97016290512868,43.389793395996094,1691000,0.0,0,0.008190413553661235,1.0865032157489083,43.81193866729736,45.11695736461053,42.506919969984196,43.50309061168615,44.16611141337938,43.51486274414036,,45.692867279052734
2016-05-10,43.5156704774649,44.01083446931117,43.339426480755,43.9688720703125,1417800,0.0,0,0.013345965237295587,1.101003649896503,43.79053726196289,45.069996529321685,42.51107799460409,43.50309061168615,44.16611141337938,43.51486274414036,,45.490272521972656
2016-05-11,43.968876590878864,44.119943804026384,43.599602959588346,43.67513656616211,1266800,0.0,0,-0.006680533075323458,1.0936483585973176,43.742279815673825,44.96059675705255,42.5239628742951,43.50309061168615,44.16611141337938,43.57328558961969,,45.08509826660156
2016-05-12,43.78424386982098,44.0276303228318,43.61639423473572,43.893348693847656,1002800,0.0,0,0.004996255188692622,1.0991125048835646,43.71458396911621,44.89157993008998,42.53758800814244,43.50309061168615,44.16611141337938,43.777945864686195,,45.24547958374024
2016-05-13,43.83459404265129,44.103157259946535,43.64156443031572,43.69192123413086,1046800,0.0,0,-0.004589020106935515,1.0940686554988697,43.68772716522217,44.84054567648602,42.53490865395832,43.31845151296569,44.16611141337938,43.84718490732236,,45.1863899230957
2016-05-16,43.70871538830378,44.18709391281519,43.448543319971,43.92692184448242,1364900,0.0,0,0.005378582669603116,1.099953194208692,43.64912128448486,44.71107320713484,42.58716936183489,43.35202656736009,44.16611141337938,43.891247729294385,,45.1357536315918
2016-05-17,43.85138131805087,44.14512134770485,43.51567568285244,43.63317489624024,1586200,0.0,0,-0.006687173512456734,1.0925976163434374,43.566454315185545,44.31350014528226,42.81940848508883,43.35202656736009,44.16611141337938,43.891247729294385,,45.32145309448242
2016-05-18,43.48210861162202,43.98566387367593,43.33943259307345,43.61639022827149,1132300,0.0,0,-0.0003846767513173699,1.0921773194418853,43.52910671234131,44.18067768163791,42.87753574304471,43.35202656736009,44.16611141337938,43.891247729294385,,43.135162353515625
2016-05-19,43.44854113936902,43.582822767553466,42.86105781548963,43.2974739074707,1183200,0.0,0,-0.007311845825197838,1.0841914872683485,43.517777061462404,44.17722285336427,42.85833126956054,43.52407586415241,44.16611141337938,43.891247729294385,,42.35010528564453
2016-05-20,43.599606305116026,44.10316158656295,43.36461106578458,43.80942153930664,1342000,0.0,0,0.01182396074491554,1.097010924853781,43.52952690124512,44.20098738656673,42.85806641592351,43.52407586415241,44.16611141337938,43.88914964532242,,43.0760612487793
2016-05-23,43.7674581990774,43.97727342879201,43.54085736680247,43.82620620727539,894800,0.0,0,0.00038312918497895865,1.0974312217553333,43.55428485870361,44.23119833230158,42.87737138510564,43.52407586415241,44.16611141337938,43.86817071446828,,43.844215393066406
2016-05-24,44.09476543190541,44.61510625781147,43.85977021897522,44.48921585083008,1202200,0.0,0,0.015128155068202753,1.114033331454735,43.59750690460205,44.38895230225482,42.80606150694928,43.73808203665055,44.16611141337938,43.933215374378605,,43.86954879760742
2016-05-25,44.539587544051095,44.65708358903352,44.29620105000058,44.43887710571289,1275000,0.0,0,-0.0011314819592678216,1.112772822838171,43.65583610534668,44.51279233377721,42.798879876916146,43.759070702261575,44.16611141337938,44.21436205077071,,44.00460052490234
2016-05-26,44.4220841345654,44.85850023038264,44.27101690133917,44.78296661376953,922900,0.0,0,0.007742983857087715,1.121389004842013,43.722138023376466,44.70471850707813,42.739557539674806,43.85977902293614,43.687729726143814,44.36333856422765,,43.60786437988281
2016-05-27,44.883662841397616,45.25293640499007,44.84170044577755,45.085086822509766,1235800,0.0,0,0.00674631967430539,1.1289542535479284,43.788439178466795,44.93865914543035,42.63821921150324,44.05699711023985,43.88494781344753,44.482933027133534,,44.046817779541016
2016-05-31,45.18638857612637,45.2032716039018,44.75588263823189,45.06821060180664,1748000,0.31,0,-0.0003743193568543912,1.1285316641178225,43.838370132446286,45.11433679870055,42.56240346619202,44.05699711023985,43.88494781344753,44.49342312408645,,44.10590744018555
2016-06-01,44.99223858611421,45.32144957745886,44.688350526378144,45.237037658691406,1198200,0.0,0,0.0037460341697701516,1.1327591822932754,43.936607360839844,45.32218062000698,42.551034101672705,44.09125369647424,43.919204399681924,44.48503250507854,,44.6292724609375
2016-06-02,45.1526212702018,45.372094169336194,44.88249607264781,45.346771240234375,917000,0.0,0,0.0024257464065373657,1.1355069688091957,44.04998245239258,45.506446006663545,42.59351889812161,44.36835261756039,43.944526695620596,44.48503250507854,,45.06821060180664
2016-06-03,45.270809839075305,45.41431076441632,45.07665982355636,45.32989883422852,1180800,0.0,0,-0.0003720751344449269,1.1350844749011129,44.17720127105713,45.613791100254375,42.74061144185988,44.47758406560939,43.965634993160656,44.371729927628905,,45.51560974121094
2016-06-06,45.43964004161058,45.94611809775379,45.346784979958905,45.83638000488281,2192000,0.0,0,0.01117322525925979,1.1477670294274716,44.317155265808104,45.82661425050274,42.807696281113465,44.902944158364505,44.23153865982939,44.371729927628905,,45.38898468017578
2016-06-07,45.97143785209377,45.98832088214432,45.47339973598309,45.49872589111328,1852100,0.0,0,-0.007366509173140634,1.1393119930765656,44.42260189056397,45.95292838736592,42.89227539376201,45.129668891741744,44.25264005202466,44.371729927628905,,45.60846328735352
2016-06-08,45.56625153078803,46.22467355510353,45.35521850041937,46.16558456420898,1577500,0.0,0,0.014656644994666568,1.1560104844972547,44.53243751525879,46.22528714721198,42.839587883305605,45.24784522822135,44.37081638850426,44.371729927628905,42.70000336817195,45.73507690429688
2016-06-09,45.96299612362624,46.47791724935893,45.912347035484,46.41038513183594,1098200,0.0,0,0.0053026636603394905,1.1621404192843698,44.66919994354248,46.500746247036,42.83765364004896,45.58313388786854,44.49743823563196,44.04021952678229,42.70000336817195,45.60846328735352
2016-06-10,45.96300342985156,46.22468237657783,45.65911529290961,45.929237365722656,1109600,0.0,0,-0.010367243554357586,1.1500922265132856,44.77099437713623,46.64501886586003,42.896969888412436,45.58313388786854,44.49743823563196,44.00245567712585,42.854401260945714,45.903900146484375
2016-06-13,45.88702592194975,46.10649887238944,45.48184286106273,45.49872589111328,1240000,0.0,0,-0.009373364316531574,1.1393119930765656,44.86133460998535,46.69180284063957,43.03086637933113,45.58313388786854,44.49743823563196,43.931115825609105,42.854401260945714,46.50323867797852
2016-06-14,45.431192982537,45.9207911851807,45.38898701819739,45.87858200073242,1540000,0.0,0,0.008348719709826646,1.1488237895688058,44.95891761779785,46.78779545840644,43.13003977718926,45.68020666100337,44.669487532424284,43.834601012532765,42.854401260945714,46.78180313110352
2016-06-15,46.089607139949855,46.10649016681264,45.65066132194983,45.692867279052734,1097800,0.0,0,-0.004047961239881492,1.1441733953971776,45.06190223693848,46.809888306178834,43.313916167698125,45.77728853645765,44.669487532424284,43.834601012532765,43.45530558811999,47.11101531982422
2016-06-16,45.33832850584306,45.70130551991843,45.22859366538902,45.490272521972656,2508100,0.0,0,-0.004433837689431952,1.1391003162734201,45.15559635162354,46.77873609345573,43.532456609791346,45.853255457373976,44.669487532424284,43.834601012532765,43.45530558811999,46.61297607421875
2016-06-17,45.33833726906217,45.42275241662146,44.966920280127184,45.08509826660156,2022900,0.0,0,-0.008906832887742966,1.1289545401139975,45.24497756958008,46.625266827123134,43.864688312037025,45.722418764743054,44.669487532424284,43.834601012532765,43.57215127907864,45.74352645874024
2016-06-20,45.53248462852231,45.76040068350587,45.22015665100043,45.24547958374024,1388000,0.0,0,0.0035573021531480897,1.1329705725303514,45.316780471801756,46.528256331266434,44.10530461233708,45.722418764743054,44.669487532424284,43.834601012532765,43.89754623921667,45.62533950805664
2016-06-21,45.25392203621051,45.490277991895546,44.97535689977453,45.1863899230957,1478200,0.0,0,-0.0013059793196616987,1.1314909363928414,45.384789657592776,46.38637882561487,44.38320048957068,45.722418764743054,44.669487532424284,43.74228146317253,43.95629673211751,45.70975875854492
2016-06-22,45.16951647520185,45.45652157659633,45.09354444188834,45.1357536315918,1127400,0.0,0,-0.0011206093602539324,1.130222977058477,45.41711654663086,46.338706479933926,44.49552661332779,45.59580132835251,44.669487532424284,43.75906899036974,43.95629673211751,45.4649658203125
2016-06-23,45.67599026505663,45.70131319863031,45.14418611924959,45.32145309448242,1664800,0.0,0,0.004114243098860104,1.134872989142013,45.46124534606933,46.267358217353454,44.65513247478521,45.53670957625831,44.669487532424284,43.75906899036974,43.95629673211751,45.15263366699219
2016-06-24,43.928648833623726,44.09747594982392,43.092956379492925,43.135162353515625,3786900,0.0,0,-0.04823964351736465,1.0801271207083163,45.37885513305664,46.65295377189771,44.10475649421557,44.59972327315278,44.669487532424284,43.75906899036974,43.95629673211751,44.90782928466797
2016-06-27,42.60334748798972,42.71308234089038,42.00401125856225,42.35010528564453,2679100,0.0,0,-0.018199933071704533,1.060468879402492,45.24210605621338,47.081945231840656,43.402266880586104,44.055250712687446,44.24096425396059,43.845093638765896,43.95629673211751,45.034446716308594
2016-06-28,42.69620436914112,43.0760612487793,42.307901144895325,43.0760612487793,2589200,0.0,0,0.01714177469544209,1.0786471980047374,45.14249858856201,47.21310127576925,43.07189590135478,43.88220597103406,44.24096425396059,43.845093638765896,43.95629673211751,44.70524215698242
2016-06-29,43.47279846830426,43.894864472850905,43.33773747565366,43.844215393066406,3311500,0.0,0,0.017832506548143945,1.097882181226294,45.07285747528076,47.2191973306736,42.926517619887925,43.88220597103406,44.24096425396059,43.845093638765896,43.95629673211751,44.66303634643555
2016-06-30,43.86110567285975,43.97928365845831,43.21956665670674,43.86954879760742,4529600,0.0,0,0.0005778049467621837,1.0985165429815686,44.998996353149415,47.20405975470888,42.79393295158995,43.88220597103406,44.24096425396059,43.95209672501497,44.01924430291731,44.66303634643555
2016-07-01,43.86953953842326,44.24939634907149,43.65006342282731,44.00460052490234,2293400,0.0,0,0.0030784845296216723,1.1018983091646708,44.9327314376831,47.17378894525572,42.69167393011048,43.85266222859628,44.24096425396059,43.962591057820475,44.0989687491884,44.46887969970703
2016-07-05,43.92019235684739,43.93707538534661,43.36306529680671,43.60786437988281,1888000,0.0,0,-0.009015787901426542,1.0919638277203016,44.821305656433104,47.09329286923534,42.54931844363087,43.85266222859628,44.24096425396059,43.773754374539976,44.0989687491884,44.6292724609375
2016-07-06,43.54877966035836,44.13122971020571,43.13515347184039,44.046817779541016,3141700,0.0,0,0.01006592287653274,1.1029554513940978,44.748710250854494,47.022277927010734,42.47514257469825,43.85266222859628,44.24096425396059,43.97097246184369,44.16611141337938,44.536415100097656
2016-07-07,43.9792863221702,44.316940490138585,43.89487439023251,44.10590744018555,1929800,0.0,0,0.001341519401929947,1.1044350875316074,44.64572639465332,46.83749842422306,42.45395436508359,43.16047587435042,44.24096425396059,43.97097246184369,44.16611141337938,44.70524215698242
2016-07-08,44.57018345931831,44.76433349608265,44.43512242417316,44.6292724609375,1656200,0.0,0,0.011866098015593796,1.1175404225321184,44.5566707611084,46.59191676528187,42.52142475693493,43.38417237732245,44.24096425396059,44.00522904807808,44.16611141337938,44.67991256713867
2016-07-11,44.72211658268103,45.161065644517365,44.72211658268103,45.06821060180664,1354700,0.0,0,0.009835207178278127,1.1285316641178222,44.5136194229126,46.46470279951612,42.56253604630908,43.734483394706345,44.24096425396059,44.15643965659049,44.16611141337938,44.536415100097656
2016-07-12,45.49028680394171,45.76040886851022,45.34678586593738,45.51560974121094,1432200,0.0,0,0.009927155603252746,1.1397347735507177,44.51446361541748,46.467283854447004,42.56164337638796,44.447781170175304,44.24096425396059,44.22160952938502,44.16611141337938,44.78120422363281
2016-07-13,45.53248559556033,45.68442963544309,45.32145256462411,45.38898468017578,1673300,0.0,0,-0.0027820139454378667,1.1365640155165992,44.48998374938965,46.384575389008056,42.59539210977125,44.447781170175304,44.24096425396059,44.56724140909695,44.23153865982939,44.865631103515625
2016-07-14,45.61690641290171,45.79417340810696,45.397430230173306,45.60846328735352,2093400,0.0,0,0.004835503784106576,1.1420598751145092,44.48576354980469,46.36985219162247,42.601674907986904,44.46466343997368,44.24096425396059,44.6911544718832,44.25264005202466,44.865631103515625
2016-07-15,45.72663378013424,45.920786994574144,45.549366814019606,45.73507690429688,2906000,0.0,0,0.0027760991670697788,1.1452303465825584,44.498003768920896,46.41131014967769,42.5846973881641,44.52797023320727,44.24096425396059,44.8093308083628,44.37081638850426,45.1357536315918
2016-07-18,45.92079453045865,45.92079453045865,45.60002338191423,45.60846328735352,1705100,0.0,0,-0.002768413775892542,1.142059875114509,44.5241720199585,46.48315275150979,42.565191288407206,44.527974001149516,44.11434681757004,45.04028606175025,44.49743823563196,44.906497955322266
2016-07-19,45.47339101304959,45.98831206043609,45.39741900244981,45.903900146484375,1302700,0.0,0,0.00647767624332074,1.1494577692359882,44.5570930480957,46.585127745343,42.5290583508484,44.9415932253343,44.05525506547585,45.04028606175025,44.49743823563196,44.55839157104492
2016-07-20,45.95455151124637,46.53700473564694,45.80260747184696,46.50323867797852,2240800,0.0,0,0.013056374939419024,1.1644655208481614,44.62293548583985,46.80951115825037,42.43635981342932,45.48606357991005,44.270507997104595,45.04028606175025,44.49743823563196,44.66027069091797
2016-07-21,46.50324119055949,46.9506302084589,46.30909117863883,46.78180313110352,2798600,0.0,0,0.005990216188037634,1.1714409210615577,44.70523796081543,47.08071599365067,42.32975992798019,45.836373395569964,44.477320733510574,45.174847096713826,44.49743823563196,44.5668830871582
2016-07-22,46.71427218841341,47.15322128228933,46.52012218498708,47.11101531982422,2052200,0.0,0,0.007037184689057341,1.1796845671753873,44.79471607208252,47.38391854640095,42.205513597764096,46.23733692345672,44.57861627042579,45.223388034440966,44.49743823563196,44.71969985961914
2016-07-25,47.15322010858527,47.22074900282687,46.54544395986871,46.61297607421875,2944800,0.0,0,-0.010571609255805914,1.1672134028861045,44.96860675811767,47.55574651574529,42.381467000490055,46.27110078372549,44.61238013069456,45.26137149489913,44.49743823563196,45.07630920410156
2016-07-26,45.76885261646273,46.25000775177241,45.0006923811342,45.74352645874024,4024100,0.0,0,-0.018652523153512957,1.145441927863681,45.13827781677246,47.44304919164914,42.83350644189578,46.11072069198053,44.61238013069456,45.19595314858367,44.49743823563196,45.23762512207031
2016-07-27,45.74351748722025,45.86169868649229,45.09353538171195,45.62533950805664,2236600,0.0,0,-0.002583686913386618,1.1424824645446152,45.26574172973633,47.37153801109331,43.15994544837935,46.11072069198053,44.61238013069456,45.19595314858367,44.49743823563196,44.73668670654297
2016-07-28,45.54937158374376,46.03896979297657,45.24548348423495,45.70975875854492,1956100,0.0,0,0.0018502711738368482,1.1445963669153763,45.359018898010255,47.36662557455747,43.35141222146304,46.11072069198053,44.61238013069456,45.19595314858367,44.49743823563196,44.71969985961914
2016-07-29,45.65911586130697,45.853265902301445,45.46496582031249,45.4649658203125,2193000,0.0,0,-0.005355375851478605,1.1384666231723075,45.438789749145506,47.325177901180034,43.55240159711098,46.11072069198053,44.61238013069456,45.132644430388396,44.49743823563196,45.03385925292969
2016-08-01,45.3889896571227,45.54937361898143,44.950040518231134,45.15263366699219,1858400,0.0,0,-0.006869732500288661,1.130645662010607,45.49619140625,47.26983433807255,43.72254847442745,46.085394760529,44.61238013069456,45.1030985543413,44.49743823563196,45.31404495239258
2016-08-02,45.22015726644059,45.28768938147709,44.77276827470345,44.90782928466797,1387600,0.0,0,-0.005421707715427826,1.124515631701469,45.56118965148926,47.13527799651071,43.98710130646781,45.99675863876516,44.61238013069456,44.63460540278854,44.49743823563196,44.45650100708008
2016-08-03,44.88250267911635,45.11041873490471,44.79809075627997,45.034446716308594,1549600,0.0,0,0.00281949570169604,1.1276861986915414,45.61057109832764,47.045947960444295,44.175194236210984,45.99675863876516,44.7643250738611,44.14810748332402,44.24096425396059,44.150840759277344
2016-08-04,44.975364213148985,45.12730827225629,44.63771325299524,44.70524215698242,1706000,0.0,0,-0.007310061149412461,1.1194427436217578,45.64053783416748,46.968933289931165,44.3121423784038,45.92923112791105,45.17795123733363,44.061585112497326,44.24096425396059,44.75366973876953
2016-08-05,44.87406940481412,44.94160152914754,44.5195354123904,44.66303634643555,1943500,0.0,0,-0.0009440908607243337,1.1183858879584003,45.64222602844238,46.96549706753929,44.31895498934547,45.3847715820814,45.17795123733363,44.061585112497326,44.24096425396059,44.07442092895508
2016-08-08,44.73900837625619,44.95004143463476,44.38447438383248,44.66303634643555,1782200,0.0,0,0.0,1.1183858879584003,45.62196731567383,46.991868126212495,44.25206650513516,45.21172208840453,45.17795123733363,44.061585112497326,44.24096425396059,44.04046630859375
2016-08-09,44.7052356594733,44.90782878220757,44.4519966711368,44.46887969970703,1802600,0.0,0,-0.004347143916112461,1.1135241035496959,45.569630813598636,47.0298013698245,44.109460257372774,45.21172208840453,45.17795123733363,44.046813241278436,44.24096425396059,44.59235000610352
2016-08-10,44.57018345931831,44.654598618852205,44.274738451222376,44.6292724609375,1080800,0.0,0,0.0036068541036693436,1.1175404225321188,45.53164520263672,47.04771118038923,44.015579224884206,45.06400217676191,45.17795123733363,44.046813241278436,44.24096425396059,44.30367660522461
2016-08-11,44.78965734553815,44.91627524814949,44.46044307048729,44.536415100097656,1062300,0.0,0,-0.002080638014458347,1.1152152254463046,45.47804279327393,47.054719508089356,43.9013660784585,44.9120560351019,45.55781169652969,44.046813241278436,44.24096425396059,44.4140510559082
2016-08-12,44.53641506685109,44.7980972175601,44.527975161393535,44.70524215698242,1039800,0.0,0,0.003790764400442237,1.1194427436217576,45.426551055908206,47.03359230297969,43.81950980883672,44.78121391634973,45.74774372702463,43.700720064155504,44.24096425396059,44.49895477294922
2016-08-15,44.705235499849366,44.739001556869255,44.59550064469738,44.67991256713867,844700,0.0,0,-0.0005665910443970468,1.1188084773885063,45.38012351989746,47.017160056034896,43.74308698376002,44.70102336173933,45.74774372702463,43.81256831564152,44.24096425396059,44.431034088134766
2016-08-16,44.69680228489116,44.69680228489116,44.46044307048729,44.536415100097656,958600,0.0,0,-0.003211677436149585,1.1152152254463048,45.31174926757812,46.96989342212725,43.653605113028995,44.70102336173933,45.74774372702463,43.98772382433347,44.24096425396059,44.762168884277344
2016-08-17,44.6208202947501,44.86561935997229,44.46887626944724,44.78120422363281,2201600,0.0,0,0.005496381399018757,1.1213448736673504,45.22564754486084,46.803411022633064,43.64788406708862,44.61238994292857,45.74774372702463,44.34437271206795,44.24096425396059,45.28009033203125
2016-08-18,44.76433291339353,44.89939394678062,44.63771500590448,44.865631103515625,972100,0.0,0,0.0018853195519530352,1.1234589670821578,45.129838943481445,46.5400866228207,43.71959126414219,44.61238994292857,45.74774372702463,44.34437271206795,44.24096425396059,45.12726211547852
2016-08-19,44.696804006754505,44.8825109150936,44.52797690999339,44.865631103515625,1025400,0.0,0,0.0,1.1234589670821578,45.01756973266602,46.09383052249712,43.941308942834915,44.59550684968593,45.74774372702463,44.35281384696714,44.24096425396059,45.41593551635742
2016-08-22,44.77277649688381,45.16107656932661,44.67147830572641,45.1357536315918,1401200,0.0,0,0.006020700510217525,1.1302229770584777,44.94370861053467,45.73393858294668,44.153478638122664,44.71790751027449,45.74774372702463,44.38446724358393,44.24096425396059,45.55177688598633
2016-08-23,45.1781951723228,45.29706229989975,44.89800883430376,44.906497955322266,1900300,0.31,0,-0.005079247776402895,1.124482294515414,44.90185718536377,45.60065483708683,44.203059533640705,44.87875268519352,45.74774372702463,44.32116040935978,44.24096425396059,45.398956298828125
2016-08-24,44.931974483976205,44.9744298113277,44.473487394115416,44.55839157104492,1446500,0.0,0,-0.007751804307333798,1.1157655278212688,44.848509788513184,45.476865108620174,44.22015446840619,44.87875268519352,45.74774372702463,44.498424145405075,44.24096425396059,45.48385238647461
2016-08-25,44.59234800709856,44.99989382667378,44.1508392261705,44.66027069091797,2188600,0.0,0,0.0022864182543620437,1.1183166344916673,44.79603538513184,45.2868367229089,44.30523404735477,44.72395076303512,45.685794114498684,44.87828578850733,44.270507997104595,45.55177688598633
2016-08-26,44.7961250082992,45.084803738828114,44.414052980473095,44.5668830871582,1316700,0.0,0,-0.0020910666754815344,1.1159781598446452,44.751131248474124,45.1421247936195,44.360137703328746,44.72395076303512,45.685794114498684,45.15684706454027,44.477320733510574,45.39046478271485
2016-08-29,44.59234362538961,44.88102229075019,44.40555059518984,44.71969985961914,915200,0.0,0,0.0034289311227369,1.1198047720892312,44.72948455810547,45.07384929996226,44.385119816248675,44.72395076303512,45.685794114498684,45.40797659694125,44.57861627042579,45.16121673583984
2016-08-30,44.770649027434914,45.11876128666386,44.50744093333057,45.07630920410156,1741900,0.0,0,0.007974323298274966,1.128734457372822,44.73790855407715,45.106947762788,44.3688693453663,44.72395076303512,45.20042348897145,45.441740457210024,44.61238013069456,44.62631607055664
2016-08-31,44.9574388064354,45.25460660163698,44.6942307314811,45.23762512207031,1942700,0.0,0,0.0035787295104026118,1.1327738926848303,44.748067474365236,45.15853449367421,44.33760045505626,44.72395076303512,45.09490450957354,45.36155041133755,44.61238013069456,44.45650100708008
2016-09-01,45.11027281176877,45.407440632847184,44.651782540202376,44.73668670654297,1960400,0.0,0,-0.011073490577270584,1.1202301316580068,44.749639701843265,45.15967451620251,44.33960488748402,44.779139929508844,45.09490450957354,45.36155041133755,44.61238013069456,44.600833892822266
2016-09-02,44.95743732684228,45.12724887803426,44.58385126644274,44.71969985961914,1562300,0.0,0,-0.00037970730902037175,1.1198047720892315,44.75247287750244,45.16083654119317,44.34410921381171,44.779139929508844,45.00205256423597,45.36155041133755,44.61238013069456,43.93857192993164
2016-09-06,44.85555855439751,45.050840734535576,44.73668818315629,45.03385925292969,1432800,0.0,0,0.007025078305461285,1.1276714882999876,44.771014022827146,45.19499805214459,44.3470299935097,44.779139929508844,44.85010642257596,45.36155041133755,44.61238013069456,44.19329071044922
2016-09-07,44.957443560442016,45.364989396479686,44.73668754161761,45.31404495239258,1324200,0.0,0,0.006221667521081109,1.134687485373193,44.81327228546142,45.27555626316369,44.35098830775915,44.779139929508844,44.779139929508844,45.34888744561178,44.61238013069456,44.61781692504883
2016-09-08,44.96593249023665,45.11027346175906,44.2272558679937,44.45650100708008,3495700,0.0,0,-0.01892446251958846,1.113214134584802,44.804633712768556,45.28660387008221,44.3226635554549,44.81734825042044,44.779139929508844,45.30456938472986,44.61238013069456,45.44990158081055
2016-09-09,44.38857501922981,44.59234955553648,44.1253701568214,44.150840759277344,3255700,0.0,0,-0.006875490442985077,1.1055602414414682,44.78535499572754,45.33551083606563,44.235199155389445,44.766405394834294,44.766405394834294,45.38054185631313,44.61238013069456,45.398956298828125
2016-09-12,44.06593754646917,44.84706626831314,44.00650398019349,44.75366973876953,2603300,0.0,0,0.013653850507150622,1.1206553957047594,44.78777637481689,45.33691484849284,44.23863790114095,44.70697230652034,44.70697230652034,45.55359118262234,44.61238013069456,45.75555038452149
2016-09-13,44.43102551906243,44.56687411555903,43.9640429321497,44.07442092895508,2121700,0.0,0,-0.015177499717437204,1.1036466487531058,44.75750179290772,45.388678235706195,44.12632535010924,44.68574178249844,44.68574178249844,45.281361409707515,44.61238013069456,46.12065124511719
2016-09-14,44.06594015199415,44.19329641344956,43.88763620373795,44.04046630859375,1618500,0.0,0,-0.0007703928865239185,1.1027964072256704,44.73270435333252,45.43268143220494,44.03272727446011,44.64753841829257,44.64753841829257,45.19483666286908,44.61238013069456,45.891395568847656
2016-09-15,43.87914398015341,44.75366922143177,43.62442823636117,44.59235000610352,2358300,0.0,0,0.012531286422870602,1.1166158648707278,44.72326164245606,45.42548293906909,44.021040345843026,44.49470881642043,44.515934434604176,45.19483666286908,44.61238013069456,46.35837936401367
2016-09-16,44.33763957216734,44.44801435640103,44.03197934745637,44.30367660522461,5685100,0.0,0,-0.0064736081601306505,1.1093873312961693,44.69516391754151,45.41725798316235,43.97306985192066,44.49470881642043,44.515934434604176,45.120976707047774,44.61238013069456,46.63856887817383
2016-09-19,44.532918191759904,44.79612306717824,44.2102765095292,44.4140510559082,1359300,0.0,0,0.002491315826158358,1.112151165511967,44.67258491516113,45.40022544703115,43.944944383291116,44.49470881642043,44.515934434604176,45.23493386581579,44.61238013069456,38.75934219360352
2016-09-20,44.7281999207012,44.96593418997592,44.48197329101724,44.49895477294922,1442000,0.0,0,0.0019116409114345867,1.1142771991796592,44.640744972229,45.33937360436769,43.942116340090315,44.36735084906012,44.515934434604176,45.26447882168718,44.61238013069456,38.86972427368164
2016-09-21,44.711220455433775,44.864050560828375,43.99801437655452,44.431034088134766,1821200,0.0,0,-0.0015263433750525301,1.1125764295587193,44.616971778869626,45.31008722319649,43.92385633454276,44.29518121316855,44.515934434604176,45.22438354438198,44.61238013069456,39.01406097412109
2016-09-22,44.66877234057627,44.940469610131984,44.566886674214615,44.762168884277344,1700000,0.0,0,0.00745278166350416,1.1208682187721815,44.62716064453125,45.32254397657362,43.93177731248888,44.29518121316855,44.515934434604176,45.22438354438198,44.61238013069456,37.91877365112305
2016-09-23,45.03386368285451,45.36499450952617,44.881033572254246,45.28009033203125,2264300,0.0,0,0.011570517261861868,1.1338372438457573,44.658151626586914,45.41024826114013,43.906054992033695,44.49471137294367,44.515934434604176,45.1800668349766,44.61238013069456,38.22443008422852
2016-09-26,45.12726211547852,45.21216629653697,44.87254309452936,45.12726211547852,1827400,0.0,0,-0.003375174727613506,1.1300103450351022,44.68617057800293,45.464171382745306,43.90816977326055,44.49471137294367,44.515934434604176,45.1800668349766,44.61238013069456,38.46217727661133
2016-09-27,45.13574592186928,45.50083968741573,45.04234939037323,45.41593551635742,1427500,0.0,0,0.006396873804136449,1.1372388786096606,44.72098236083984,45.562311566843086,43.879653154836596,44.56263396188845,44.56263396188845,45.17162528835528,44.61238013069456,37.93575668334961
2016-09-28,45.41592829057496,45.57724748547408,45.22913525730208,45.55177688598633,1172300,0.0,0,0.0029910507861272695,1.1406404178515406,44.74475574493408,45.65006047005407,43.83945101981409,44.787630931014306,44.60083786091762,45.23282561864956,44.61238013069456,37.188594818115234
2016-09-29,45.509331078932014,46.01027348649023,45.39046393796679,45.398956298828125,1803000,0.0,0,-0.0033548765296401717,1.1368137100849316,44.75282230377197,45.678419584869935,43.82722502267401,45.00414393152238,44.817350861425695,45.31324820610907,44.61238013069456,36.93387985229492
2016-09-30,45.57724890602203,45.814983145680095,45.32253318654751,45.48385238647461,2778000,0.0,0,0.0018700008671492796,1.1389395527085775,44.79018058776855,45.76950947394715,43.810851701589954,45.00414393152238,44.817350861425695,45.31324820610907,44.61238013069456,37.91028594970703
2016-10-03,45.36498385271345,45.63668104353618,45.21215377801492,45.55177688598633,2116300,0.0,0,0.0014933761312601046,1.1406404178515406,44.83178443908692,45.865398056761585,43.79817082141225,45.00414393152238,44.817350861425695,45.2048724387669,44.61238013069456,37.91028594970703
2016-10-04,45.46687983745558,45.66216203537374,45.34801269427816,45.39046478271485,1271400,0.0,0,-0.0035412911262546753,1.1366010780615554,44.84961471557617,45.90882356868974,43.790405862462606,45.28858008035242,44.817350861425695,45.2048724387669,44.61238013069456,38.31782531738281
2016-10-05,45.44989545322432,45.59423643135983,45.13574613218098,45.16121673583984,1264800,0.0,0,-0.0050505772076234745,1.1308605865625374,44.841973304748535,45.88968876088687,43.7942578486102,45.4414082905098,44.817350861425695,45.2048724387669,44.61238013069456,38.09708404541016
2016-10-06,45.16971055878297,45.16971055878297,44.57537162270294,44.62631607055664,1938800,0.0,0,-0.011844248316248307,1.1174663929642326,44.850464057922366,45.88814246441816,43.81278565142657,45.29282255459658,44.817350861425695,44.962187126003286,44.61238013069456,37.4348258972168
2016-10-07,44.75366883244035,44.82159475760063,44.37159360062972,44.45650100708008,1271500,0.0,0,-0.0038052673496077327,1.113214134584802,44.8657470703125,45.86986206584709,43.861632074777916,45.19093354355998,44.817350861425695,44.90942763630433,44.61238013069456,36.56877517700195
2016-10-10,44.600833892822266,44.74517484865875,44.57536329309831,44.600833892822266,977700,0.0,0,0.0032466092128842217,1.1168283058500579,44.85810527801514,45.86788766256937,43.8483228934609,45.19093354355998,44.817350861425695,44.93702221954119,44.61238013069456,37.00180435180664
2016-10-11,44.464984831672695,44.55838134819962,43.70932681815263,43.93857192993164,1421600,0.0,0,-0.014848645307441344,1.1002449184671796,44.85131282806397,45.8839098353778,43.818715820750135,44.85980015232143,44.817350861425695,44.890596246872406,44.61238013069456,37.893310546875
2016-10-12,43.93857498152199,44.28668723346266,43.84517845850855,44.19329071044922,2320400,0.0,0,0.005797156560385597,1.1066232105143026,44.85895404815674,45.869217966532645,43.848690129780834,44.76215498191637,44.817350861425695,44.8146231760424,44.61238013069456,37.12066650390625
2016-10-13,44.11687460009914,44.6942319657661,43.75178087654837,44.61781692504883,2471600,0.0,0,0.009606123639469777,1.11725356989681,44.860227394104,45.869193298531435,43.85126148967657,44.685744426763186,44.817350861425695,44.779139929508844,44.61238013069456,36.46223068237305
2016-10-14,44.83009197675149,45.5942425784062,44.77915076256582,45.44990158081055,2776800,0.0,0,0.018649156617400076,1.138089406703165,44.9175386428833,45.92372279599907,43.91135448976753,44.685744426763186,44.817350861425695,44.79824408996464,44.61238013069456,36.41947555541992
2016-10-17,45.34801185032017,45.594238493111945,45.27159679700157,45.398956298828125,1634900,0.0,0,-0.0011209107217061698,1.1368137100849312,44.966783905029295,45.96588601324818,43.96768179681041,44.651784698279414,44.817350861425695,44.766405394834294,44.7643250738611,36.69310760498047
2016-10-18,45.5857388222787,46.08668114950753,45.42441961953544,45.75555038452149,2470100,0.0,0,0.00785467585083155,1.1457430132804294,45.02961368560791,46.06101201640622,43.99821535480961,44.89800398383008,44.85555469293435,44.70697230652034,45.17795123733363,36.86413192749024
2016-10-19,45.9423505346759,46.13763272785731,45.6621609277939,46.12065124511719,2150100,0.0,0,0.007979378622428479,1.154885330587396,45.11409454345703,46.2109795870922,44.01720949982186,44.92347977300497,44.88103048210924,44.68574178249844,45.17795123733363,37.11211395263672
2016-10-20,45.72158401925133,45.89988792771472,45.44988683545156,45.891395568847656,2766800,0.0,0,-0.0049707814196098266,1.1491446480443324,45.170555877685544,46.30518639918402,44.03592535618707,44.92347977300497,44.88103048210924,44.64753841829257,45.17795123733363,37.12921524047852
2016-10-21,45.61970277687573,46.39234232497975,45.40743912916709,46.35837936401367,1964800,0.0,0,0.010175846460485971,1.1608381675437207,45.22447032928467,46.4728614311437,43.97607922742564,45.05083457156619,45.05083457156619,44.5053216255123,45.17795123733363,37.11211395263672
2016-10-24,46.43479435150599,46.68951331956234,46.400834629466544,46.63856887817383,2959200,0.0,0,0.00604398855188748,1.167854260138949,45.300035667419436,46.69208179395675,43.90798954088212,45.22064709805535,45.199420068857485,44.5053216255123,45.17795123733363,36.855587005615234
2016-10-25,39.81216804058481,41.56971073128688,38.64896419324889,38.75934219360352,21052100,0.0,0,-0.16894229120005588,0.9705542856433289,44.96720600128174,48.15105974772039,41.78335225484309,42.66923875640561,42.66923875640561,44.5053216255123,45.42258861959402,36.00901412963867
2016-10-26,38.86123515154189,40.33858855925107,38.79330921887691,38.86972427368164,8012000,0.0,0,0.002847883215529201,0.9733183109031724,44.633103370666504,48.77239139582276,40.49381534551025,42.66923875640561,42.66923875640561,44.441642641832146,45.42258861959402,35.97480010986328
2016-10-27,39.048023936721584,39.226324632044616,38.74236375108989,39.01406097412109,3422600,0.0,0,0.0037133451069313317,0.9769325776904514,44.313858604431154,49.108317945666855,39.51939926319545,42.66923875640561,42.66923875640561,44.40555782388636,45.42258861959402,36.26554870605469
2016-10-28,39.01405472798712,39.1329218391719,37.61311351442741,37.91877365112305,4726200,0.0,0,-0.028074168534379718,0.9495060078576436,43.935604667663576,49.4492660845785,38.421943250748654,42.151313416994874,42.151313416994874,44.40555782388636,45.42258861959402,36.25700759887695
2016-10-31,37.91876997714849,38.51310871437237,37.893299381187006,38.22443008422852,2634200,0.0,0,0.00806082063512159,0.9571598054789544,43.569237327575685,49.562940792064516,37.575533863086854,42.151313416994874,42.151313416994874,44.50532290377392,45.42258861959402,37.11211395263672
2016-11-01,38.42821431126583,38.53859232919538,37.99519783921396,38.46217727661133,2580200,0.0,0,0.006219770755480747,0.9631131200453941,43.222822952270505,49.550705461676635,36.894940442864375,42.151313416994874,42.151313416994874,44.50532290377392,45.42258861959402,35.90640640258789
2016-11-02,38.360283948616384,39.251790557899405,37.92726432426812,37.93575668334961,3846300,0.0,0,-0.013686708099643452,0.9499312719043959,42.861549949646,49.52536452553382,36.19773537375818,42.151313416994874,42.151313416994874,44.56263396188845,45.42258861959402,36.53063201904297
2016-11-03,37.93576385308534,38.22444257758153,37.09519828388314,37.188594818115234,3299500,0.0,0,-0.019695451746776782,0.9312219463758485,42.48966388702392,49.54121828551386,35.43810948853399,41.89235580172274,41.89235580172274,44.694234395965964,45.42258861959402,36.06031799316406
2016-11-04,37.2819921535312,37.35840720691901,36.92539073031258,36.93387985229492,2549800,0.0,0,-0.006849276426444506,0.9248437498507487,42.113532829284665,49.50346487803909,34.72360078053024,39.24755073079973,41.80745202493746,44.91074739647404,45.42258861959402,35.94915771484375
2016-11-07,37.58764432235808,37.92726419003794,37.36688833142449,37.91028594970703,1944400,0.0,0,0.02643659700299361,0.9492934713562904,41.779005432128905,49.2943112150006,34.26369964925721,38.631989644781825,41.80745202493746,44.91074739647404,45.42258861959402,36.872684478759766
2016-11-08,38.06311602377306,38.23292433817,37.82537855362258,37.91028594970703,1633600,0.0,0,0.0,0.9492934713562904,41.47759113311768,49.10619858864963,33.84898367758572,38.08859064410599,41.80745202493746,44.91074739647404,45.42258861959402,36.5135383605957
2016-11-09,37.38386355017509,38.36876650761666,37.04424373936946,38.31782531738281,2231200,0.0,0,0.010750100070899826,0.9594984711700224,41.183817863464355,48.8241184683667,33.54351725856201,38.08859064410599,41.80745202493746,45.052965470889056,45.42258861959402,36.88978576660156
2016-11-10,38.33482156736823,38.76783804566063,38.05463195755979,38.09708404541016,2191600,0.0,0,-0.005760798535518918,0.9539709937824735,40.85778121948242,48.439766201610084,33.275796237354754,38.08859064410599,41.80745202493746,45.12937957596775,45.42258861959402,37.01805877685547
2016-11-11,37.9867128074003,38.36878487257213,37.21407307647559,37.4348258972168,2717400,0.0,0,-0.01738343405505738,0.9373877019216184,40.457027435302734,47.86933763152008,33.04471723908539,38.08859064410599,41.80745202493746,45.05508670801114,44.937217994066785,37.01805877685547
2016-11-14,37.349906961088415,37.494244664007184,36.517830743620536,36.56877517700195,4815800,0.0,0,-0.02313489376423772,0.9157013370217588,40.01551837921143,47.24551722491639,32.785519533506466,37.884810650759974,41.60367203159144,45.00414220249284,44.83169901466887,36.99239730834961
2016-11-15,36.56878465307052,37.00180435180664,36.288598294082334,37.00180435180664,3810500,0.0,0,0.011841500643888558,0.9265446149937115,39.57783107757568,46.40958502114562,32.746077134005745,37.52821816987148,41.489055806822336,45.00414220249284,44.83169901466887,36.57339477539063
2016-11-16,37.79142165523525,38.479157098814255,37.55368738584886,37.893310546875,3289100,0.0,0,0.024093587074621503,0.9488683983535842,39.16646404266358,45.32331940460077,33.00960868072639,37.52821816987148,41.489055806822336,44.83857550687356,44.817350861425695,36.556297302246094
2016-11-17,37.43481578510051,37.45179726501454,36.942362584252,37.12066650390625,3509100,0.0,0,-0.020389985245891085,0.9295209857108623,38.7279275894165,44.097420275991404,33.3584349028416,37.52821816987148,41.489055806822336,44.78975292167103,44.817350861425695,36.5135383605957
2016-11-18,37.00095593107312,37.197632677928254,36.12873518718319,36.46223068237305,7806100,0.31,0,-0.017737715497751494,0.9130334069171335,38.233120155334475,42.369189609901014,34.09705070076794,37.44828661642191,41.40912425337277,44.751547644094444,44.817350861425695,36.12018966674805
2016-11-21,36.428025300086965,36.77862354772853,36.19714631189788,36.41947555541992,2110600,0.0,0,-0.0011725867055576433,0.9119627960824525,37.722165489196776,39.28145998634088,36.162870992052675,37.44828661642191,41.40912425337277,44.751547644094444,44.817350861425695,36.00046157836914
2016-11-22,36.54773913311048,36.77006834362217,36.19714093752401,36.69310760498047,3104100,0.0,0,0.007513344038800218,0.9188146863200062,37.61885375976563,39.16314870879767,36.074558810733585,37.44828661642191,41.40912425337277,44.734567779852554,44.817350861425695,35.87220001220703
2016-11-23,36.73586294207999,36.96674515860895,36.51353373098681,36.86413192749024,1727500,0.0,0,0.004660938625066446,0.9230972251807534,37.51857414245605,38.982469443475395,36.05467884143671,37.303946142998726,41.40912425337277,44.876779338382214,44.85555469293435,36.14583969116211
2016-11-25,37.05225596739178,37.56532534435281,36.8128207643965,37.11211395263672,1175600,0.0,0,0.006726918882404398,0.929306825335117,37.42347679138184,38.72256502102269,36.124388561740986,37.303946142998726,41.40912425337277,44.902255127557105,44.88103048210924,36.34251022338867
2016-11-28,37.11211575416323,37.40285595175864,36.983846772688665,37.12921524047852,2113100,0.0,0,0.00046080069337017804,0.929735050564585,37.38399887084961,38.66822416275592,36.0997735789433,37.303946142998726,41.40912425337277,44.902255127557105,44.88103048210924,36.35961532592773
2016-11-29,37.19762442812504,37.29168790837152,37.00094772488946,37.11211395263672,1717200,0.0,0,-0.0004605884538911864,0.9293068253351171,37.32838306427002,38.55674026364919,36.10002586489085,37.303946142998726,41.40912425337277,45.05083457156619,45.00838528067046,36.351070404052734
2016-11-30,37.11212503270238,37.24894379154115,36.855587005615234,36.855587005615234,3326500,0.0,0,-0.006912215977480263,0.9228832558490543,37.248053550720215,38.37413159466411,36.12197550677632,36.847030265768,38.849222959235036,45.21003358345642,45.15697077796175,36.22279357910156
2016-12-01,36.94109274105995,37.00950047460554,35.786681656079935,36.00901412963867,2641700,0.0,0,-0.022970001151998543,0.9016846263990413,37.15171642303467,38.353924577937974,35.94950826813137,36.67600350021637,38.0626351076655,42.66923875640561,42.66923875640561,35.701175689697266
2016-12-02,36.17147678248826,36.36815345511325,35.923491875346535,35.97480010986328,2336500,0.0,0,-0.0009501515273985239,0.9008278893740366,37.09102668762207,38.398770666870895,35.78328270837324,36.67600350021637,37.519236106989666,42.66923875640561,42.66923875640561,35.56435775756836
2016-12-05,36.274098449460624,36.91543685142717,36.18003822393213,36.26554870605469,4725500,0.0,0,0.008082007274633707,0.9081083869291504,37.05761013031006,38.41350849461568,35.70171176600444,36.67600350021637,37.519236106989666,42.66923875640561,42.66923875640561,35.92350387573242
2016-12-06,36.16294408892723,36.40237610551447,35.90640931943854,36.25700759887695,3815100,0.0,0,-0.00023551573001046044,0.9078945131194742,36.97494621276856,38.314132917576856,35.63575950796026,36.67600350021637,37.519236106989666,42.151313416994874,42.151313416994874,36.22279357910156
2016-12-07,36.23989340219054,37.206174170867655,36.19713816444638,37.11211395263672,3589000,0.0,0,0.02358458158544363,0.9293068253351171,36.93503761291504,38.205430121454405,35.66464510437567,36.67600350021637,37.519236106989666,42.151313416994874,42.151313416994874,36.23133850097656
2016-12-08,35.22230939016845,36.22279915052128,35.0598381438278,35.90640640258789,5932700,0.0,0,-0.03248824768073244,0.8991152750222347,36.814466667175296,37.99023762427013,35.63869571008046,36.23134704779322,37.1558143508636,42.151313416994874,42.151313416994874,35.82088851928711
2016-12-09,35.761024724590776,36.7444114606113,35.48738730034454,36.53063201904297,3558500,0.0,0,0.017384797839588018,0.9147462123129818,36.736144065856934,37.75658339461535,35.71570473709852,36.17576302609966,36.913838094744214,42.151313416994874,42.151313416994874,35.44464111328125
2016-12-12,36.51353266962817,36.76151762780457,35.96625777021523,36.06031799316406,2188500,0.0,0,-0.012874511057835991,0.9029693020874447,36.6674186706543,37.67531003925726,35.65952730205134,36.15439096768448,36.913838094744214,41.89235580172274,41.89235580172274,35.01707458496094
2016-12-13,36.20569243540887,36.39381941943074,35.88929972211242,35.94915771484375,3137200,0.0,0,-0.0030826205787033434,0.9001857903348925,36.636437797546385,37.6920445508347,35.58083104425807,36.13300615734772,36.913838094744214,40.527501377868596,41.80745202493746,34.666473388671875
2016-12-14,37.04370871832496,37.43706218591368,36.239899032989406,36.872684478759766,3850800,0.0,0,0.025689802560650232,0.9233113855564988,36.62998180389404,37.678042369561794,35.581921238226286,36.24845016487074,36.913838094744214,40.21972083485964,41.80745202493746,34.80329895019531
2016-12-15,36.898342103600505,37.018058098753954,36.470783114043215,36.5135383605957,2573700,0.0,0,-0.009740167368908148,0.91431817812756,36.56099319458008,37.432332407760335,35.68965398139982,36.24845016487074,36.913838094744214,39.94802133452173,41.80745202493746,35.05983352661133
2016-12-16,36.624701304698746,36.9239912655619,36.48787930885739,36.88978576660156,5250700,0.0,0,0.010304326091056026,0.9237396107859667,36.54944915771485,37.396336441917114,35.70256187351258,36.24845016487074,36.913838094744214,39.94802133452173,41.80745202493746,34.81185531616211
2016-12-19,36.89834277950905,37.10356927152683,36.62470528214115,37.01805877685547,2812800,0.0,0,0.0034771958575601225,0.9269516343340558,36.577240562438966,37.44727304838556,35.70720807649237,36.24845016487074,36.76949762132102,39.94802133452173,41.80745202493746,34.96577072143555
2016-12-20,37.00950577017856,37.22328526887325,36.804279278160784,37.01805877685547,1947600,0.0,0,0.0,0.9269516343340558,36.607169723510744,37.49463320326032,35.719706243761166,36.24845016487074,36.76949762132102,39.94802133452173,41.80745202493746,35.11969757080078
2016-12-21,36.9838475650088,37.1719745386643,36.69310736118475,36.99239730834961,2338800,0.0,0,-0.000693214861982594,0.9263090576847964,36.6221342086792,37.525017158841514,35.719251258516884,36.46222474312911,36.76949762132102,39.74424134117571,41.60367203159144,34.98286819458008
2016-12-22,37.248938732539614,37.248938732539614,36.31686004516151,36.57339477539063,3353300,0.0,0,-0.011326720176213168,0.915817014191709,36.60759735107422,37.50369031149279,35.71150439065565,36.66318095401305,36.76949762132102,39.50863698834691,41.489055806822336,35.33346939086914
2016-12-23,36.599052553120266,36.77862656400171,36.37672329136465,36.556297302246094,1138000,0.0,0,-0.00046748389777706567,0.9153888844842641,36.57980651855469,37.44521211767876,35.714400919430624,36.66318095401305,36.3125817440903,39.50863698834691,41.489055806822336,35.61566162109375
2016-12-27,36.68456260882186,36.86413660155203,36.35106385687356,36.5135383605957,775500,0.0,0,-0.0011696737581725625,0.91431817812756,36.54902267456055,37.376640824081576,35.72140452503952,36.838480609451544,36.3125817440903,39.50863698834691,41.489055806822336,36.30830383300781
2016-12-28,36.50499019880512,36.62470947186323,35.84654887606045,36.12018966674805,1459200,0.0,0,-0.010772680805762325,0.9044685202396856,36.499426460266115,37.304459727923515,35.694393192608715,36.54774380430003,36.3125817440903,39.42870543489734,41.40912425337277,35.90640640258789
2016-12-29,36.23989680383895,36.25699955294507,35.85509310399091,36.00046157836914,1218600,0.0,0,-0.0033147137233646706,0.9014704660232958,36.45667018890381,37.272376391151724,35.64096398665589,36.54774380430003,36.3125817440903,39.42870543489734,41.40912425337277,35.79523086547852
2016-12-30,36.14583750559942,36.205695503402985,35.74393101004725,35.87220001220703,1307600,0.0,0,-0.0035627756017210244,0.8982587290412759,36.449829483032225,37.28273910632995,35.6169198597345,36.49643487129343,36.3125817440903,39.42870543489734,41.40912425337277,35.96625900268555
2017-01-03,36.085981689739214,36.50498769969946,35.90640768547054,36.14583969116211,1610800,0.0,0,0.007628182237553238,0.9051108103228757,36.458381462097165,37.274777406444535,35.641985517749795,36.49643487129343,36.3125817440903,39.356535198185746,41.40912425337277,36.92398834228516
2017-01-04,36.15438324426958,36.49643170411959,35.97480927075547,36.34251022338867,1566400,0.0,0,0.005441028176602192,0.9100355437447897,36.462229537963864,37.27564134939289,35.64881772653484,36.49643487129343,36.24845016487074,39.356535198185746,41.40912425337277,37.89027404785156
2017-01-05,36.32540982532564,36.53918931106462,36.23989933583648,36.35961532592773,1567300,0.0,0,0.0004706637608111741,0.9104638644962805,36.467359924316405,37.276770764288166,35.657949084344644,36.49643487129343,36.24845016487074,39.356535198185746,41.40912425337277,38.46320343017578
2017-01-06,36.19715214114486,36.6845692160674,36.16294663293564,36.351070404052734,2421000,0.0,0,-0.0002350113387723507,0.9102498951645813,36.429307746887204,37.18294768477427,35.67566780900014,36.30403380579964,36.24845016487074,39.356535198185746,41.40912425337277,38.28363800048828
2017-01-09,36.43657304709719,36.51353378605625,36.19714108678715,36.22279357910156,2035300,0.0,0,-0.003528832123107728,0.9070377760944691,36.44512710571289,37.16644559605413,35.72380861537165,36.30403380579964,36.24845016487074,37.84812661250152,41.40912425337277,38.31782913208008
2017-01-10,35.863646931683824,36.0261214356866,35.4702934434956,35.701175689697266,3943000,0.0,0,-0.014400266734403422,0.8939761901805287,36.40365428924561,37.193446274173276,35.61386230431794,36.077431329781504,36.24845016487074,37.369319303940934,41.238097487821136,38.3520393371582
2017-01-11,35.85509800810696,35.87220075955232,35.316372754635026,35.56435775756836,3224600,0.0,0,-0.0038323088661864624,0.8905501973007403,36.37885627746582,37.239017116209794,35.51869543872185,36.000470985351214,36.24845016487074,37.09761980360302,41.238097487821136,38.54872512817383
2017-01-12,35.41898415150025,35.96626238312087,35.02563067484903,35.92350387573242,6284400,0.0,0,0.010098484573016986,0.899543404729679,36.377573585510255,37.24039495646598,35.514752214554534,35.85509994545822,36.23134643038136,37.09761980360302,41.238097487821136,38.90785598754883
2017-01-13,36.00046110565726,36.44512279053006,36.00046110565726,36.22279357910156,1811500,0.0,0,0.008331305999672356,0.907037776094469,36.345079040527345,37.17902810774803,35.51112997330666,35.85509994545822,36.23134643038136,37.09761980360302,41.238097487821136,38.37769317626953
2017-01-17,35.96625408362874,36.49642618033976,35.96625408362874,36.23133850097656,1663900,0.0,0,0.00023589903016008051,0.9072517454261683,36.33096904754639,37.16256018837074,35.49937790672204,35.85509994545822,36.23134643038136,37.09761980360302,41.238097487821136,38.65987396240234
2017-01-18,36.12873148701619,36.52208494044071,35.82088851928711,35.82088851928711,1829800,0.0,0,-0.011328590073435785,0.896973862308826,36.27752418518067,37.095729831458016,35.45931853890332,35.85509994545822,36.23134643038136,36.69358069932841,40.87467573169506,38.61713409423828
2017-01-19,35.78668634990387,35.949160854664626,35.39333285988055,35.44464111328125,3475900,0.0,0,-0.010503575471146553,0.8875524296504195,36.19885330200195,37.01971365119989,35.37799295280401,35.85509994545822,36.23134643038136,36.54480056042193,40.87467573169506,38.24087905883789
2017-01-20,35.461736232689255,35.735373667904284,34.95721659988362,35.01707458496094,3236700,0.0,0,-0.01206293856816909,0.8768459392155172,36.09880409240723,36.98199328241821,35.21561490239625,35.73965077016217,36.19713939289865,36.53411453121434,40.87467573169506,38.19782638549805
2017-01-23,34.95721354594006,35.02562126775979,34.5724099169064,34.666473388671875,4065900,0.0,0,-0.010012292587103677,0.8680667011182778,35.98250789642334,36.97179436124347,34.99322143160322,35.54724742867356,36.00473605141004,36.52342212604597,40.87467573169506,38.80918884277344
2017-01-24,34.78619620086751,34.95722043212962,34.6322747189332,34.80329895019531,3551500,0.0,0,0.003946913203122238,0.8714928850421123,35.89400310516358,36.969907229679784,34.81809898064737,35.54724742867356,35.910674324723004,36.58114412980748,40.87467573169506,38.83501434326172
2017-01-25,35.034181033729624,35.47028972279804,34.897362301667386,35.05983352661133,8174300,0.0,0,0.007370984480038034,0.8779166455722213,35.819179916381835,36.908645240153454,34.729714592610215,35.54724742867356,35.910674324723004,36.58114412980748,40.87467573169506,38.55086898803711
2017-01-26,35.06839008084831,35.31637510025213,34.734894560554594,34.81185531616211,2537800,0.0,0,-0.0070730002257710645,0.8717071409398808,35.73409576416016,36.85896923288526,34.60922229543506,35.54724742867356,35.910674324723004,36.58114412980748,40.87467573169506,38.232269287109375
2017-01-27,34.90591272886209,35.07693696279308,34.69213325195235,34.96577072143555,2000100,0.0,0,0.004421350251963663,0.8755612635271138,35.67637481689453,36.83442692528918,34.51832270849988,35.54724742867356,35.910674324723004,36.508973893095884,40.87467573169506,38.31837463378906
2017-01-30,34.96577606295081,35.162452820311,34.44415353768328,35.11969757080078,3263700,0.0,0,0.004402215257645503,0.8794156726804163,35.63233661651611,36.80479655395374,34.459876679078484,35.48311923906199,35.846546135111446,36.508973893095884,40.87467573169506,38.2236557006836
2017-01-31,35.188097896745745,35.213750386260664,34.78619149692968,34.98286819458008,3227700,0.0,0,-0.003896086404071575,0.8759893932345587,35.587870025634764,36.78800299188386,34.38773705938567,35.19665719617395,35.846546135111446,36.61586118222507,40.87467573169506,38.16337585449219
2017-02-01,34.999973950443795,35.35057213935451,34.77764148214974,35.33346939086914,2968500,0.0,0,0.01002208264739668,0.8847686313317983,35.547251510620114,36.72359559077077,34.37090743046946,35.08976360279378,35.654145069617655,36.71633928766704,40.87467573169506,37.6295051574707
2017-02-02,35.20520216104034,35.752480353772924,34.95722045069527,35.61566162109375,2613200,0.0,0,0.007986541799870128,0.8918348729891435,35.51090908050537,36.62962205459116,34.39219610641958,35.0983169457281,35.654145069617655,36.487881349051676,40.87467573169506,37.40562057495117
2017-02-03,35.77813166907942,36.39381757687742,35.7610289203055,36.30830383300781,2369700,0.0,0,0.01944768622531612,0.909178997763831,35.50834350585937,36.61938553478499,34.397301476933755,35.41898555728035,35.56436137687534,36.57553117677092,40.87467573169506,37.57783889770508
2017-02-06,36.30830964606556,36.43657865139828,35.87220089956366,35.90640640258789,2168500,0.0,0,-0.011069022454707977,0.8991152750222343,35.486110305786134,36.54481733049541,34.427403281076856,35.44036609454078,35.56436137687534,36.43016277419517,40.87467573169506,37.939491271972656
2017-02-07,35.91494683299938,36.01756005344362,35.73537288171809,35.79523086547852,2317500,0.0,0,-0.0030962590871069784,0.8963313811815901,35.46473217010498,36.47893337875101,34.45053096145895,35.44036609454078,35.56436137687534,36.43016277419517,40.87467573169506,37.90504837036133
2017-02-08,35.67551879465754,36.13727996810075,35.376225581149285,35.96625900268555,2949400,0.0,0,0.004777958769137669,0.9006140155643599,35.477986335754395,36.511159479673495,34.444813191835294,35.44036609454078,35.56436137687534,36.40450830769187,40.87467573169506,36.71674728393555
2017-02-09,35.96625728133081,37.20617553132735,35.487390119845806,36.92398834228516,3809300,0.0,0,0.026628550373507087,0.924596061244902,35.54596786499023,36.75840856882809,34.333527161152375,35.82516453450531,35.82516453450531,36.40450830769187,40.87467573169506,36.73396682739258
2017-02-10,37.00095067890442,38.14680875681282,36.99239767346342,37.89027404785156,5052800,0.0,0,0.026169591881812337,0.9487923628232122,35.644306373596194,37.22963773596247,34.05897501122992,36.462225119481275,36.29548114724805,36.37244251808208,40.87467573169506,35.86427307128906
2017-02-13,38.06129696622928,38.617124915856735,38.00999197901295,38.46320343017578,5224200,0.0,0,0.015120750554632245,0.9631388154696021,35.756326866149905,37.7567027194862,33.75595101281361,36.69738319900324,36.530639226770006,36.37244251808208,40.87467573169506,35.55428695678711
2017-02-14,38.403354013416326,38.53162303413448,38.22377999402426,38.28363800048828,3477800,0.0,0,-0.004668499076356802,0.9586424027991789,35.858941841125485,38.14033330999056,33.57755037226041,36.787172683276,36.530639226770006,36.27624198533519,40.87467573169506,35.528446197509766
2017-02-15,38.104049685763655,38.52305557381517,38.00998620746196,38.31782913208008,2785600,0.0,0,0.0008931003785837,0.9594985666920453,35.983788871765135,38.506463596881176,33.461114146649095,36.99667524850301,36.530639226770006,36.27624198533519,38.31477443755734,35.5456657409668
2017-02-16,38.32638684211243,38.43755309067105,38.0698521056062,38.3520393371582,2334400,0.0,0,0.0008928012325595258,0.960355208195027,36.12915878295898,38.84092245393669,33.41739511198127,36.99667524850301,36.530639226770006,36.16294074732612,37.699213351539434,35.33039474487305
2017-02-17,38.11261307480682,38.5743776270719,38.11261307480682,38.54872512817383,2867800,0.0,0,0.005128431092973562,0.9652803237050335,36.30574131011963,39.16252189150869,33.44896072873057,36.99667524850301,36.530639226770006,36.12446057511097,37.1558143508636,35.59733581542969
2017-02-21,38.43754189724523,39.104532670329775,38.19810671915152,38.90785598754883,2854100,0.0,0,0.009316283695009364,0.97427314904588,36.51781044006348,39.485138251407164,33.55048262871979,37.24037912573953,36.774343104006526,36.04322318791979,37.13871061637422,35.40789794921875
2017-02-22,38.924968123336704,39.01903161649187,38.33493793265791,38.37769317626953,1806300,0.0,0,-0.01362611220338017,0.9609975938002403,36.696530151367185,39.65979410204026,33.73326620069411,37.29596139508779,36.774343104006526,36.04322318791979,37.13871061637422,35.37345504760742
2017-02-23,38.497402758899895,38.98481963142269,38.40333928139279,38.65987396240234,2223000,0.0,0,0.007352729223112586,0.9680635488915162,36.87653217315674,39.85775253256321,33.89531181375027,38.048465171896595,36.774343104006526,36.04322318791979,37.13871061637422,35.571510314941406
2017-02-24,38.58292858662024,38.65988934775247,38.34349655732738,38.61713409423828,1777500,0.0,0,-0.0011055356312237308,0.9669933201449278,37.066796112060544,39.980891001779675,34.15270122234141,38.55725943889587,36.774343104006526,36.04322318791979,37.13871061637422,36.0537109375
2017-02-27,38.5658215591507,38.83090932078983,38.16391830623404,38.24087905883789,2706100,0.0,0,-0.009743214876645312,0.9575716964424751,37.23055152893066,40.017969179447704,34.44313387841362,38.55725943889587,36.774343104006526,36.04322318791979,36.89673436025483,35.92454528808594
2017-02-28,38.24088008591212,38.89530487265166,38.02560829905497,38.19782638549805,3421700,0.31,0,-0.0011258285478636942,0.9564936348899938,37.384457969665526,40.02305366643861,34.745862272892445,38.55725943889587,36.774343104006526,35.96839508153041,36.862527322772124,36.02788162231445
2017-03-01,38.30114740735984,39.00723844847215,38.13754206824857,38.80918884277344,3682400,0.0,0,0.016005163516516152,0.9718024719189151,37.57577400207519,40.03716351638056,35.114384487769826,38.56507048469237,36.774343104006526,35.7759917400418,36.67012398128352,36.16565704345703
2017-03-02,38.783351236224455,38.972788103337,38.49919100837733,38.83501434326172,1952000,0.0,0,0.0006654480873822255,0.9724491560151669,37.750851249694826,40.03962875858508,35.46207374080457,38.56507048469237,36.774343104006526,35.72896087669828,36.67012398128352,35.890106201171875
2017-03-03,38.757528047876,38.81780716551441,38.41309518654901,38.55086898803711,1272400,0.0,0,-0.0073167310487658455,0.9653340070820046,37.89761161804199,39.98543897276446,35.80978426331952,38.56507048469237,36.774343104006526,35.72896087669828,36.67012398128352,35.717891693115234
2017-03-06,38.30976725898705,38.4733726286014,38.1117143315767,38.232269287109375,947800,0.0,0,-0.008264397386907207,0.9573561032363834,37.99380989074707,39.9517515461011,36.035868235393046,38.52231995777342,36.774343104006526,35.72896087669828,36.67012398128352,35.623165130615234
2017-03-07,38.18060083391297,38.43031687268417,38.11171229158168,38.31837463378906,1437200,0.0,0,0.0022521641609360987,0.9595122263413458,38.114408302307126,39.82175451437211,36.40706209024214,38.51642337376356,36.774343104006526,35.72896087669828,36.525783507860325,35.304569244384766
2017-03-08,38.30115367078563,38.48198117276152,38.1806020028017,38.2236557006836,1432600,0.0,0,-0.002471893289073379,0.9571404145082688,38.235829544067386,39.566368189898974,36.9052908982358,38.51642337376356,36.941087076239754,35.664832687086715,36.461655318248766,35.33039474487305
2017-03-09,38.21504225739061,38.32698120315782,38.03421148963926,38.16337585449219,1776300,0.0,0,-0.0015770298545865202,0.955630975499558,38.34568538665771,39.17098826495031,37.52038250836512,38.51642337376356,36.941087076239754,35.5216016656427,36.461655318248766,35.511234283447266
2017-03-10,38.318374148120064,38.36142784413819,37.38839854715359,37.6295051574707,2588300,0.0,0,-0.013989084693581733,0.9422625728474846,38.38096122741699,38.990164588912926,37.77175786592105,38.197818497812875,37.030876560512525,35.37195433620572,36.461655318248766,35.4940071105957
2017-03-13,37.75005671167858,37.77588827225789,37.319513183162535,37.40562057495117,1728600,0.0,0,-0.005949708389271335,0.9366563853129175,38.35672855377197,39.07255875890834,37.6408983486356,38.163375815817346,37.24037912573953,35.37623100767288,36.004739441018046,35.95899200439453
2017-03-14,37.22479333332337,37.59506103313668,37.13007323084278,37.57783889770508,1776600,0.0,0,0.004604076074846253,0.9409688225668886,38.312460327148436,39.10294009883117,37.5219805554657,38.05143066708989,37.24037912573953,35.491673467077845,36.004739441018046,35.41651153564453
2017-03-15,37.66394371749217,38.034208074936735,37.55200149698886,37.939491271972656,2496200,0.0,0,0.009624086559423262,0.9500247879649909,38.29525299072266,39.10248202997379,37.488023951471526,37.973940198178596,37.24037912573953,35.50236373570806,36.004739441018046,35.304569244384766
2017-03-16,36.20870600816463,38.09448855267782,36.20870600816463,37.90504837036133,2471900,0.0,0,-0.0009078377294102769,0.9491623196186013,38.27461395263672,39.09958573064543,37.44964217462801,37.345343590463074,37.24037912573953,35.50236373570806,36.004739441018046,35.81260681152344
2017-03-17,38.02559985143168,38.02559985143168,36.690915726383096,36.71674728393555,4843500,0.0,0,-0.03134941485406295,0.9194066362970331,38.19284934997559,39.2619776254455,37.123721074505674,37.345343590463074,37.29596139508779,35.50236373570806,36.004739441018046,34.4262580871582
2017-03-20,36.77702051520661,36.87174059926897,36.32925493541188,36.73396682739258,3102200,0.0,0,0.00046898335857115114,0.9198378227092163,38.102111434936525,39.33274624495584,36.87147662491721,37.345343590463074,37.6566193392472,35.82516453450531,36.004739441018046,33.93544006347656
2017-03-21,36.87174323423469,36.90618750086173,35.79538453803497,35.86427307128906,3342300,0.0,0,-0.023675465276866925,0.8980602342773154,37.94993228912354,39.46719840621006,36.43266617203702,37.078406191086586,37.44995860418237,36.37885313336466,36.29548114724805,34.61570358276367
2017-03-22,36.01066206620935,36.01066206620935,35.494011122893106,35.55428695678711,2187000,0.0,0,-0.008643312353934451,0.890298019159809,37.80876197814941,39.637668758948486,35.97985519735034,36.927719483515645,37.299271896611444,36.61401121288662,36.530639226770006,35.41651153564453
2017-03-23,35.51983677329483,35.73510851131479,35.42511668300028,35.528446197509766,2882300,0.0,0,-0.0007267972863230776,0.8896509529754648,37.652190589904784,39.6895066428321,35.61487453697747,36.75980261783905,37.26482467666503,36.658905955023,36.530639226770006,34.89985656738281
2017-03-24,35.60594156043797,35.79538172722499,35.39928254647559,35.5456657409668,1997400,0.0,0,0.0004846691960944671,0.8900821393876481,37.49861717224121,39.68132832336523,35.31590602111719,36.7468855495767,37.25190760840268,36.76365723763651,36.530639226770006,34.650146484375
2017-03-27,35.29595376502856,35.56288860394916,34.994571376691724,35.33039474487305,2068500,0.0,0,-0.0060561812982348195,0.8846916405811959,37.353092956542966,39.70207687015424,35.004109042931695,36.54452996468477,37.04955202351075,36.76365723763651,36.530639226770006,34.60708236694336
2017-03-28,35.30456611140706,35.64900221665231,35.06346280860706,35.59733581542969,2768400,0.0,0,0.007555564337287102,0.8913759851902672,37.223068428039554,39.65789253017696,34.78824432590215,36.54452996468477,37.04955202351075,36.76365723763651,36.530639226770006,34.348758697509766
2017-03-29,35.51984018347655,35.70066767242553,35.270124155050055,35.40789794921875,2594700,0.0,0,-0.0053216866338864355,0.8866323615241127,37.05300388336182,39.49614388297148,34.609863883752155,36.5100856140617,37.0068014965918,37.00736111487303,36.774343104006526,34.61570358276367
2017-03-30,35.2959570872875,35.4681718570774,35.072072630902746,35.37345504760742,2568600,0.0,0,-0.0009727462969060241,0.8857698931777231,36.879925918579104,39.28327471141096,34.47657712574725,35.95037943877673,37.00090491258194,37.03515224954715,36.774343104006526,34.85680389404297
2017-03-31,35.390679522260285,35.67483985019726,35.304572123678184,35.571510314941406,2366300,0.0,0,0.005598979999760667,0.8907293010940154,36.730957984924316,39.06932561390425,34.392590355944385,35.95037943877673,37.00090491258194,37.411404137951564,36.774343104006526,35.123741149902344
2017-04-03,35.57150433090108,36.16565316465453,35.4853936620183,36.0537109375,4181600,0.0,0,0.013555809643428285,0.9028038579434697,36.622030067443845,38.870806916105224,34.373253218782466,35.580112270673126,37.00090491258194,37.6658012714512,36.774343104006526,34.6329231262207
2017-04-04,36.10537274254083,36.17425798409166,35.70066086227784,35.92454528808594,2670500,0.0,0,-0.003582589588017049,0.8995694822419799,36.502338600158694,38.62733520517478,34.37734199514261,35.58441468039169,37.00090491258194,37.6658012714512,36.774343104006526,35.01179504394531
2017-04-05,36.04510375716325,36.38092717474896,35.950383657888025,36.02788162231445,1506500,0.0,0,0.0028764827334581966,0.9021570783251949,36.39254989624023,38.37075855439889,34.414341238081576,35.68774927572034,37.00090491258194,37.6658012714512,36.774343104006526,34.78791809082031
2017-04-06,36.002051682212155,36.3034308436597,35.79538933951491,36.16565704345703,1624800,0.0,0,0.003824133280632358,0.9056070472327763,36.292663955688475,38.09525704962771,34.49007086174924,35.68774927572034,36.98367974001437,37.66970679434945,36.774343104006526,35.40789794921875
2017-04-07,35.94177260337589,36.12260008391064,35.83843979896786,35.890106201171875,1841900,0.0,0,-0.007619129992690321,0.8987071094176133,36.20569400787353,37.905746693944614,34.50564132180245,35.72219499167801,36.90618927110307,37.66970679434945,36.774343104006526,34.89985656738281
2017-04-10,35.90733190189407,36.0451057033369,35.69206013184049,35.717891693115234,1347900,0.0,0,-0.004798383908126147,0.8943947676856653,36.12130756378174,37.7394475507549,34.50316757680858,35.72649990282585,36.73827627472662,37.66970679434945,36.774343104006526,34.62430191040039
2017-04-11,35.64038726327171,35.70066308517641,35.20123437728235,35.623165130615234,2162800,0.0,0,-0.002652075976764867,0.8920227648085419,36.023573875427246,37.50714460124017,34.54000314961432,35.72649990282585,36.73827627472662,37.648331530889976,36.774343104006526,33.61682891845703
2017-04-12,35.42512090648269,35.580116839119,34.91707941279399,35.304569244384766,3761300,0.0,0,-0.00894350305657321,0.8840449564849439,35.891827774047854,37.1137665775753,34.66988897052041,35.64900329377147,36.69953029277775,37.645383238885046,36.774343104006526,34.06460952758789
2017-04-13,35.313172612557864,35.425114830213595,35.072069329717095,35.33039474487305,2465600,0.0,0,0.0007315058940249308,0.8846916405811956,35.76309509277344,36.581854150042936,34.944336035503945,35.64900329377147,36.63925362846609,37.728755225001656,36.774343104006526,34.107662200927734
2017-04-17,35.44234573713154,35.674839653767094,35.31318135518289,35.511234283447266,1933700,0.0,0,0.005118525843826438,0.8892199576073277,35.702819442749025,36.39896498902029,35.00667389647776,35.64900329377147,36.63925362846609,37.728755225001656,36.774343104006526,33.67711639404297
2017-04-18,35.31317634456848,35.50261653527023,35.23567838335288,35.4940071105957,2400200,0.0,0,-0.00048511895458369647,0.8887885801510983,35.64082145690918,36.15356926351886,35.1280736502995,35.64900329377147,36.505783982735906,37.6143475291627,36.774343104006526,33.41878890991211
2017-04-19,35.61455917210823,36.16565433159531,35.55428334433847,35.95899200439453,2896200,0.0,0,0.013100377546834352,0.9004320461103925,35.64555740356445,36.16823542397751,35.1228793831514,35.61025512822684,36.505783982735906,37.70187747077844,36.774343104006526,33.06574249267578
2017-04-20,35.95899401591849,36.10538052353829,35.40789882560349,35.41651153564453,3346000,0.0,0,-0.015086086636791785,0.8868480502522275,35.638668632507326,36.16963321002606,35.10770405498859,35.54136687219465,36.505783982735906,37.645904896414706,36.774343104006526,33.1862907409668
2017-04-21,35.3906766359443,35.56289470384981,35.19262700752822,35.304569244384766,3482700,0.0,0,-0.003160737362489896,0.884044956484944,35.627474784851074,36.17659149774525,35.0783580719569,35.54136687219465,36.505783982735906,37.60715966195906,36.774343104006526,33.522117614746094
2017-04-24,35.81260681152344,36.11398593372457,35.5542813803816,35.81260681152344,3475100,0.0,0,0.014390136404779375,0.8967664839967195,35.640821838378905,36.194342755714416,35.08730092104339,35.54136687219465,36.47133963211283,37.292861358101305,36.774343104006526,33.42656707763672
2017-04-25,34.52097818333297,34.63292041379281,32.988244364610345,34.4262580871582,9370800,0.0,0,-0.038711192727784005,0.8620515838029053,35.595615005493165,36.35515444221954,34.83607556876679,34.57694934810283,34.94721593273604,37.32065249277543,36.774343104006526,33.860897064208984
2017-04-26,34.05599172332768,34.47792581759297,33.84071996365458,33.93544006347656,5239400,0.0,0,-0.014257083138080828,0.849761242703313,35.512520217895506,36.564303931526055,34.46073650426496,34.57694934810283,34.94721593273604,37.50098146485514,36.774343104006526,33.92170333862305
2017-04-27,33.89239025590759,34.65875728267921,33.797670145221346,34.61570358276367,4950300,0.0,0,0.020045813993119665,0.8667953985131058,35.472910499572755,36.59554507706281,34.3502759220827,34.57694934810283,34.68458576967966,37.26418239763448,36.774343104006526,33.46999740600586
2017-04-28,34.67597614186383,35.69205913080204,34.49514864843918,35.41651153564453,6448200,0.0,0,0.023134238799052076,0.8868480502522276,35.47506332397461,36.59708509368227,34.35304155426695,34.57694934810283,34.68458576967966,37.113495690063544,36.774343104006526,33.62636184692383
2017-05-01,35.425120185652645,35.58872882498766,34.89985656738281,34.89985656738281,3620700,0.0,0,-0.014587968883997493,0.8739107384903142,35.44148063659668,36.5901270075661,34.292834265627256,34.57694934810283,34.68458576967966,37.01231364725204,36.774343104006526,32.88798522949219
2017-05-02,34.99457935484566,35.08929946178075,34.46070627050484,34.650146484375,3852200,0.0,0,-0.007155046111025909,0.8676578668594953,35.37130241394043,36.533326531344336,34.20927829653652,34.55111514916746,34.68458576967966,36.99939657898969,36.774343104006526,32.33203887939453
2017-05-03,34.6845803216603,34.73624671973358,34.4434770335569,34.60708236694336,3386900,0.0,0,-0.0012428264178063753,0.8665795187409449,35.3054292678833,36.483967533833244,34.12689100193335,34.55111514916746,34.68458576967966,36.797040994097756,36.774343104006526,32.72293472290039
2017-05-04,34.641528398614064,34.65875053218327,34.33153656394056,34.348758697509766,3048700,0.0,0,-0.007464474083499817,0.8601109583820113,35.221473121643065,36.42145919001709,34.02148705326904,34.55111514916746,34.68458576967966,36.797040994097756,36.774343104006526,33.20939636230469
2017-05-05,34.49515190908545,34.71042369344992,34.36598752455207,34.61570358276367,2219000,0.0,0,0.007771602100813624,0.8667953985131058,35.1439754486084,36.28836448490496,33.99958641231184,34.340151747706194,34.68458576967966,36.75844355532675,36.774343104006526,33.73928451538086
2017-05-08,34.67597639927597,35.01179982806796,34.426260362814986,34.85680389404297,2448400,0.0,0,0.0069650559233280784,0.8728326769378331,35.09231033325195,36.189098908938625,33.99552175756528,34.74486463801169,34.68458576967966,36.47564217567933,36.774343104006526,33.58292770385742
2017-05-09,34.83097142491128,35.32179077492772,34.7276418998516,35.123741149902344,1887800,0.0,0,0.007658110498908854,0.8795169260248814,35.062602806091306,36.121115378009456,34.004090234173155,34.74486463801169,34.68458576967966,36.47564217567933,36.774343104006526,33.40049743652344
2017-05-10,35.046244527074734,35.18401832735941,34.52959031241732,34.6329231262207,2125400,0.0,0,-0.013973967681486732,0.8672265849252891,35.01309070587158,36.05440279104306,33.97177862070011,35.0117978473713,34.68458576967966,36.29050859162753,36.774343104006526,33.31363677978516
2017-05-11,34.56402943847795,35.04623931008573,34.30570401199686,35.01179504394531,3079000,0.0,0,0.010939645964731293,0.8767137367355747,34.99845199584961,36.03106357931288,33.965840412386335,34.94721641849226,34.68458576967966,36.29265979648682,36.774343104006526,33.6784782409668
2017-05-12,35.06346568369606,35.06346568369606,34.512370497944566,34.78791809082031,2977000,0.0,0,-0.006394329477937388,0.8711077402450538,34.97132816314697,35.99602087925779,33.94663544703615,34.81374739346229,34.645837604135025,36.34432709415114,36.774343104006526,33.1399040222168
2017-05-15,34.89985646732424,35.46817377886841,34.83958063767458,35.40789794921875,3041600,0.0,0,0.01782170053349752,0.8866323615241128,34.96616134643555,35.980796843318565,33.95152584955253,34.886938895432635,34.57694934810283,36.33571450786735,36.774343104006526,32.34071731567383
2017-05-16,35.47678659040892,35.47678659040892,34.75347334775292,34.89985656738281,3681800,0.0,0,-0.014348250284853425,0.8739107384903142,34.9364538192749,35.92157869642056,33.951328942129244,34.891245301202886,34.57694934810283,36.31419213139054,36.774343104006526,32.26253890991211
2017-05-17,34.899849443280296,34.899849443280296,34.236812165792486,34.62430191040039,2704600,0.0,0,-0.007895581360066517,0.8670107051531281,34.86971931457519,35.74193315652992,33.99750547262047,34.8567993781007,34.57694934810283,36.23238808877623,36.774343104006526,32.54050827026367
2017-05-18,34.693187401106506,34.762072635907664,33.599606788560386,33.61682891845703,4658200,0.0,0,-0.02909727955094843,0.8417830522916225,34.77973518371582,35.77217996451763,33.78729040291401,34.53819668948465,34.57694934810283,36.23238808877623,36.774343104006526,33.66978454589844
2017-05-19,33.659897507745775,34.19377063183609,33.54795525623451,34.06460952758789,2482000,0.0,0,0.013320132312807376,0.8529957139268258,34.71773719787598,35.7262562723576,33.70921812339435,34.51237092332171,34.57694934810283,36.17426679327461,36.774343104006526,33.82615661621094
2017-05-22,34.030164226800025,34.305711849301495,33.96127567878127,34.107662200927734,1272200,0.0,0,0.0012638534225668518,0.8540737754793071,34.63248996734619,35.53836238742366,33.72661754726872,34.51237092332171,34.57694934810283,36.14412846111878,36.941087076239754,33.860897064208984
2017-05-23,34.08182837481374,34.133491497610656,33.67711639404297,33.67711639404297,1684100,0.0,0,-0.012623140347421846,0.8432926823443794,34.59503288269043,35.59046142424102,33.599604341139845,34.51237092332171,34.57694934810283,36.14412846111878,36.941087076239754,33.50474548339844
2017-05-24,33.72877748235507,33.76322175199974,33.21212657683046,33.41878890991211,3083700,0.0,0,-0.007670712691320358,0.8368240264634228,34.569200325012204,35.65545701777675,33.48294363224766,34.34445658361969,34.57694934810283,36.07739363825369,37.01080604156188,33.58292770385742
2017-05-25,33.49628599760757,33.539339691143496,32.72991579960853,33.06574249267578,2655400,0.0,0,-0.010564309143220152,0.827983558749389,34.491702270507815,35.761448588158196,33.221955952857435,34.10335119500873,34.42195086666655,36.05801955548137,37.01080604156188,33.40049743652344
2017-05-26,32.92796532148949,33.2379538539907,32.67824932592085,33.1862907409668,3596900,0.0,0,0.003645714240885889,0.831002150200741,34.380191230773924,35.69685225595952,33.06353020558833,34.07751795816489,34.39611762982271,36.023575427465275,37.01080604156188,32.983543395996094
2017-05-30,33.19490363069189,33.6943356739739,33.143240512273934,33.522117614746094,3547300,0.0,0,0.010119445900133028,0.8394114315025916,34.31130428314209,35.65617426944624,32.966434296837946,33.789049384600574,34.39611762982271,36.023575427465275,37.01080604156188,32.56657791137695
2017-05-31,33.62636165190509,33.94777334043588,33.183339476566964,33.42656707763672,3421900,0.34,0,-0.0028503729450356508,0.8370187958684829,34.250125312805174,35.63886270457444,32.861387921035906,33.72016098091426,34.18515422836145,36.006353252153744,37.01080604156188,32.57526016235352
2017-06-01,33.42656025736116,34.260486131214535,33.30494648164007,33.860897064208984,3419800,0.0,0,0.012993556459551803,0.8478946468503061,34.212816047668454,35.60127974740125,32.82435234793566,33.491980587611174,34.18515422836145,34.762082640419436,36.046388517470064,32.57526016235352
2017-06-02,33.87827032146909,34.02594324253791,33.55686201805763,33.92170333862305,2324100,0.0,0,0.001795766789602693,0.8494172678982018,34.19146327972412,35.58408169352383,32.79884486592441,33.491980587611174,34.18515422836145,34.762082640419436,36.046388517470064,32.279911041259766
2017-06-05,33.704539708296984,34.09544354544886,33.40919051064082,33.46999740600586,5151800,0.0,0,-0.013316133571125155,0.8381063141012491,34.13417797088623,35.546611382787745,32.72174455898471,33.46936772856769,34.18515422836145,34.63076755889124,36.046388517470064,32.89666748046875
2017-06-06,33.40050811801027,33.78272339529765,33.24414656963645,33.62636184692383,3571100,0.0,0,0.004671779295982503,0.8420217618272996,34.072655868530276,35.46053973295395,32.684772004106605,33.46936772856769,34.13348907545426,34.63076755889124,36.046388517470064,33.244144439697266
2017-06-07,33.6176712349258,33.65241897654813,32.86192608013896,32.88798522949219,4068400,0.0,0,-0.021958266576471375,0.8235324235179057,33.96086807250977,35.35229724012782,32.56943890489172,33.46936772856769,34.07751795816489,34.63076755889124,36.046388517470064,33.57423782348633
2017-06-08,32.88798956371079,32.88798956371079,32.13224430932634,32.33203887939453,6592800,0.0,0,-0.01690423862143775,0.809611234918268,33.84582386016846,35.371490979390636,32.32015674094628,33.19636522027044,33.80451544986763,34.61785045942356,36.046388517470064,33.886959075927734
2017-06-09,32.32334564019632,32.75768246410778,32.20173185969743,32.72293472290039,3694200,0.0,0,0.012090046191147508,0.8193994721453018,33.73138084411621,35.2329667273118,32.22979496092062,33.19636522027044,33.80451544986763,34.61785045942356,36.046388517470064,33.86958694458008
2017-06-12,32.670819576542,33.3049510029796,32.583950215143304,33.20939636230469,4245600,0.0,0,0.014866076148844165,0.8315807270945366,33.65245475769043,35.08736310371709,32.21754641166377,33.19636522027044,33.80451544986763,34.61785045942356,36.046388517470064,33.522117614746094
2017-06-13,33.30494769273884,33.83483914655842,33.17464532045545,33.73928451538086,2895500,0.0,0,0.015955970632385075,0.8448494047545144,33.569024085998535,34.756153244134076,32.381894927862994,33.19636522027044,33.80451544986763,34.51236875869293,36.00363799055111,33.80009078979492
2017-06-14,33.92170994283326,34.04332374003203,33.43525475403818,33.58292770385742,1917700,0.0,0,-0.004634265775617097,0.8409341480725101,33.503177642822266,34.519878689426704,32.48647659621783,33.1138439273876,33.80451544986763,34.714725203845674,35.99774140654125,34.24311065673828
2017-06-15,33.34837583249148,33.48736346285021,33.11383358493741,33.40049743652344,1870700,0.0,0,-0.005432232381366475,0.8363659983627538,33.44198741912842,34.31750777741251,32.566467060844325,33.1138439273876,33.80451544986763,34.714725203845674,35.99774140654125,34.59926986694336
2017-06-16,33.30495150037923,33.44393916696558,33.0877830642301,33.31363677978516,2923700,0.0,0,-0.0026005797339799797,0.8341909618972217,33.42682781219482,34.30018717974227,32.55346844464738,33.08778402467918,33.80451544986763,34.84819180852548,35.99774140654125,33.54817581176758
2017-06-19,33.45262123337707,33.79140674476166,33.40050293449255,33.6784782409668,1586600,0.0,0,0.010951715166775733,0.8433267837066188,33.40752124786377,34.23927230783425,32.57577018789329,33.08778402467918,33.80451544986763,34.81590109408596,35.99774140654125,34.651390075683594
2017-06-20,33.44393850128299,33.48737152490284,33.13121542925645,33.1399040222168,1087100,0.0,0,-0.015991643532600963,0.8298406024000877,33.359133338928224,34.13225014597511,32.58601653188134,33.08778402467918,33.80451544986763,34.72979249879866,35.99774140654125,35.798038482666016
2017-06-21,33.22676477395997,33.29626025165776,32.236477412853915,32.34071731567383,3876300,0.0,0,-0.024115540769436117,0.8098285475207749,33.29231338500976,34.16919166926167,32.415435100757854,33.12252779986473,33.80451544986763,34.73194412176773,35.980516233973674,36.31055450439453
2017-06-22,32.35809354184273,32.53182893501413,32.10617738743055,32.26253890991211,2478800,0.0,0,-0.00241733678936773,0.8078709191797727,33.234500885009766,34.21764618591796,32.251355584101574,33.074750563731286,33.503013415355426,34.73409732465286,35.90302576506238,37.36165237426758
2017-06-23,32.27122160807145,32.566570728401864,32.1409192585597,32.54050827026367,7114200,0.0,0,0.008615855098315306,0.8148314179575684,33.20823917388916,34.235569303441586,32.18090904433674,33.074750563731286,33.43412501166911,34.716874363101766,35.73511276868594,37.31821823120117
2017-06-26,32.68818584343144,33.86089378278387,32.42758444732274,33.66978454589844,4652300,0.0,0,0.034703707337808476,0.8431090890160193,33.232413864135744,34.27932254046139,32.185505187810094,33.074750563731286,33.20594461836602,34.55757301879374,35.73511276868594,37.57013320922852
2017-06-27,33.56555513867022,33.9390851381787,33.41788218309726,33.82615661621094,3563700,0.0,0,0.004644284851283542,0.8470247277861159,33.247615814208984,34.31971272943753,32.175518898980435,33.02263126280462,33.20594461836602,34.54466013571227,35.73511276868594,37.34429168701172
2017-06-28,34.06069159771176,34.26917472303853,33.69585027054848,33.860897064208984,1989800,0.0,0,0.0010270291240062068,0.8478946468503057,33.269332313537596,34.37253499799688,32.16612962907831,33.18767605523454,33.18767605523454,34.54466013571227,35.674836104374265,36.805694580078125
2017-06-29,33.860901579962224,33.91302319667667,33.27889177175712,33.50474548339844,1597900,0.0,0,-0.010518078718800394,0.8389764242094847,33.25152473449707,34.32680287252667,32.176246596467465,33.18767605523454,33.18767605523454,34.54466013571227,35.674836104374265,37.422454833984375
2017-06-30,33.6437346024568,33.72191537404565,33.417880881048724,33.58292770385742,1701500,0.0,0,0.002333467075513962,0.84093414807251,33.23458595275879,34.276918730963594,32.19225317455399,33.18767605523454,33.18767605523454,34.46070296586126,35.54136645864408,36.43217086791992
2017-07-03,33.60029194805621,33.7914011824469,33.32231668733875,33.40049743652344,1174000,0.0,0,-0.005432232381366475,0.8363659983627537,33.23111095428467,34.270711519045925,32.19151038952341,33.18767605523454,33.18767605523454,34.26265103083764,35.41220217614317,36.81439208984375
2017-07-05,33.331010908266414,33.53080547341051,32.9227364985056,32.983543395996094,2343900,0.0,0,-0.012483467987857155,0.8259252501960601,33.198970031738284,34.227268321833364,32.170671741643204,33.18767605523454,33.18767605523454,34.2368177939938,35.38636893929933,35.76329803466797
2017-07-06,32.87929765447197,32.94879313986672,32.52314157614167,32.56657791137695,2283700,0.0,0,-0.012641621902568456,0.8154842154632973,33.18289966583252,34.24009338207292,32.125705949592124,33.20504699079912,33.18767605523454,34.09258350721164,35.38636893929933,35.43320083618164
2017-07-07,32.662126197295734,32.722933084500646,32.25385185659514,32.57526016235352,2099200,0.0,0,0.0002666000400839419,0.8157016235878276,33.19506072998047,34.21747755256459,32.17264390739635,33.26151328981683,33.18767605523454,33.95265760463785,35.35192458867627,35.528751373291016
2017-07-10,32.57526016235352,32.70556252849366,32.37546563100497,32.57526016235352,1831900,0.0,0,0.0,0.8157016235878276,33.187677001953126,34.22580931602704,32.149544687879214,33.26151328981683,33.18767605523454,33.83856740798631,34.792218413391296,35.563507080078125
2017-07-11,32.53182718209792,32.77505473119582,32.12354952720345,32.279911041259766,1975300,0.0,0,-0.009066669602076916,0.808305926472879,33.141202735900876,34.25273381220542,32.02967165959633,33.19636212512099,33.18767605523454,33.83856740798631,34.792218413391296,35.15523147583008
2017-07-12,32.566573906617144,32.940100496635885,32.47101928281341,32.89666748046875,2848900,0.0,0,0.019106509879183164,0.8237498316424354,33.09907188415527,34.17985421829265,32.0182895500179,33.018286361940056,33.18767605523454,33.827260978464565,34.52958825033491,34.75563049316406
2017-07-13,32.87929974562461,33.30495133642149,32.78374841772037,33.244144439697266,2253400,0.0,0,0.010562679622026172,0.8324508372027725,33.082132720947264,34.142250428756405,32.02201501313812,32.95747535482518,33.18767605523454,33.80142840201097,34.52958825033491,34.451595306396484
2017-07-14,33.26151477998397,33.808776792386105,33.16596014849969,33.57423782348633,1606600,0.0,0,0.009929369197268167,0.8407165489039338,33.09081974029541,34.16413934010475,32.01750014048607,32.966163159794775,33.18767605523454,33.77344284336629,34.52958825033491,34.18230056762695
2017-07-17,33.522117717932645,34.02594673331546,33.47868469632282,33.886959075927734,2146300,0.0,0,0.009314321715522267,0.8485472533119887,33.11948585510254,34.24501201926247,31.99395969094261,33.07474813025945,33.18767605523454,33.50044033506903,34.25658574203765,34.78691864013672
2017-07-18,33.93907911318155,34.043319022947244,33.65241853289413,33.86958694458008,2285900,0.0,0,-0.0005126494622528233,0.8481122460188821,33.129041290283205,34.27665773956525,31.981424841001154,33.08343427507535,33.18767605523454,33.50044033506903,34.25658574203765,34.22612762451172
2017-07-19,33.83484067133764,33.913021435485526,33.51343233594172,33.522117614746094,3040800,0.0,0,-0.010259036533351917,0.8394114315025912,33.14815196990967,34.308653104877195,31.987650834942148,33.08343427507535,33.18767605523454,33.50044033506903,34.25658574203765,34.41014099121094
2017-07-20,33.46130860450128,33.98251145668736,33.322320956336526,33.80009078979492,2480800,0.0,0,0.008292231959909024,0.84637202580241,33.22112064361572,34.352204138425655,32.090037148805784,33.08343427507535,33.18767605523454,33.50044033506903,34.25658574203765,34.602909088134766
2017-07-21,33.76534085433827,34.30392085547626,33.7305964298509,34.24311065673828,1787500,0.0,0,0.01310706144840057,0.8574654759528094,33.32014923095703,34.44490951336616,32.195388948547894,33.21373519133985,33.2050491214534,33.459179688627614,34.25658574203765,34.488990783691406
2017-07-24,34.217051375543264,34.71219504510549,33.96513524507078,34.59926986694336,3005900,0.0,0,0.010400901184921763,0.8663838896376765,33.42308731079102,34.61897612968027,32.22719849190177,33.59160716395945,33.40918621626802,33.459179688627614,34.25658574203765,34.23488235473633
2017-07-25,34.64270647874188,34.64270647874188,33.4786836421255,33.54817581176758,4120300,0.0,0,-0.030379081963807897,0.8400639424422509,33.41700687408447,34.60900481512284,32.225008933046105,33.74797173141293,33.40918621626802,33.4461497372734,34.25658574203765,34.07716369628906
2017-07-26,33.70453569995555,34.92936536821597,33.62635494182289,34.651390075683594,5207100,0.0,0,0.03288447843202991,0.8676890070390191,33.458268547058104,34.757577475333704,32.158959618782504,34.04766275835783,33.51777137782326,33.4461497372734,34.25658574203765,34.042110443115234
2017-07-27,34.21705278596149,35.858845369944895,34.173619768437554,35.798038482666016,6365200,0.0,0,0.03309097858637067,0.8964016853905765,33.555125617980956,35.20569577283301,31.9045554631289,34.59058316314071,33.98251137868772,33.4461497372734,34.21783757649302,34.62042617797852
2017-07-28,35.85884385107956,36.45823073419302,35.520061689525,36.31055450439453,5656200,0.0,0,0.014316874428097037,0.909235355757448,33.69541606903076,35.73976979824056,31.651062339820967,34.890275845264775,34.282204060811786,33.463521624866175,34.14894932046083,34.00706100463867
2017-07-31,36.47560816388947,37.622257121266216,36.40611268102929,37.36165237426758,5984700,0.0,0,0.028947447490669242,0.9355553984748967,33.88435230255127,36.48245931843664,31.2862452866659,35.47228903880137,34.872903324234834,33.288881989543356,34.135915859512934,34.156028747558594
2017-08-01,37.54407522997224,37.88285741440195,37.25741134239209,37.31821823120117,4836000,0.0,0,-0.0011625327121859153,0.9344677847201075,34.080238342285156,37.06884384103479,31.091632843535525,35.60258918536924,35.0032034708027,33.2544377877002,34.135915859512934,33.779232025146484
2017-08-02,37.2747840526069,37.58750707888,37.05761565255356,37.57013320922852,3514200,0.0,0,0.006750455674669142,0.9407758680802668,34.309567832946776,37.61690061017875,31.002235055714802,35.68077052826372,35.0032034708027,33.14034759104865,34.135915859512934,33.71790313720703
2017-08-03,37.58751931385099,37.72650700257741,37.25742231047777,37.34429168701172,2138400,0.0,0,-0.006011198335632462,0.9351206777478596,34.54845352172852,38.00612688946511,31.090780153991926,35.68077052826372,35.0032034708027,33.11428794058532,34.135915859512934,34.17353820800781
2017-08-04,37.46588828344061,37.61356118509521,36.74488770131136,36.805694580078125,2932300,0.0,0,-0.014422474830896759,0.9216339233091899,34.75997524261474,38.22660763777175,31.29334284745774,35.68077052826372,35.0032034708027,33.18767605523454,34.135915859512934,34.611663818359375
2017-08-07,36.91862262869821,37.483261712039415,36.33661299196384,37.422454833984375,2803100,0.0,0,0.016757196432317434,0.9370779240007694,35.00233497619629,38.502084827950576,31.502585124442,35.75460617811242,35.0032034708027,33.18767605523454,34.135915859512934,34.21735382080078
2017-08-08,37.42246159015779,37.474579887199255,36.33661955210159,36.43217086791992,2849500,0.0,0,-0.02646229303923564,0.9122806933752624,35.209947967529295,38.52487864617607,31.895017288882524,36.02823859141975,35.0032034708027,33.18767605523454,34.135915859512934,34.49775314331055
2017-08-09,36.36268137119036,36.82307736874623,36.31055975659402,36.81439208984375,2200200,0.0,0,0.010491310641617346,0.9218517135218124,35.40583419799805,38.61084810129739,32.2008202946987,36.701459551963474,35.0032034708027,33.18767605523454,34.11008166057756,34.91835021972656
2017-08-10,36.753588930241655,36.90995047618868,35.745927475098306,35.76329803466797,2368500,0.0,0,-0.028551172395041458,0.8955317663263868,35.531791877746585,38.579575034144476,32.484008721348694,36.814392444750126,35.0032034708027,33.18767605523454,34.11008166057756,35.26885223388672
2017-08-11,35.719861432570184,35.90228542706526,35.38976781415031,35.43320083618164,1581900,0.0,0,-0.009230054738417648,0.8872659591032024,35.624740028381346,38.536993119042215,32.71248693772048,36.63631261427613,35.0032034708027,33.19636152301683,34.11008166057756,35.19874954223633
2017-08-14,35.56349579867069,35.7980380670491,35.433196747611646,35.528751373291016,2116200,0.0,0,0.0026966386003661746,0.889658594737311,35.70682964324951,38.507765668356164,32.90589361814286,36.55813740836386,35.0032034708027,33.22459467252568,33.89911825911629,35.41781234741211
2017-08-15,35.43320798768579,35.67643561113376,35.27684642583271,35.563507080078125,1270500,0.0,0,0.0009782417181494196,0.8905288958895933,35.79152565002441,38.46321153340466,33.11983976664416,36.50167671420506,35.0032034708027,33.22459467252568,33.89911825911629,35.50543975830078
2017-08-16,35.56350592858011,35.67643445597927,35.02492907392892,35.15523147583008,2384000,0.0,0,-0.01148018397985151,0.8803054603254067,35.87318134307861,38.3533999955566,33.392962690600626,36.31924512951206,35.17693834860768,33.192019090177766,33.89911825911629,35.829647064208984
2017-08-17,35.25946278936904,35.25946278936904,34.69482360413614,34.75563049316406,3177200,0.0,0,-0.011366757261739191,0.8702992418417043,35.92095832824707,38.271665010443236,33.5702516460509,36.08904265808778,35.33330291606116,33.102981208587295,33.89911825911629,36.03994369506836
2017-08-18,34.660078431237785,34.764318336795014,34.26917464323963,34.451595306396484,1885500,0.0,0,-0.008747796614634207,0.8626860410802026,35.93138256072998,38.25360495590058,33.60916016555938,35.87187726521944,35.524408781450816,33.07257570502986,33.8474531062091,36.02241897583008
2017-08-21,34.45159054295387,34.45159054295387,34.043312941525464,34.18230056762695,1622600,0.0,0,-0.007816611578492894,0.8559427593828909,35.91053409576416,38.28765943095361,33.533408760574716,35.47663170885707,35.60258918536924,33.076919607514654,33.791481988919735,35.91727066040039
2017-08-22,34.26993408317664,34.830730210873966,34.26993408317664,34.78691864013672,2052800,0.34,0,0.017688045054591317,0.8710827134750067,35.97247123718262,38.15469771529031,33.79024475907492,35.47663170885707,35.60258918536924,33.13121209274699,33.791481988919735,36.16262435913086
2017-08-23,34.436424532504226,34.56786260695636,33.85810302161121,34.22612762451172,3578700,0.0,0,-0.0161207441632375,0.8570402119060574,35.95120811462402,38.1926434404532,33.709772788794844,34.88019422433823,35.60258918536924,33.13555516515494,33.791481988919735,36.320350646972656
2017-08-24,34.24365564725928,34.52405377528805,34.17355444394741,34.41014099121094,2262400,0.0,0,0.005376400413099391,0.8616480032553919,35.88181324005127,38.2227516473235,33.540874832779046,34.82807054433015,35.60258918536924,33.13555516515494,33.791481988919735,36.320350646972656
2017-08-25,34.51528260139106,34.73434380433729,34.45394573197481,34.602909088134766,1521400,0.0,0,0.005602072277851589,0.8664750176476951,35.79643096923828,38.19310509091807,33.39975684755849,34.767269316372484,35.68077052826372,33.13555516515494,33.791481988919735,36.21519470214844
2017-08-28,34.69052665689858,34.69052665689858,34.28745491048424,34.488990783691406,1555100,0.0,0,-0.003292159747413259,0.8636224434724561,35.652797889709475,38.000327786348194,33.30526799307076,34.76726873879524,35.68077052826372,33.209392156396625,33.791481988919735,36.36415481567383
2017-08-29,34.340030789542006,34.41013197448477,34.120969600508566,34.23488235473633,2226200,0.0,0,-0.007367812834791265,0.8572594349490259,35.49863109588623,37.79220631517862,33.205055876593846,34.55878290549012,35.68077052826372,33.50039669011373,33.791481988919735,35.94356918334961
2017-08-30,34.252413345171405,34.296224921739736,33.67409184368599,34.07716369628906,3337800,0.0,0,-0.00460695780441156,0.853310076904782,35.323982620239256,37.48686533915533,33.16109990132318,34.252411027279976,35.75460617811242,33.57857897384048,33.791481988919735,36.05746841430664
2017-08-31,34.09468633646236,34.375084415762814,33.980773572181306,34.042110443115234,3247500,0.0,0,-0.0010286435070194777,0.8524323250346996,35.158873558044434,37.17748557731418,33.14026153877469,34.252411027279976,35.77847462904397,33.78271706809055,33.791481988919735,35.39153289794922
2017-09-01,34.10344167796823,34.629190496725656,34.00705757000717,34.62042617797852,2346400,0.0,0,0.016988245656204493,0.8669136547776786,35.04961013793945,36.930247219804265,33.16897305607464,34.252411027279976,35.77847462904397,34.28654727091421,33.98251137868772,35.207515716552734
2017-09-05,34.56785712719908,34.786918321487285,33.954485114670426,34.00706100463867,1440200,0.0,0,-0.017716857966641686,0.8515546686866402,34.87884044647217,36.4600504875809,33.297630405363435,34.23050508258664,35.77847462904397,34.58623995303828,34.282204060811786,34.804443359375
2017-09-06,34.156028747558594,34.383854313074366,34.068405587042875,34.156028747558594,1064000,0.0,0,0.004380494477296937,0.8552848992099384,34.7650333404541,36.202265102309475,33.32780157859873,34.23050508258664,35.77847462904397,35.1725961815181,34.86421725434838,34.935874938964844
2017-09-07,33.90190574654483,34.24364398236505,33.75294575416347,33.779232025146484,1871900,0.0,0,-0.01103163149313846,0.8458497113802084,34.613275337219235,35.76211105221674,33.46443962222173,34.23050508258664,35.700299423131696,35.30289632808597,34.99451740091625,34.78691864013672
2017-09-08,33.612754685803914,33.81429061041364,33.35864286418813,33.71790313720703,1720600,0.0,0,-0.0018155796997929574,0.8443140038151508,34.511005592346194,35.59369507783035,33.42831610686204,34.0727805928377,35.54257493338277,35.34198699953321,34.99451740091625,34.71681594848633
2017-09-11,33.95447706564879,34.208588793011124,33.735415923289764,34.17353820800781,1426900,0.0,0,0.013513149644765354,0.8557233452958759,34.4480224609375,35.45164124833967,33.444403673535334,34.0727805928377,35.48610202464167,35.34198699953321,34.99451740091625,35.04978942871094
2017-09-12,34.2348783498901,34.74310185344701,34.19106678573026,34.611663818359375,1036400,0.0,0,0.012820610136555777,0.8666942406906636,34.402168083190915,35.27852998588245,33.52580618049938,34.0727805928377,35.42095228811377,35.34198699953321,34.99451740091625,36.530643463134766
2017-09-13,34.55908870854009,34.6992877225513,34.04210421763474,34.21735382080078,1724400,0.0,0,-0.011392402273057933,0.8568205112529731,34.33486042022705,35.03049103369156,33.63922980676254,34.0727805928377,35.41661137569369,35.378904824457564,34.99451740091625,36.19766998291016
2017-09-14,34.147257266434664,34.51527843854558,33.72666020861863,34.49775314331055,2789700,0.0,0,0.008194652455541629,0.8638418575594707,34.30198650360107,34.892597614787036,33.71137539241511,34.0727805928377,35.134296670188405,35.51572103111123,34.99451740091625,36.59197998046875
2017-09-15,34.40136570914659,35.01473767226646,34.252405713481856,34.91835021972656,4193300,0.0,0,0.01219201362676503,0.8743738292582058,34.3101224899292,34.92960396136425,33.69064101849415,34.186690268227295,35.134296670188405,35.852331511383085,34.99451740091625,36.25900268554688
2017-09-18,34.988454172976304,35.295138507531895,34.804443572242945,35.26885223388672,1538800,0.0,0,0.010037759858486872,0.8831505837828453,34.35098533630371,35.09851686087183,33.603453811735584,34.32689068586001,34.63046414562669,35.908797957776414,34.99451740091625,36.03994369506836
2017-09-19,35.23380013400348,35.53172347880749,35.076075813659685,35.19874954223633,2259400,0.0,0,-0.0019876658073674225,0.8813951755647036,34.40180778503418,35.23121708878249,33.572398481285866,34.44518317149781,34.57834046561861,35.81975804253942,34.99451740091625,33.78799819946289
2017-09-20,35.1637039019945,35.71573570584762,35.102367034899714,35.41781234741211,1338300,0.0,0,0.006223596236363926,0.8868806232620974,34.43335247039795,35.362127107745614,33.504577833050284,34.537189285017874,34.537189285017874,35.78067043958328,34.99451740091625,34.41014099121094
2017-09-21,35.36524072376352,35.66316408998129,35.30390385506651,35.50543975830078,1870700,0.0,0,0.0024741056852732868,0.8890748596542688,34.4973180770874,35.531622221478344,33.463013932696455,34.72119795723313,34.537189285017874,35.75244009250388,34.99451740091625,33.79676055908203
2017-09-22,35.496673125401884,36.01365765830958,35.479151172009054,35.829647064208984,1549400,0.0,0,0.009131200968505393,0.8971931808738176,34.5682933807373,35.754372860517186,33.38221390095742,34.87015893346411,34.686150261248855,35.74809173905987,34.99451740091625,32.9993782043457
2017-09-25,35.855929776630795,36.25900485942004,35.84716880080429,36.03994369506836,1622100,0.0,0,0.005869346981914436,0.9024591189621736,34.64014511108398,35.990537015850244,33.28975320631772,34.992832534019335,34.808823861804086,35.71117278707447,34.99451740091625,32.48238754272461
2017-09-26,35.9698430922075,36.33786759234927,35.80335780798155,36.02241897583008,1122100,0.0,0,-0.00048625823021686276,0.9020202907881439,34.71681652069092,36.1938022695962,33.23983077178564,35.032263900483954,34.8482552282687,35.69814302333513,34.99451740091625,31.685009002685547
2017-09-27,35.93479261238638,36.162618099502126,35.71573144387178,35.91727066040039,2252400,0.0,0,-0.0029189687538818676,0.899387321743966,34.800935935974124,36.34925288077604,33.252618991172206,35.29513665291556,34.8482552282687,35.539610447113155,34.99451740091625,32.25456619262695
2017-09-28,35.829650389421715,36.25901182477894,35.80336411428451,36.16262435913086,1628800,0.0,0,0.006831078593089623,0.9055311072244274,34.90520896911621,36.52456080502689,33.28585713320553,35.57115558229611,34.8482552282687,35.539610447113155,34.99451740091625,32.28085708618164
2017-09-29,36.294061027813946,36.46054969291973,36.09252510817807,36.320350646972656,2103300,0.0,0,0.004361583005575431,0.9094806563127174,35.01912097930908,36.69963263570861,33.33860932290955,35.768312753289706,34.90959627855393,35.24139170485374,34.99451740091625,32.754032135009766
2017-10-02,36.320350646972656,36.7234224862444,36.15386198186686,36.320350646972656,1792300,0.0,0,0.0,0.9094806563127174,35.104117202758786,36.866250298089085,33.34198410742849,35.91289476057206,35.041032675216265,35.21532986484969,34.99451740091625,33.29730224609375
2017-10-03,36.38167999018529,36.39044096635218,35.68944588171252,36.21519470214844,2940000,0.0,0,-0.0028952348463349153,0.9068474962244932,35.21452388763428,36.96440408162071,33.46464369364785,36.013663170655455,35.041032675216265,35.22401992231811,34.99451740091625,32.894229888916016
2017-10-04,36.28529265947768,36.46054226687004,36.07499246208519,36.36415481567383,1617700,0.0,0,0.004113193778205959,0.9105775357037454,35.32493019104004,37.07235034141021,33.57751004066987,36.10128682912673,35.041032675216265,35.22401963352948,34.99451740091625,32.50868225097656
2017-10-05,36.28530418790492,36.34664106858873,35.92604388278148,35.94356918334961,2646200,0.0,0,-0.011565939988324336,0.9000458505710797,35.4331470489502,37.04573316486942,33.820560933030976,36.20643418397846,35.041032675216265,35.11977671687692,34.99451740091625,32.088077545166016
2017-10-06,35.882218817098455,36.06622938999343,35.79459234719034,36.05746841430664,1463500,0.0,0,0.0031688347469343014,0.9028979471362033,35.55012531280518,36.97457399609333,34.125676629517024,36.20643418397846,35.041032675216265,35.0035086026962,34.99451740091625,31.693775177001957
2017-10-09,36.05748092997137,36.11005348755629,35.338960340364295,35.39153289794922,1289200,0.0,0,-0.018468726331691054,0.8862225720450991,35.61102504730225,36.890085041230705,34.33196505337379,36.03119141330435,35.041032675216265,35.01544282816197,34.99451740091625,31.518526077270508
2017-10-10,35.593062218480526,35.82964871146187,35.163704145839574,35.207515716552734,2129400,0.0,0,-0.005199469091296316,0.8816146851737415,35.640817642211914,36.85052603713625,34.43110924728758,35.94356331604199,35.041032675216265,35.01544282816197,34.99451740091625,31.60614585876465
2017-10-11,35.35647515819878,35.487913210837895,34.699291580220304,34.804443359375,2956800,0.0,0,-0.01144847482062561,0.8715215416490362,35.670172119140624,36.761803755836226,34.57854048244502,35.71135703323235,35.041032675216265,35.00448985581531,34.99451740091625,31.25564384460449
2017-10-12,34.68176651863178,35.005976118786535,34.55032847777022,34.935874938964844,2708700,0.0,0,0.0037762873617239734,0.8748126574322356,35.69207820892334,36.702432255387734,34.68172416245895,35.63687548200731,35.041032675216265,35.00448985581531,35.0032034708027,31.87778663635254
2017-10-13,35.11112827472263,35.18122946198908,34.76062902360751,34.78691864013672,1952200,0.0,0,-0.0042637059781202025,0.8710827134750065,35.685506629943845,36.717618814253434,34.653394445634255,35.505435372320136,35.041032675216265,34.965402252859164,35.0032034708027,31.7097282409668
2017-10-16,34.72558026781914,34.83948967827822,34.51528005774129,34.71681594848633,1299900,0.0,0,-0.0020152026793631705,0.8693273052568647,35.65790481567383,36.760991998355784,34.55481763299188,35.487911162305664,35.225041347431514,34.807677763110235,35.0032034708027,31.84241104125977
2017-10-17,34.6817682441615,35.07607570114778,34.59414176502469,35.04978942871094,1898400,0.0,0,0.009591129575900137,0.8776651360854514,35.65045680999756,36.767918777248994,34.53299484274612,35.430960563165016,35.225041347431514,34.779441308739685,35.0032034708027,32.3642692565918
2017-10-18,35.076077270469554,36.6883677900293,35.076077270469554,36.530643463134766,4779200,0.0,0,0.042250012298527206,0.9147464988790502,35.70609836578369,36.88164101131187,34.53055572025551,35.60182392388529,35.225041347431514,34.746866440475735,35.0032034708027,32.29350662231445
2017-10-19,36.36415527359486,36.6095027214688,36.162619392468656,36.19766998291016,2466200,0.0,0,-0.00911490870837317,0.9064086680504637,35.74070987701416,36.931412566966365,34.55000718706196,35.60182392388529,35.225041347431514,34.7446959842657,35.0032034708027,32.35541915893555
2017-10-20,36.25024505633079,36.94247922413301,36.23271975988673,36.59197998046875,3359300,0.0,0,0.010893242513806856,0.9162823974881541,35.778826522827146,37.02655135661293,34.531101689041364,35.72887964093715,35.59744246880743,34.603538631513054,35.0032034708027,33.12494659423828
2017-10-23,36.58321225341943,36.79351242933625,36.22395209912609,36.25900268554688,2473800,0.0,0,-0.00909973428875932,0.9079444711375445,35.78977947235107,37.05040038089335,34.52915856380879,35.72887964093715,35.72887964093715,34.66049346920785,35.0032034708027,32.12544631958008
2017-10-24,36.20642897663672,36.25900485942004,35.55800980201629,36.03994369506836,3676300,0.0,0,-0.006041506226144522,0.9024591189621736,35.79065570831299,37.051953728354675,34.529357688271304,35.72887964093715,35.72887964093715,34.47867741574335,35.0032034708027,32.479251861572266
2017-10-25,32.48239207300398,34.68176823066009,32.42105520893629,33.78799819946289,9094000,0.0,0,-0.0624847118147307,0.8460692209892464,35.68419208526611,37.21804526787981,34.150338902652415,34.68176721653465,34.68176721653465,34.51176181855821,35.0032034708027,32.04584884643555
2017-10-26,34.04211635904234,34.63796321675581,33.91944259585592,34.41014099121094,4866400,0.0,0,0.018413129658505056,0.8616480032553918,35.596567916870114,37.21012669892401,33.98300913481622,34.68176721653465,34.68176721653465,34.537189285017874,35.0032034708027,33.26647186279297
2017-10-27,34.52404532365825,34.7343421968936,33.709137419002055,33.79676055908203,5278100,0.0,0,-0.017825571603602985,0.8462886350762613,35.470388412475586,37.22772278658151,33.71305403836966,34.68176721653465,34.68176721653465,34.6291936211255,35.0032034708027,33.461055755615234
2017-10-30,33.73542395153815,33.73542395153815,32.90299074395251,32.9993782043457,5160100,0.0,0,-0.023593455157998933,0.8263217621138654,35.30433979034424,37.32057544553148,33.28810413515699,34.68176721653465,34.68176721653465,34.77815459735648,35.17693834860768,33.57604217529297
2017-10-31,33.726656631579125,33.726656631579125,32.394764418451,32.48238754272461,3073500,0.0,0,-0.015666678881634533,0.8133760444139211,35.117699432373044,37.43431616222835,32.80108270251774,34.66862182129201,34.66862182129201,34.90082819791171,35.33330291606116,33.7087287902832
2017-11-01,32.57877901992459,32.62259058748753,31.606146844028917,31.685009002685547,3434500,0.0,0,-0.024548027419174723,0.7934092669735483,34.88374214172363,37.569577645914485,32.197906637532775,34.27431303408096,34.27431303408096,34.940259564376326,35.524408781450816,33.567195892333984
2017-11-02,31.71129211267131,32.28961343761763,31.404607827702808,32.25456619262695,4880800,0.0,0,0.017975604485172436,0.8076712781515354,34.6992919921875,37.5709948459223,31.82758913845269,34.09906012851953,34.17354352591791,35.07169594059213,35.60258918536924,33.51413345336914
2017-11-03,32.24580649356204,32.34219395196171,31.930357845202558,32.28085708618164,2203500,0.0,0,0.0008151060968446533,0.8083296159346031,34.51046142578125,37.49577411368069,31.525148737881814,33.831806343561425,34.17354352591791,35.209705405282406,35.60258918536924,33.54951477050781
2017-11-06,32.20199696538698,32.84165527950475,32.14942107312476,32.754032135009766,2600000,0.0,0,0.014658069566271692,0.8201781676774501,34.37858638763428,37.42958172412964,31.32759105113892,33.069475012298206,34.17354352591791,35.33895451592181,35.60258918536924,32.68269348144531
2017-11-07,32.78907865999071,33.33235284015781,32.76279238574697,33.29730224609375,4020800,0.0,0,0.01658635824880017,0.8337819365943928,34.28307571411133,37.343982390205404,31.222169038017253,33.069475012298206,34.17354352591791,35.476963717894165,35.60258918536924,32.37311172485352
2017-11-08,33.183388928559445,33.60398602242807,32.85041831837714,32.894229888916016,5172400,0.0,0,-0.012105255681037042,0.8236887930696875,34.18756504058838,37.296793702703376,31.078336378473384,33.069475012298206,34.17354352591791,35.52734792293586,35.62075013929504,32.921504974365234
2017-11-09,31.33451403080464,32.79784465284244,29.985099516590264,32.50868225097656,8636100,0.0,0,-0.011720828827470609,0.8140344777190118,34.06620540618896,37.23865344433081,30.893757368047115,31.86026173406421,33.46378937036164,35.571159752171496,35.62075013929504,33.19570541381836
2017-11-10,32.210751259047626,32.46486300500697,31.65871954658037,32.088077545166016,3805700,0.0,0,-0.01293822685777768,0.8035023149762307,33.93126335144043,37.198821202958776,30.663705499922077,31.855878074084693,33.46378937036164,35.623733429597365,35.62075013929504,33.16917419433594
2017-11-13,31.798926967528143,32.15818722863706,31.61491634802065,31.693775177001957,3509800,0.0,0,-0.012288126878559624,0.7936287765825863,33.78011131286622,37.16714664813869,30.393075977593746,31.794542769509164,33.46378937036164,35.623733429597365,35.62075013929504,32.03699493408203
2017-11-14,31.509761757534346,31.649960789835607,31.027827792911783,31.518526077270508,4418300,0.0,0,-0.0055294485668786475,0.7892404470812782,33.6035481452942,37.075457004377945,30.13163928621045,31.794542769509164,33.46378937036164,35.53611204426031,35.62075013929504,32.24044418334961
2017-11-15,31.378323708974293,31.658721743766225,30.948962337982007,31.60614585876465,2929400,0.0,0,0.0027799453971715238,0.7914344924294033,33.35732326507569,36.65630967352132,30.058336856630063,31.794542769509164,33.46378937036164,35.49229799562913,35.62075013929504,32.32004165649414
2017-11-16,31.70253047057256,31.869015744254185,31.22059660035064,31.25564384460449,3890200,0.0,0,-0.01108967906831837,0.7826577379047638,33.1102219581604,36.2563793024629,29.964064613857904,31.794542769509164,33.46378937036164,35.37619485422431,35.62075013929504,32.02814865112305
2017-11-17,31.30822618151705,32.14065940681175,31.24688931316352,31.87778663635254,4460000,0.0,0,0.019904974437294998,0.7982365201709092,32.87451229095459,35.618537055753954,30.13048752615523,31.794542769509164,33.46378937036164,35.33895407861179,35.62075013929504,31.71857070922852
2017-11-20,31.9131688059124,32.001618584820484,31.532828683150623,31.7097282409668,2620700,0.34,0,-0.005271959352224576,0.7940282496831069,32.647048568725594,34.944596649234185,30.349500488217004,31.794542769509164,33.46378937036164,35.2732340237682,35.54257493338277,31.84241104125977
2017-11-21,32.019313999650976,32.3377386499265,31.815876778451237,31.84241104125977,2367600,0.0,0,0.004184293201275446,0.7973506966898766,32.437171936035156,34.14127266182545,30.733071210244866,31.391472084716355,33.46378937036164,35.35647625486859,35.54257493338277,32.19620895385742
2017-11-22,31.913169969090347,32.673846868196435,31.913169969090347,32.3642692565918,1933500,0.0,0,0.016388778307516727,0.810418300491271,32.3659854888916,33.95204993120016,30.77992104658305,31.811404603089223,33.46378937036164,35.328000955298265,35.48610202464167,32.42618179321289
2017-11-24,32.43502829773247,32.46156593159659,32.04584453386865,32.29350662231445,585600,0.0,0,-0.00218644313320715,0.8086463669631364,32.26015377044678,33.53549979003513,30.984807750858423,31.811404603089223,33.46378937036164,35.4134326356584,35.42095228811377,31.83356475830078
2017-11-27,32.320037903499696,32.42617829566502,32.01045697964936,32.35541915893555,2166600,0.0,0,0.0019171822170067632,0.8101966893977253,32.188086700439456,33.25107239076168,31.125101010117238,31.811404603089223,33.46378937036164,35.4134326356584,35.41661137569369,31.65665054321289
2017-11-28,32.488097422070055,33.14263722392546,32.20505409536031,33.12494659423828,3128700,0.0,0,0.023783571819072424,0.8294660605475908,32.19436511993408,33.27795282092178,31.110777418946384,32.045799780953736,33.38930597296326,35.66316105487229,35.15056104416057,31.84241104125977
2017-11-29,32.726914201870166,33.00111388690144,32.0989120634663,32.12544631958008,4559700,0.0,0,-0.03017364184466509,0.8044380487143225,32.17651805877686,33.252186052271384,31.10085006528233,32.181616912138054,33.12205218800515,35.72887964093715,35.15056104416057,31.983922958374023
2017-11-30,32.328883205250406,32.771138798685136,32.18736155031699,32.479251861572266,4099300,0.0,0,0.011013249075906062,0.8132975253109491,32.21623020172119,33.27470523782841,31.157755165613974,32.19476326854449,32.35972085674193,35.72887964093715,35.15056104416057,32.13429260253906
2017-12-01,32.50579519697705,32.735766685176124,31.497452702158245,32.04584884643555,3127000,0.0,0,-0.013343996252866197,0.8024448861807345,32.20579433441162,33.2666908315349,31.14489783728834,32.32004496304185,32.35972085674193,34.68176721653465,34.68176721653465,32.07237243652344
2017-12-04,32.514635203250265,33.9210083614401,32.47925731418449,33.26647186279297,4391500,0.0,0,0.03808989495665016,0.8330099276038597,32.25507507324219,33.413527510160804,31.096622636323573,32.70923053179917,32.35972085674193,34.68176721653465,34.68176721653465,32.10776138305664
2017-12-05,33.284152864894544,33.531814887418314,32.91265645696689,33.461055755615234,3742400,0.0,0,0.005849249467296147,0.837882410479149,32.29042625427246,33.54767881919423,31.03317368935069,32.70923053179917,31.953053939015184,34.68176721653465,34.68176721653465,33.1337776184082
2017-12-06,33.461058156096314,33.62026705761031,33.19570211390776,33.57604217529297,2867900,0.0,0,0.0034364253333052375,0.8407617308208504,32.30436325073242,33.61168855340854,30.997037948056303,32.70923053179917,31.953053939015184,34.68176721653465,34.68176721653465,32.815364837646484
2017-12-07,33.56720710630201,33.87678473559116,33.38146052872851,33.7087287902832,3580300,0.0,0,0.003951824169671658,0.8440842733496432,32.345088195800784,33.77015278456093,30.920023607040637,32.70923053179917,31.953053939015184,34.66862182129201,34.66862182129201,32.098907470703125
2017-12-08,33.6556456499697,33.74409878174739,33.425674255631655,33.567195892333984,5133000,0.0,0,-0.004198701731820131,0.8405402152493279,32.39801387786865,33.91987137374819,30.876156381989116,32.70923053179917,31.953053939015184,34.27431303408096,34.27431303408096,32.33773422241211
2017-12-11,33.593739607321154,33.69103639261172,33.36376814820584,33.51413345336914,2784900,0.0,0,-0.0015807825930721497,0.8392115039082846,32.46931667327881,34.05926663616518,30.879366710392446,32.70923053179917,31.953053939015184,34.136301827218716,34.17354352591791,32.47039794921875
2017-12-12,33.54951477050781,33.806023864118806,33.29300567689682,33.54951477050781,2494100,0.0,0,0.0010557133213036085,0.8400974706723517,32.5621036529541,34.17685957860706,30.947347727301143,32.70923053179917,31.953053939015184,34.002674934739666,34.17354352591791,32.815364837646484
2017-12-13,33.46106437667413,33.59373904829105,32.52348117619072,32.68269348144531,2948400,0.0,0,-0.0258370737994843,0.8183918103238301,32.62031202316284,34.16189575673596,31.07872828958972,32.70923053179917,31.953053939015184,33.62150926910806,34.17354352591791,32.79767608642578
2017-12-14,32.10775901382543,32.682692699505274,32.054690496105486,32.37311172485352,5274000,0.0,0,-0.009472345257209192,0.8106397205407704,32.658660316467284,34.133424870169456,31.183895762765115,32.98784942877279,31.953053939015184,33.62150926910806,34.17354352591791,33.19570541381836
2017-12-15,32.55000854931834,33.478744550722354,32.488093040834215,32.921504974365234,11274800,0.0,0,0.016939775643831645,0.8243717755347094,32.74195337295532,34.069674563137276,31.41423218277337,32.965737615848326,31.953053939015184,33.62150926910806,34.17354352591791,32.9038200378418
2017-12-18,33.21339604333233,33.416833221529146,32.965733978421866,33.19570541381836,3613100,0.0,0,0.0083289156940618,0.831237898553702,32.80784931182861,34.08688074051879,31.52881788313844,32.965737615848326,32.434985349711056,32.662025552212924,33.46378937036164,32.89496994018555
2017-12-19,33.18686482547006,33.23993671887244,32.956889994869314,33.16917419433594,2515800,0.0,0,-0.0007992365021824988,0.8305735428831804,32.88082160949707,34.0627569623616,31.698886256632544,32.965737615848326,32.434985349711056,32.65983372222317,33.46378937036164,32.753440856933594
2017-12-20,33.248774264873504,33.301846148566966,31.877782657143907,32.03699493408203,5470700,0.0,0,-0.03413347747581974,0.8022231795651655,32.890550804138186,34.04056640969118,31.740535198585196,32.841903260631355,32.434985349711056,32.6291660699354,33.46378937036164,32.30234909057617
2017-12-21,32.11661311577244,32.417347154521366,31.93086314026316,32.24044418334961,3359200,0.0,0,0.006350447340213616,0.8073176556220929,32.88435955047608,34.04704312345271,31.72167597749944,32.841903260631355,32.434985349711056,32.6291660699354,33.46378937036164,33.089561462402344
2017-12-22,32.25812613936291,32.51463183570261,32.11660447532829,32.32004165649414,1333300,0.0,0,0.002468870239251908,0.809310818155681,32.88568630218506,34.04569852644054,31.725674077929575,32.841903260631355,32.57080248089537,32.6291660699354,33.46378937036164,34.06252670288086
2017-12-26,32.40848872409764,32.62077288948856,31.95738951208763,32.02814865112305,1897600,0.0,0,-0.009031331347694738,0.802001663993643,32.869322776794434,34.06781246093524,31.67083309265363,32.735760852717476,32.58394883730181,32.6291660699354,33.46378937036164,33.16032791137695
2017-12-27,32.11660140570267,32.11660140570267,31.674345826096346,31.71857070922852,2073100,0.0,0,-0.009665808200989279,0.7942496697326062,32.799003982543944,34.09164303538286,31.506364929705025,32.57654518840935,32.70923053179917,32.6291660699354,33.46378937036164,31.913166046142575
2017-12-28,31.683198716122003,31.86894530406829,31.44438022841536,31.84241104125977,2577000,0.0,0,0.003904347808308284,0.7973506966898763,32.78485221862793,34.11278071405072,31.456923723205147,32.461562389568854,32.68269429492773,32.6291660699354,33.46378937036164,32.603084564208984
2017-12-29,31.930852895168183,32.38195549562593,31.82471249617796,32.19620895385742,3043900,0.0,0,0.011110902127958289,0.8062099822424569,32.77070007324219,34.11745922949571,31.423940916988666,32.43060672497225,32.68269429492773,32.427630727539,33.46378937036164,33.22224044799805
2018-01-02,32.19621035635919,32.567703456078846,31.79817962512913,32.42618179321289,3913100,0.0,0,0.007142854603939819,0.8119686229258597,32.789716720581055,34.10503572052473,31.474397720637377,32.37311318849116,32.68269429492773,32.63759698672543,33.46378937036164,29.98492813110352
2018-01-03,32.39080447569239,32.59424167993516,31.815874126521887,31.83356475830078,2879400,0.0,0,-0.01827588085120002,0.7971291811183537,32.718071365356444,34.077555572512544,31.358587158200347,32.37311318849116,32.68269429492773,32.63759698672543,33.46378937036164,29.80802726745605
2018-01-04,31.97507505357099,31.97507505357099,31.55935379014327,31.65665054321289,3540900,0.0,0,-0.005557474207840918,0.7926991562539711,32.62785110473633,34.01762008280899,31.238082126663667,32.03257655895196,32.68269429492773,32.63759698672543,33.46378937036164,29.719572067260746
2018-01-05,31.815876778451237,31.93086083338373,31.57705829074459,31.84241104125977,4482800,0.0,0,0.005867977024079263,0.7973506966898765,32.54116954803467,33.89911881793915,31.183220278130186,32.03257655895196,32.68269429492773,32.71755287695849,33.46378937036164,29.2419376373291
2018-01-08,32.55885655390125,32.72691245723367,31.86893556444013,31.983922958374023,7051700,0.0,0,0.004444133232589964,0.8008942294190647,32.45492925643921,33.72027981229183,31.189578700586583,32.08564634282451,32.68269429492773,32.6518345500716,33.46378937036164,29.17118453979492
2018-01-09,31.90431780755369,32.222742370368906,31.877783552033204,32.13429260253906,4840500,0.0,0,0.00470141340575192,0.8046595642858448,32.38328409194946,33.54561180525084,31.220956378648083,32.08564634282451,32.68269429492773,32.27724206264321,33.46378937036164,29.719572067260746
2018-01-10,32.10775369190075,32.19620683034401,31.89547290792136,32.07237243652344,3309000,0.0,0,-0.0019269185969487124,0.8031090508072098,32.31119604110718,33.3556922186559,31.266699863558454,32.08564634282451,32.68269429492773,32.33988290989189,33.46378937036164,29.790340423583984
2018-01-11,32.20505817157978,32.41734238055237,32.01931159756816,32.10776138305664,3879600,0.0,0,0.001103409066580463,0.8039952086153234,32.239108371734616,33.11562526075661,31.362591482712627,32.14313312368847,32.66058248200326,32.534475694270554,33.46378937036164,29.28616714477539
2018-01-12,32.18735122207746,33.2399213561558,32.18735122207746,33.1337776184082,2777500,0.0,0,0.0319553961769814,0.8296871940310209,32.261662578582765,33.20414843204661,31.31917672511892,32.39963757314953,32.66058248200326,32.33114223540718,33.46378937036164,28.764305114746094
2018-01-16,33.26646744833948,33.35491722048113,32.788830580832496,32.815364837646484,3042000,0.0,0,-0.009609914825553068,0.8217139707645307,32.28377523422241,33.25628714527478,31.311263323170035,32.457135505312195,32.66058248200326,32.33114223540718,33.46378937036164,28.31320571899414
2018-01-17,32.983418538791,32.983418538791,31.868932703480784,32.098907470703125,4129200,0.0,0,-0.02183298495957675,0.8037735019997546,32.24264535903931,33.17195608077291,31.313334637305704,32.457135505312195,32.625202046267084,32.33114223540718,33.46378937036164,29.41884422302246
2018-01-18,32.169674916585784,32.80652412994275,32.169674916585784,32.33773422241211,2848400,0.0,0,0.007440338956301362,0.8097538492987262,32.199746799469,33.02093582651554,31.37855777242245,32.46598775561286,32.625202046267084,32.33114223540718,33.46378937036164,29.887636184692383
2018-01-19,32.44386369898575,32.53231344919019,32.20504532446376,32.47039794921875,3172800,0.0,0,0.004102443476534434,0.8130758186953804,32.16480798721314,32.86780893622584,31.461807038200437,32.611924961980954,32.625202046267084,32.33114223540718,33.46378937036164,29.33039093017578
2018-01-22,32.46156237493735,32.841902468603,32.45271537323767,32.815364837646484,3262600,0.0,0,0.010624042519196575,0.8217139707645307,32.20372648239136,32.958944258945785,31.448508705836932,32.611924961980954,32.519059638353205,32.33114223540718,33.46378937036164,28.86160087585449
2018-01-23,32.78882908512967,32.965731995485854,32.550010662270175,32.79767608642578,2692900,0.0,0,-0.0005390386883771248,0.8212710351435086,32.23158807754517,33.03050600477131,31.432670150319026,32.611924961980954,32.461562389568854,32.33114223540718,33.46378937036164,28.5697078704834
2018-01-24,33.05418375184915,33.51412999678471,32.824212316452666,33.19570541381836,3493200,0.0,0,0.012135900310245251,0.8312378985537022,32.27537126541138,33.17918303549328,31.37155949532948,32.69153135013275,32.479255112600036,32.470451683893984,33.46378937036164,28.90582656860352
2018-01-25,33.34607567444144,33.37260993291174,32.86843877711957,32.9038200378418,2249000,0.0,0,-0.008792865593242105,0.8239289354357106,32.319154834747316,33.255434944900685,31.38287472459395,32.69153135013275,32.479255112600036,32.45939577743175,33.46378937036164,29.40115165710449
2018-01-26,32.965732454971274,33.16032599648961,32.81536379812281,32.89496994018555,2500000,0.0,0,-0.00026896869865178363,0.8237073243421649,32.37797479629516,33.30357640724486,31.45237318534546,32.69153135013275,32.479255112600036,32.70036148277969,33.46378937036164,29.74073982238769
2018-01-29,32.753440856933594,32.97456860427804,32.56769435895826,32.753440856933594,2386800,0.0,0,-0.004302453642891391,0.8201633617638726,32.42352628707886,33.32843381322976,31.518618760927957,32.69153135013275,32.479255112600036,32.70036148277969,33.46378937036164,29.2224235534668
2018-01-30,32.64730791510043,32.886126341496244,32.24043357715605,32.30234909057617,3195600,0.0,0,-0.013772347410086816,0.8088677870126358,32.42883329391479,33.32953574305463,31.528130844774953,32.84190245668525,32.479255112600036,32.638444305171205,33.46378937036164,29.302852630615234
2018-01-31,32.47924999326077,33.22223948245766,32.266965836000715,33.089561462402344,3989100,0.0,0,0.024370127683866594,0.8285799982615004,32.46200227737427,33.40809041337854,31.51591414137,32.859587660624236,32.479255112600036,32.638444305171205,33.46378937036164,29.856922149658203
2018-02-01,32.91266275439714,34.7170665115429,32.74460683183516,34.06252670288086,6983600,0.0,0,0.02940399320746634,0.8529435589022241,32.57345037460327,33.70612381713455,31.440776932071994,33.478750044349475,33.08072336997913,32.70635287076336,33.46378937036164,30.312685012817383
2018-02-02,33.97407663354934,34.06252640799673,32.921509471397854,33.16032791137695,4037200,0.0,0,-0.026486549261995895,0.8303520273116582,32.64863424301147,33.725567675480384,31.57170081054256,33.478750044349475,33.08072336997913,32.65985484500965,33.46378937036164,29.93734169006348
2018-02-05,32.92150828472412,33.23993285988513,31.904319044531167,31.913166046142575,4476800,0.0,0,-0.037610058277092295,0.7991224391739651,32.652171993255614,33.718792683901555,31.585551302609673,33.31069277803704,33.08072336997913,32.64288786010426,33.46378937036164,29.97309112548828
2018-02-06,31.5416704105629,32.85074662954079,31.17902094026594,32.603084564208984,5640600,0.0,0,0.021618617127140194,0.8163983612241734,32.68313007354736,33.704894347162224,31.6613657999325,32.94804372590442,32.94804372590442,32.57212834224829,33.46378937036164,29.910541534423828
2018-02-07,32.54116644859494,33.54950863306577,32.505785192332944,33.22224044799805,6865200,0.0,0,0.018990714899066896,0.8319023497462471,32.737527465820314,33.75236571119882,31.722689220441804,32.94804372590442,32.94804372590442,32.55665050994999,33.46378937036164,29.93734169006348
2018-02-08,32.479249204053545,32.63846147459437,29.98492813110352,29.98492813110352,11833000,0.0,0,-0.09744412999363528,0.7508383490355631,32.633155250549315,34.19146853746013,31.074841963638498,32.35099732132321,32.35099732132321,32.527903741709444,33.46378937036164,29.204551696777344
2018-02-09,30.285664111672148,31.0551878890365,29.6311243576565,29.80802726745605,12169000,0.0,0,-0.0058996594180250606,0.7464086584982611,32.51816854476929,34.5012988988754,30.53503819066318,32.1740954345997,32.1740954345997,32.527903741709444,33.46378937036164,28.963266372680664
2018-02-12,30.1176027432086,30.28566201424332,29.144641867906834,29.719572067260746,9335100,0.0,0,-0.002967495950054966,0.7441936938270816,32.34745826721191,34.65438565015561,30.040530884268218,31.93085418972487,31.93085418972487,32.357635426939844,33.46378937036164,28.990074157714844
2018-02-13,29.648811925974627,29.70188380567961,29.1446408782743,29.2419376373291,5294000,0.0,0,-0.01607137642664136,0.7322334768392539,32.16878690719604,34.833092272243604,29.504481542148486,31.9308536949086,31.9308536949086,32.357635426939844,33.38930597296326,28.43600845336914
2018-02-14,29.10042538484129,29.330396856119474,28.596254174527907,29.17118453979492,5377000,0.0,0,-0.002419576240524579,0.730461782116177,32.02240076065063,34.993541880254945,29.051259641046325,31.329390291262317,31.656660343035405,32.384170318876116,33.12205218800515,28.15897560119629
2018-02-15,29.303854138285978,29.72841906791632,29.056188732061685,29.719572067260746,4893800,0.0,0,0.018798946155845098,0.7441936938270817,31.891492652893067,35.023663062754906,28.75932224303123,31.07288140379684,31.656660343035405,32.384170318876116,32.35972085674193,28.623674392700195
2018-02-16,29.70189064451885,30.30335521561876,29.675353011485083,29.790340423583984,4972900,0.0,0,0.002381203745567939,0.7459657706382508,31.75748977661133,35.00752860121692,28.50745095200574,31.07288140379684,31.656660343035405,32.384170318876116,32.35972085674193,28.67729759216309
2018-02-20,29.631125982016652,29.75495701342198,29.206560999708746,29.28616714477539,3825900,0.0,0,-0.016924052281371615,0.7333410069358554,31.581029891967773,34.9641387416274,28.197921042308145,31.07288140379684,31.656660343035405,32.40185780284587,32.35972085674193,28.838150024414062
2018-02-21,29.153488834628387,29.445379155147,28.76430511474609,28.764305114746094,2128000,0.0,0,-0.017819403524178656,0.7202733076124378,31.37936134338379,34.92701353586775,27.83170915089983,30.61735782456114,31.656660343035405,32.5301100275764,31.953053939015184,28.40919685363769
2018-02-22,28.92352068602122,29.1004236239152,28.295516774861905,28.31320571899414,3144800,0.0,0,-0.01568261058115028,0.7089775418171549,31.13523635864258,34.82015696116662,27.450315756118542,29.675352331949203,31.506291643202402,32.55885899365772,31.953053939015184,27.551294326782227
2018-02-23,28.587404819397985,29.41884422302246,28.401658257015303,29.41884422302246,3525600,0.0,0,0.03905027622098589,0.7366633106595903,30.96098756790161,34.62419439115327,27.297780744649955,29.299435995240334,31.506291643202402,32.54116877578964,31.953053939015184,27.783641815185547
2018-02-26,29.48076181625481,29.896479812639864,29.303858890021136,29.887636184692383,3233000,0.0,0,0.015935091063266738,0.7484021075979185,30.810620880126955,34.388936943553276,27.232304816700633,29.299435995240334,31.506291643202402,32.545594900939975,31.953053939015184,28.0159912109375
2018-02-27,30.037999207461684,30.108761722261487,29.29500967277588,29.33039093017578,4379200,0.0,0,-0.01864467471007314,0.7344483937494222,30.639468383789062,34.155962332920346,27.122974434657777,29.299435995240334,31.506291643202402,32.61856350412402,31.953053939015184,28.78453063964844
2018-02-28,29.39230623654558,29.560362146797868,28.843910247279137,28.86160087585449,3923400,0.0,0,-0.015983082374772972,0.7227096445721055,30.467430973052977,33.978277103406455,26.956584842699503,29.299435995240334,31.506291643202402,32.56549230016708,31.953053939015184,28.22153091430664
2018-03-01,28.79968264612621,29.06503530144001,28.2778192748098,28.5697078704834,3147400,0.0,0,-0.010113541747966082,0.7154004904100678,30.24143829345703,33.62633141816513,26.856545168748934,29.290587245214283,31.497442893176352,32.5367436757749,31.953053939015184,28.56111717224121
2018-03-02,28.401655449604583,28.9412078267437,28.215907218511106,28.90582656860352,2423100,0.0,0,0.011764862967583278,0.7238170791466841,29.983603286743165,32.9157085139643,27.051498059522032,29.1623344703863,31.466486865027004,32.585393231366396,31.953053939015184,29.043689727783203
2018-03-05,28.684696421964727,29.51613567544841,28.631624539092154,29.40115165710449,2783700,0.0,0,0.01713582164223504,0.7362202795165452,29.79564447402954,32.34173198797228,27.2495569600868,29.1623344703863,31.466486865027004,32.585393231366396,31.953053939015184,28.909637451171875
2018-03-06,29.463709862234943,29.847980525361766,29.427962961243587,29.74073982238769,2463800,0.34,0,0.01155016542357612,0.7447237455331528,29.687023162841797,32.038376650632316,27.335669675051278,29.1623344703863,31.466486865027004,32.585393231366396,32.434985349711056,29.034757614135746
2018-03-07,29.44583657236332,29.60669421868978,28.99901053457028,29.2224235534668,2790700,0.0,0,-0.017427820290157103,0.7317448339301883,29.517990112304688,31.451294464493884,27.58468576011549,29.1623344703863,31.466486865027004,32.585393231366396,32.434985349711056,28.90070533752441
2018-03-08,29.33859953211143,29.63350294692463,29.22242380675488,29.302852630615234,2021300,0.0,0,0.002752306871511845,0.7337588202648077,29.322020721435546,30.226116554326705,28.417924888544388,29.1623344703863,31.466486865027004,32.66057878464264,32.434985349711056,30.071388244628903
2018-03-09,29.553080242054158,29.8569221496582,29.454777947092133,29.856922149658203,2163400,0.0,0,0.018908381584122003,0.7476330120290898,29.31562042236328,30.202312354215884,28.42892849051068,29.1623344703863,31.466486865027004,32.669421386612136,32.434985349711056,30.509275436401367
2018-03-12,29.9552261307589,30.49141615835315,29.928417652083105,30.312685012817383,2540300,0.0,0,0.015264897730404403,0.7590455534975881,29.34085330963135,30.308132139703993,28.373574479558705,29.353661688432126,31.139216813253917,33.279736707164304,32.96883155594677,30.750566482543945
2018-03-13,30.31267388985204,30.31267388985204,29.883721343374333,29.93734169006348,3088300,0.0,0,-0.012382384556009929,0.7496467595586516,29.351741790771484,30.340725099582063,28.362758481960906,29.353661688432126,30.882707925788438,33.279736707164304,32.981977912353216,31.009729385375977
2018-03-14,30.10713689004223,30.312676456234627,29.874788852741464,29.97309112548828,1834200,0.0,0,0.0011941419446959145,0.750541944197946,29.388299465179443,30.412167678979223,28.364431251379663,29.353661688432126,30.882707925788438,33.19570807400808,33.08072336997913,29.52626609802246
2018-03-15,30.06246077874909,30.16076307049497,29.86585619525734,29.910541534423828,1551900,0.0,0,-0.002086858202331454,0.7489756695855027,29.42526731491089,30.468528215247932,28.382006414573848,29.561520348722652,30.882707925788438,32.94804372590442,32.94804372590442,29.98201942443848
2018-03-16,29.964150158902143,30.196501585543277,29.84797785459338,29.93734169006348,3529900,0.0,0,0.0008960103784416695,0.7496467595586516,29.436155796051025,30.496070573943722,28.37624101815833,29.745213346461718,30.42718434655274,32.94804372590442,32.94804372590442,29.93734169006348
2018-03-19,29.88372581132486,29.990966520736823,29.02582059010305,29.204551696777344,2167800,0.0,0,-0.024477456979066337,0.7312973132520582,29.406866359710694,30.458261532823943,28.355471186597445,29.745213346461718,29.635547553773804,32.35099732132321,32.35099732132321,30.69694709777832
2018-03-20,29.231361338910027,29.419027474369333,28.95433135104508,28.963266372680664,1956000,0.0,0,-0.008261908164243659,0.7252554020092116,29.390721321105957,30.45899994866298,28.322442693548933,29.722873754699116,29.353661688432126,32.1740954345997,32.1740954345997,28.516437530517575
2018-03-21,28.97220070585595,29.35647139829126,28.829216499997163,28.990074157714844,1845900,0.0,0,0.0009255787896722545,0.7259266830264065,29.402009773254395,30.44786846992544,28.35615107658335,29.660316329175156,29.353661688432126,31.93085418972487,31.93085418972487,28.641550064086918
2018-03-22,28.72197684162708,28.990071779492386,28.427071728172823,28.43600845336914,1797200,0.0,0,-0.019112255502742648,0.7120525867841474,29.408149909973144,30.429251438344114,28.387048381602174,29.459243943262987,29.353661688432126,31.9308536949086,31.9308536949086,28.105356216430664
2018-03-23,28.489625896966903,28.6415468098768,28.123228701920564,28.15897560119629,3951900,0.0,0,-0.009742325566794774,0.7051155386630178,29.345156478881837,30.503639356977107,28.186673600786566,29.217952579077597,29.307322430136857,31.493025317148863,31.656660343035405,27.470861434936523
2018-03-26,28.4806919039578,28.66835972291264,28.141103166613256,28.623674392700195,2816000,0.0,0,0.016502688097935092,0.716751840470581,29.281958389282227,30.453144752204143,28.110772026360312,29.217952579077597,29.307322430136857,31.36477087341612,31.656660343035405,26.997224807739254
2018-03-27,28.77559987397585,29.034759815298152,28.26621671736024,28.67729759216309,6276400,0.0,0,0.0018733862999982254,0.7180945935490172,29.24930372238159,30.449643114079112,28.04896433068407,29.15986514373192,29.307322430136857,31.36477087341612,31.656660343035405,26.93467140197754
2018-03-28,28.811341555692632,29.052624592209103,28.668357374158678,28.838150024414062,2530000,0.0,0,0.005609051262031484,0.7221224229352212,29.24813117980957,30.450045022881767,28.04621733673737,29.15986514373192,29.307322430136857,31.36477087341612,31.656660343035405,26.97935485839844
2018-03-29,28.87389628563344,29.19560813023507,28.37344995678916,28.40919685363769,4834200,0.0,0,-0.014874503753299795,0.7113812102449293,29.240105628967285,30.462226819067013,28.017984438867558,29.057097611328693,29.307322430136857,31.137009083798272,31.656660343035405,26.898929595947266
2018-04-02,28.34664415472712,28.578993906549403,27.390436675174016,27.551294326782227,3088400,0.0,0,-0.03019805632926975,0.6898988803863688,29.17237901687622,30.596843793306736,27.747914240445706,28.404732074771673,28.94092641676358,30.5908219875758,31.506291643202402,26.70232391357422
2018-04-03,27.631720901543734,27.792578540047533,27.38149771892605,27.783641815185547,2749800,0.0,0,0.008433269437271296,0.6957169835291389,29.091503524780272,30.634879346182082,27.548127703378462,28.368984558608652,28.9364569386396,30.402863819221366,31.506291643202402,26.997224807739254
2018-04-04,27.426181013191947,28.096420029221527,27.426181013191947,28.0159912109375,4958200,0.0,0,0.00836281281257234,0.7015351344329206,29.005266094207762,30.586591243146973,27.42394094526855,28.288552924580557,28.9364569386396,30.402863819221366,31.506291643202402,27.07765769958496
2018-04-05,28.257277517942665,28.963261724790225,28.087483157508565,28.78453063964844,3247000,0.0,0,0.02743216982488561,0.7207797653788084,28.983371448516845,30.564183745788437,27.402559151245253,28.288552924580557,28.9364569386396,30.402863819221366,31.506291643202402,26.96148109436035
2018-04-06,28.45388064561894,28.76665749112976,28.02492808219899,28.22153091430664,1724900,0.0,0,-0.019559107368814055,0.7066819565584956,28.929305362701417,30.53674456889883,27.321866156504004,28.288552924580557,28.9364569386396,30.402863819221366,31.506291643202402,27.27426147460937
2018-04-09,28.462816611062923,28.793468601860592,28.185784967641688,28.56111717224121,2727900,0.0,0,0.012032878689880677,0.7151853748140915,28.864515113830567,30.42025179903228,27.308778428628855,28.288552924580557,28.9364569386396,30.39401506919532,31.497442893176352,27.470861434936523
2018-04-10,28.82027672987718,29.195608930033632,28.55218181419231,29.043689727783203,2588200,0.0,0,0.016896137242523812,0.7272692450607963,28.801065349578856,30.210496754075805,27.391633945081907,28.288553324479842,28.9364569386396,30.314410667706653,31.466486865027004,27.926624298095703
2018-04-11,28.82027362524082,29.17773574698792,28.721971371309795,28.909637451171875,3077100,0.0,0,-0.004615538792342,0.7239125056477409,28.74968013763428,30.060081306661143,27.439278968607415,28.288553324479842,28.9364569386396,30.314410667706653,31.466486865027004,27.926624298095703
2018-04-12,28.990072282872205,29.15092993018692,28.9364553397754,29.034757614135746,2009500,0.0,0,0.004327974128876422,0.7270455802437544,28.70276346206665,29.895264178308082,27.510262745825216,28.288553324479842,28.9364569386396,30.314410667706653,31.466486865027004,27.783641815185547
2018-04-13,29.195608719952205,29.204547148850743,28.73984770746861,28.90070533752441,3254200,0.0,0,-0.004616958694570683,0.7236888408306988,28.65227165222168,29.712805098725624,27.591738205717732,28.293022433888396,28.9364569386396,30.314410667706653,31.466486865027004,27.792579650878903
2018-04-16,29.34752896764837,30.09819671114287,28.98113181957436,30.071388244628903,3820300,0.0,0,0.04050707044801727,0.7530033556886719,28.658973979949952,29.753433012969154,27.56451494693075,28.762188862167406,28.9364569386396,30.314410667706653,31.466486865027004,27.84619903564453
2018-04-17,30.27692744148419,30.607577691216456,30.10713139807214,30.509275436401367,2302500,0.0,0,0.014561588850181328,0.7639682809570172,28.72421016693115,30.070563564867385,27.377856768994917,29.316252886707723,28.994537705071252,30.314410667706653,31.466486865027004,27.211708068847656
2018-04-18,30.57183539319197,30.92035914247173,30.437789632936987,30.750566482543945,1877600,0.0,0,0.007908776681555985,0.7700103354828984,28.813575172424315,30.425726801589025,27.201423543259605,29.47264361233536,29.15092843069889,30.24643925084302,31.466486865027004,27.238513946533203
2018-04-19,30.75056945124656,31.15271358885905,30.705887526847903,31.009729385375977,2581900,0.0,0,0.008427906620164238,0.7764999106869096,28.914557933807373,30.792502654985817,27.03661321262893,29.66924927825037,29.26710565389255,30.118184807110282,31.466486865027004,26.80956268310547
2018-04-20,30.965046519389773,30.98291656139599,29.4815841749825,29.52626609802246,5317700,0.0,0,-0.04783864021893425,0.739353210829524,28.969070816040038,30.851625715030302,27.086515917049773,29.85244770152568,29.26710565389255,30.118184807110282,31.466486865027004,26.57721519470215
2018-04-23,29.66030420721584,30.133942014354204,29.54413191911648,29.98201942443848,3987900,0.0,0,0.015435521880856617,0.7507655134929647,29.060223007202147,30.9536817580597,27.166764256344592,29.937342480084425,29.26710565389255,30.222114137255545,31.466486865027004,26.889991760253903
2018-04-24,30.18756315658918,30.29480384996746,29.76754903906557,29.93734169006348,3796800,0.0,0,-0.0014901509382181377,0.7496467595586513,29.12590637207031,31.045479133348493,27.20633361079213,29.946280648163828,29.26710565389255,30.08619884650723,31.466486865027004,26.96148109436035
2018-04-25,29.937344205424623,30.714820548176444,29.696057738568108,30.69694709777832,3413700,0.0,0,0.02537317493246105,0.7686676779264856,29.226888847351074,31.252196327171742,27.201581367530405,29.946280648163828,29.26710565389255,29.69038045011776,31.466486865027004,26.65764045715332
2018-04-26,29.87478909139016,30.38417050059085,28.328771413235664,28.516437530517575,8416000,0.0,0,-0.0710334340517712,0.7140665731187665,29.21080322265625,31.253429707611495,27.168176737701003,29.740742501047357,29.26710565389255,29.53826772156562,31.466486865027004,26.800621032714844
2018-04-27,28.39132855875092,29.052629225428134,28.328773182416924,28.641550064086918,5797900,0.0,0,0.004387383011480672,0.717199456670734,29.22242088317871,31.249086875665085,27.195754890692335,29.740742501047357,29.26710565389255,29.506989008803643,31.466486865027004,27.12613868713379
2018-04-30,28.721974872140084,28.820277138052862,28.096419491847147,28.105356216430664,3313800,0.0,0,-0.018720839006844736,0.7037728811066047,29.250123977661133,31.197410070486644,27.302837884835622,29.6245665403531,29.26710565389255,29.406452815847558,31.466486865027004,27.81333541870117
2018-05-01,27.98917951089737,28.10535522186607,27.38149589676965,27.470861434936523,6785100,0.0,0,-0.02257558227008727,0.6878847985297263,29.234484958648682,31.233534212541972,27.235435704755393,29.26710474281435,29.26710474281435,29.262637504607227,31.42014760673173,27.985130310058597
2018-05-02,27.417242318489723,28.21259201492316,26.97935306402043,26.997224807739254,6736500,0.0,0,-0.017241418814588516,0.6760246886220864,29.18354663848877,31.350926373700315,27.016166903277227,28.98113481270821,29.06603332643974,29.262637504607227,31.42014760673173,28.247352600097656
2018-05-03,26.898926207434883,27.140212662495188,26.496782115667703,26.93467140197754,4315000,0.0,0,-0.0023170309617818186,0.6744583184876202,29.091053676605224,31.468722757326567,26.71338459588388,28.605801331922073,28.82474785226338,29.23359378693439,31.42014760673173,28.31064224243164
2018-05-04,26.97935485839844,27.31000515001689,26.84530739680972,26.97935485839844,2880800,0.0,0,0.0016589568053027026,0.6755772157049682,29.028944873809813,31.556089468453468,26.501800279166158,28.605801331922073,28.82474785226338,29.23359378693439,31.42014760673173,28.446277618408203
2018-05-07,26.979358424432483,27.0329770752539,26.747008664864765,26.898929595947266,5457300,0.0,0,-0.00298099279516828,0.6735633248923718,28.945835494995116,31.634999584834652,26.25667140515558,28.605801331922073,28.82474785226338,29.182210020732775,31.42014760673173,28.50957298278809
2018-05-08,26.800626189705305,26.988294016455004,26.639768539493023,26.70232391357422,3970500,0.0,0,-0.007309052268112182,0.6686402153448501,28.828767204284667,31.690923138503212,25.96661127006612,28.440476308129277,28.82474785226338,28.672829245767627,31.05375159335846,28.50957298278809
2018-05-09,26.77381181844844,27.08659034435675,26.77381181844844,26.997224807739254,8396900,0.0,0,0.011044016060906214,0.6760246886220864,28.733146572113036,31.70499698476901,25.76129615945706,27.774705670547917,28.82474785226338,28.652720748624127,31.049282115234476,28.38298225402832
2018-05-10,27.07765769958496,27.14914979874831,26.96148367763429,27.07765769958496,2258900,0.0,0,0.0029793022215620635,0.678038770478729,28.635291576385498,31.68961791669974,25.580965236071258,27.658529626860282,28.82474785226338,28.61250493161008,31.049282115234476,28.003217697143555
2018-05-11,27.104465278987245,27.211704269710378,26.916799175854173,26.96148109436035,2949800,0.0,0,-0.004290496855878012,0.6751296472658266,28.538330364227296,31.675703644201693,25.400957084252898,27.35468706529543,28.82474785226338,28.61250493161008,31.049282115234476,27.713869094848636
2018-05-14,27.09553037953351,27.310006670920924,26.92573600966205,27.27426147460937,3472600,0.0,0,0.0116010088301286,0.6829618322652391,28.39847402572632,31.49877865426986,25.29816939718278,27.35468706529543,28.82474785226338,28.61250493161008,31.049282115234476,27.795249938964844
2018-05-15,27.095527538240336,27.4797981592038,27.08659081397306,27.470861434936523,4418300,0.0,0,0.007208259718056054,0.6878847985297264,28.246553325653075,31.211630701572307,25.281475949733842,26.98829013743575,28.82474785226338,28.61250493161008,31.049282115234476,27.939924240112305
2018-05-16,27.47086158501008,27.9802429394864,27.417242943619375,27.926624298095703,4428500,0.0,0,0.016590774346069592,0.6992973399982246,28.105356216430664,30.837391135359777,25.37332129750155,27.31000573948971,28.82474785226338,28.612505131559722,31.049282115234476,28.13884925842285
2018-05-17,27.84619548375672,28.346640113916948,27.84619548375672,27.926624298095703,3776300,0.0,0,0.0,0.6992973399982246,27.95120096206665,30.332131879561814,25.570270044571487,27.493204326704983,28.82474785226338,28.612505131559722,31.049282115234476,28.003217697143555
2018-05-18,27.99811809835528,28.114292112549144,27.712149720795637,27.783641815185547,3352300,0.0,0,-0.005119934345946264,0.6957169835291389,27.864069747924805,30.131714149804374,25.596425346045237,27.493204326704983,28.82474785226338,28.612505131559722,31.049282115234476,27.40644645690918
2018-05-21,27.899816944496912,27.93556384537361,27.69427737797403,27.792579650878903,3046400,0.0,0,0.0003216941736008394,0.6959407916292154,27.754597759246828,29.801014074313322,25.708181444180333,27.560225966182692,28.82474785226338,28.614739686264,31.049282115234476,27.270811080932617
2018-05-22,27.98024650847248,28.18578778494849,27.756833485590533,27.84619903564453,2390600,0.0,0,0.0019292698065158653,0.6972834491856283,27.65004062652588,29.433857628112584,25.866223624939174,27.63171964488556,28.82474785226338,28.849322900403504,31.049282115234476,27.759082794189453
2018-05-23,27.7121527849109,27.810455064755995,27.167024439597085,27.211708068847656,2845700,0.0,0,-0.022785550228406226,0.6813954621307728,27.475778675079347,28.580766497973094,26.3707908521856,27.63171964488556,28.82474785226338,29.155395295889488,31.049282115234476,27.96704864501953
2018-05-24,27.256387396530403,27.470863682978774,26.872116744120653,27.238513946533203,3709000,0.0,0,0.0009850861848776926,0.6820666953869562,27.41188249588013,28.410333937112952,26.413431054647305,27.6093784290188,28.82474785226338,29.311786021517126,30.72201206346139,27.65962028503418
2018-05-25,27.149149727108792,27.23851527695369,26.79168923223527,26.80956268310547,2666900,0.0,0,-0.015747968639909238,0.6713255304576758,27.320283126831054,28.175035200986148,26.46553105267596,27.56916467307611,28.739849338531847,29.46817746607146,30.46550317599591,27.614410400390625
2018-05-29,26.630833847364897,26.907867245885964,26.371675605739732,26.57721519470215,3128200,0.0,0,-0.008666590020498077,0.6655074273149058,27.24387607574463,28.07695158920292,26.41080056228634,27.35915785982834,28.543248076958086,29.559776677709117,30.46550317599591,27.804288864135746
2018-05-30,26.764881011998785,27.08659460815569,26.675515461313932,26.889991760253903,2194100,0.0,0,0.011768598149218601,0.6733395167922952,27.2148325920105,28.054777541936282,26.374887642084715,27.35915785982834,28.543248076958086,29.602224066988487,30.46550317599591,28.22022247314453
2018-05-31,26.800623460528616,27.015099737468955,26.71125791901033,26.96148109436035,4894200,0.0,0,0.0026585851994240794,0.6751296472658266,27.213045406341553,28.055006347753462,26.371084464929645,27.278731695344113,28.543248076958086,29.60669315102819,30.00997959676021,28.8260440826416
2018-06-01,27.01510093456032,27.041911109555592,26.604021811668776,26.65764045715332,2086600,0.0,0,-0.011269434202952122,0.667521318127502,27.19919385910034,28.068000286478096,26.330387431722585,27.278731695344113,28.37792305316529,29.60669315102819,29.26710565389255,28.52765274047852
2018-06-04,27.20276508086477,27.265320442909037,26.550397880032023,26.800621032714844,3558700,0.0,0,0.0053635870658295115,0.6711016268355762,27.190257167816164,28.071648046216442,26.308866289415885,27.278731695344113,27.712152415583933,29.503924077469954,29.26710565389255,28.22022247314453
2018-06-05,26.85487799011583,27.279853542012884,26.82775123056065,27.12613868713379,4839200,0.35,0,0.012145899679772088,0.679252759870053,27.201617622375487,28.073396866957385,26.32983837779359,27.091065335247862,27.5959763718963,29.503924077469954,29.26710565389255,28.15692901611328
2018-06-06,27.189433723316657,27.81333541870117,27.044761116362785,27.81333541870117,4812800,0.0,0,0.025333378240572246,0.6964605269567936,27.257168197631835,28.136244316706687,26.378092078556982,27.09250551222045,27.35915785982834,29.445836097122825,29.26710565389255,28.102678298950195
2018-06-07,27.82237322210962,28.039382097830504,27.65057388209312,27.985130310058597,3408200,0.0,0,0.006176709437082373,0.700762361266203,27.306563472747804,28.231978182041285,26.381148763454323,27.205528851785118,27.35915785982834,29.26710474281435,29.26710474281435,28.184059143066406
2018-06-08,27.78620802913404,28.301604395318822,27.78620802913404,28.247352600097656,2627200,0.0,0,0.009370057853359759,0.7073285451327243,27.365048217773438,28.370493966100806,26.35960246944607,27.33664000052928,27.35915785982834,29.023584069573975,29.06603332643974,27.713869094848636
2018-06-11,28.25639045565408,28.40106303681637,28.165969661269347,28.31064224243164,1809700,0.0,0,0.0022405512909469127,0.708913351017645,27.432506275177,28.500390620997194,26.364621929356808,27.475730458424195,27.386369321278053,28.715274592092726,28.82474785226338,27.81333541870117
2018-06-12,28.392025822005717,28.4914888859382,28.18405916526825,28.446277618408203,1615000,0.0,0,0.004790967821043379,0.7123097320702785,27.491107082366945,28.64402682435353,26.338187340380358,27.52094338298511,27.431582245838968,28.715274592092726,28.82474785226338,27.63249397277832
2018-06-13,28.518615236164,28.645203334159767,28.35585812466457,28.50957298278809,2663300,0.0,0,0.002225084252813758,0.7138946812382341,27.54304265975952,28.77914919480961,26.306936124709434,27.597800607095895,27.50843946994975,28.715274592092726,28.82474785226338,27.008594512939453
2018-06-14,28.500530729412173,28.699455129781743,28.35585812466457,28.50957298278809,4382700,0.0,0,0.0,0.7138946812382341,27.57219009399414,28.869747910375917,26.274632277612366,27.62492650490688,27.53556536776074,28.632612080196328,28.82474785226338,26.674034118652344
2018-06-15,28.238309653899417,28.4281935194645,27.8856704066644,28.38298225402832,4170100,0.0,0,-0.004440288489630961,0.7107247829023232,27.595007991790773,28.932568159155053,26.257447824426492,27.763603180171195,27.53556536776074,28.299726761405648,28.82474785226338,26.68307876586914
2018-06-18,28.238311115681203,28.283522383457782,27.930881393334545,28.003217697143555,2754200,0.0,0,-0.013380008960505396,0.7012152789386369,27.60598678588867,28.953234800266227,26.258738771511116,27.872108123072266,27.53556536776074,28.24163873956183,28.82474785226338,26.737329483032227
2018-06-19,27.81333214716768,27.99417202227204,27.59632326226247,27.713869094848636,3507500,0.0,0,-0.010332691243707837,0.6939698379659935,27.602051258087158,28.94753562116096,26.256566895013357,28.147889196022106,27.53556536776074,28.089717458779404,28.82474785226338,19.99196434020996
2018-06-20,27.713871384821985,27.8495017335156,27.388358892884007,27.795249938964844,3217100,0.0,0,0.0029364663532791546,0.6960076570453713,27.599503803253175,28.94330314127067,26.25570446523568,28.043907011332877,27.53556536776074,28.089717458779404,28.82474785226338,20.218015670776367
2018-06-21,27.91279920350396,28.11172361204392,27.8133361369172,27.939924240112305,4874100,0.0,0,0.005205000907174684,0.699630377531693,27.635914611816407,28.975115937965512,26.296713285667302,28.043907011332877,27.53556536776074,27.906518994849563,28.82474785226338,20.823835372924805
2018-06-22,28.12076475164476,28.56382481990713,27.867586830651906,28.13884925842285,8964200,0.0,0,0.007119740791027507,0.7046115644692473,27.68093137741089,29.024239474763963,26.337623280057816,28.043907011332877,27.53556536776074,28.067376795876545,28.82474785226338,21.30306053161621
2018-06-25,28.021302204254184,28.30160516593489,27.804293292827165,28.003217697143555,3765600,0.0,0,-0.004820082016633975,0.7012152789386368,27.740614128112792,29.02807462940663,26.453153626818956,28.043907011332877,27.53556536776074,28.15897608948418,28.82474785226338,21.203598022460938
2018-06-26,27.93992741620901,27.93992741620901,27.22560653530668,27.40644645690918,2748200,0.0,0,-0.021310809589401125,0.6862718136479967,27.782075691223145,28.965088057841086,26.599063324605204,27.96253083254421,27.53556536776074,28.15897608948418,28.82474785226338,20.407899856567383
2018-06-27,27.334105128112064,27.587283041463287,27.252726574700365,27.270811080932617,1808200,0.0,0,-0.004949031834164286,0.6828754325953631,27.80111665725708,28.936897269312805,26.665336045201354,27.894715677606904,27.53556536776074,28.192486909223035,28.82474785226338,19.883455276489254
2018-06-28,27.3160210083972,27.804292335776356,27.171348405758955,27.759082794189453,2078600,0.0,0,0.01790455413327363,0.6951020127445494,27.840996742248535,28.909351729968776,26.772641754528294,27.867586612833044,27.53556536776074,28.228233748574468,28.82474785226338,20.13663673400879
2018-06-29,27.83141829950452,28.22926708306411,27.78620703457724,27.96704864501953,2422200,0.0,0,0.007491812765283878,0.7003095868768036,27.906467151641845,28.825232289788076,26.987702013495614,27.867586612833044,27.53556536776074,28.228233748574468,28.82474785226338,19.684534072875977
2018-07-02,26.999551306747577,27.67770479188317,26.87296148343816,27.65962028503418,5281500,0.0,0,-0.010992520658417715,0.6926114192757723,27.949417114257812,28.725131794453667,27.17370243406196,27.718393151672643,27.53556536776074,28.217063140641088,28.82474785226338,19.66644859313965
2018-07-03,27.76812353280196,27.85854434129305,27.54207237389097,27.614410400390625,1526000,0.0,0,-0.0016345085065400111,0.6914793400192393,27.973830699920654,28.67023089000598,27.27743050983533,27.718393151672643,27.53556536776074,28.15450700580398,28.82474785226338,20.02812767028809
2018-07-05,27.795246612020684,27.93087694448006,27.56919548304397,27.804288864135746,1911500,0.0,0,0.0068760643805900745,0.6962339964790595,27.973378372192382,28.670211260521054,27.27654548386371,27.718393151672643,27.62492650490688,27.95120296839321,28.76219459729939,19.865373611450195
2018-07-06,27.912794520482265,28.3287277752743,27.750037429604244,28.22022247314453,1250200,0.0,0,0.01495933275046979,0.7066491925045791,27.98513298034668,28.69033453143189,27.27993142926147,27.60084462935623,27.62492650490688,27.95120296839321,28.76219459729939,22.26151657104492
2018-07-09,28.29256491470993,28.997843452611807,28.23831139284553,28.8260440826416,2566900,0.0,0,0.021467641159583106,0.7218192837949766,28.014067554473876,28.803368446675385,27.224766662272366,27.935402468024982,27.774120666321913,27.9109898861511,28.76219459729939,23.55452919006348
2018-07-10,28.807957391514112,28.92550322367207,28.337770613615664,28.52765274047852,1992300,0.0,0,-0.010351449588699047,0.7143474078666221,28.02491807937622,28.836131605694295,27.213704553058147,27.935402468024982,27.774120666321913,27.8283273742547,28.76219459729939,23.64495277404785
2018-07-11,28.43723307740407,28.53669440267032,28.138845652338787,28.22022247314453,2426400,0.0,0,-0.010776570723527112,0.7066491925045791,28.013615322113036,28.806940953902448,27.220289690323625,27.935402468024982,27.912797341586227,27.495442055464025,28.76219459729939,24.06088638305664
2018-07-12,28.274476572911123,28.355855120037848,28.003214174277616,28.15692901611328,2233300,0.0,0,-0.002242840469861007,0.7050642910976352,27.995983123779297,28.75921817591728,27.232748071641314,27.935402468024982,27.935402468024982,27.34352085357208,28.76219459729939,23.64495277404785
2018-07-13,28.20214135470909,28.355856202412223,28.02129974871717,28.102678298950195,1846100,0.0,0,-0.0019267270635956457,0.7037058246464025,27.975638389587402,28.703527974496687,27.247748804678118,27.935402468024982,27.935402468024982,27.225831686024392,28.76219459729939,23.608781814575195
2018-07-16,28.0755538257134,28.220226432428404,27.86758716913976,28.184059143066406,2300600,0.0,0,0.0028958394374549723,0.7057436437257804,27.965692234039306,28.67608442216802,27.25530004591059,28.26995791325139,27.935402468024982,27.28234335580673,28.76219459729939,23.85623359680176
2018-07-17,27.97608924200492,28.02129877962268,27.397397157624376,27.713869094848636,2347800,0.0,0,-0.016682836415827018,0.6939698379659934,27.95122480392456,28.66979823657792,27.232651371271203,28.197620305118093,27.935402468024982,27.347898930178808,28.76219459729939,23.79207992553711
2018-07-18,27.73195686171043,27.885671722178103,27.53303245830724,27.81333541870117,2382600,0.0,0,0.00358904501973778,0.6964605269567935,27.956198120117186,28.669431033728195,27.242965206506177,28.197620305118093,27.935402468024982,27.431049889851124,28.76219459729939,24.479442596435547
2018-07-19,27.7319570374269,27.76812432707777,27.587284429556345,27.63249397277832,2330800,0.0,0,-0.006501969044721334,0.6919321621696501,27.948060321807862,28.672202650026495,27.22391799358923,28.197620305118093,27.935402468024982,27.47626281441204,28.76219459729939,24.25948905944824
2018-07-20,27.5239909038825,27.53303315762597,26.99051000545251,27.008594512939453,3774000,0.0,0,-0.022578470855851518,0.6763093920118763,27.90149383544922,28.734591455181587,27.068396215716852,27.95800661456229,27.935402468024982,27.55312003852282,28.76219459729939,24.378633499145508
2018-07-23,26.9995483072372,27.099009634590004,26.646907361392508,26.674034118652344,5458100,0.0,0,-0.012387182684638676,0.6679318240216883,27.828253078460694,28.810902203559024,26.845603953362364,27.591800882031414,27.822375407002156,27.58024593633381,28.76219459729939,24.488609313964844
2018-07-24,26.80966686184302,26.93625668245036,26.520321656969323,26.68307876586914,3002400,0.0,0,0.00033908058963127985,0.668158306738411,27.762246131896973,28.860857741579313,26.663634522214632,27.43808892969077,27.759082554790567,27.649584273965967,28.76219459729939,24.4061279296875
2018-07-25,26.746371735899285,27.026674676244472,26.457026542687043,26.737329483032227,2882700,0.0,0,0.0020331505835256003,0.6695167731896438,27.728790283203125,28.90744044114952,26.55014012525673,27.406441372549633,27.727434997649425,27.703836745416503,28.76219459729939,23.92955207824707
2018-07-26,20.407897630098745,20.905211196926736,18.56332113531212,19.99196434020996,38170800,0.0,0,-0.2522826801795198,0.5006092872242167,27.364847946166993,30.95844579160752,23.771250100726466,23.391773783870264,23.780582293961963,27.841727281891423,28.76219459729939,23.8287410736084
2018-07-27,19.964837758616284,20.435024570642117,19.22339025291663,20.218015670776367,13037900,0.0,0,0.011307109532590953,0.5062697312678932,26.987794589996337,31.745408806895902,22.230180373096772,23.2923099574674,23.780582293961963,27.789736189546808,28.76219459729939,23.88372611999512
2018-07-30,20.38077526600729,20.83287762710275,20.064303268313747,20.823835372924805,7847000,0.0,0,0.029964350211880708,0.5214397747972791,26.630633926391603,32.07188665236488,21.189381200418325,23.224496428745113,23.780582293961963,27.789736189546808,28.76219459729939,24.167844772338867
2018-07-31,20.986588567203963,21.321145038070277,20.742454628607963,21.30306053161621,8504800,0.0,0,0.023013299428715994,0.5334398244687312,26.312805938720704,32.205464088816335,20.420147788625076,23.165722731194947,23.780582293961963,27.789736189546808,28.76219459729939,23.801246643066406
2018-08-01,21.11317721982592,21.73707886091086,21.00467191173722,21.203598022460938,10457200,0.0,0,-0.004668930504500013,0.530949230999954,25.99226531982422,32.25671634679589,19.72781429285255,23.048177146469044,23.780582293961963,27.789736189546808,28.76219459729939,23.993711471557617
2018-08-02,20.99563256818168,21.077011129365733,20.163764173015203,20.407899856567383,6145700,0.0,0,-0.037526563418655345,0.5110245310107479,25.6224458694458,32.28065311708342,18.964238621808185,22.831165384951063,23.780582293961963,27.749048100152475,28.76219459729939,24.35113906860352
2018-08-03,20.543524098726248,20.62490263567416,19.820161242114903,19.883455276489254,6791000,0.0,0,-0.025698116110137614,0.497892163277705,25.20560750961304,32.200173201440194,18.211041817785883,22.794997905778295,23.780582293961963,27.71514052268382,28.76219459729939,24.1770076751709
2018-08-06,19.80208027519543,20.26322482535976,19.729743976618675,20.13663673400879,6248900,0.0,0,0.012733272663072004,0.5042319599495269,24.771137142181395,31.891921141285977,17.650353143076813,22.794997905778295,23.780582293961963,27.70157599029689,28.76219459729939,24.488609313964844
2018-08-07,20.172803648085026,20.181845900819148,19.44944067568889,19.684534072875977,13306800,0.0,0,-0.02245174639165315,0.49291107186217387,24.32898120880127,31.560383111909836,17.097579305692705,20.15019999811149,23.780582293961963,27.70157599029689,28.76219459729939,24.323644638061523
2018-08-08,19.75686939136809,19.9015419786803,19.56698554262503,19.66644859313965,9515400,0.0,0,-0.0009187659544986904,0.49245820195075146,23.901292514801025,31.17366684868983,16.62891818091222,20.480234556913743,23.780582293961963,27.62697925971669,28.76219459729939,25.06600379943848
2018-08-09,19.67548849639488,20.154717462547836,19.61219446258154,20.02812767028809,8619100,0.0,0,0.0183906654745285,0.5015148360030155,23.494852447509764,30.67752647776303,16.312178417256497,20.593259768299873,23.780582293961963,27.62697925971669,28.67729608356786,24.946857452392575
2018-08-10,19.9829211703355,20.001005675492216,19.476567098380848,19.865373611450195,6657000,0.0,0,-0.008126274283708601,0.49743938888830586,23.082987213134764,30.10263199528766,16.06334243098187,20.593259768299873,23.780582293961963,27.671659828289762,28.543248076958086,25.13931655883789
2018-08-13,22.98487951440708,23.210930649786917,21.520067398307088,22.26151657104492,30026600,0.0,0,0.12061907349246193,0.5574400670946698,22.786860084533693,29.40472144447193,16.168998724595454,21.330185662737904,23.780582293961963,27.612885567131556,28.543248076958086,25.25846672058105
2018-08-14,22.80403943945837,23.82579160541838,22.6774513470728,23.55452919006348,19950600,0.0,0,0.05808286308311783,0.5898177821887735,22.578893089294432,28.810434913356097,16.347351265232767,21.637616140553636,23.744412179492095,27.854761567173448,28.543248076958086,24.93769073486328
2018-08-15,22.966799242910916,23.699204573641392,22.695538520309583,23.64495277404785,10932000,0.0,0,0.0038389043251401134,0.5920820362238625,22.37047395706177,28.14510594797833,16.59584196614521,21.637616140553636,23.55000776899122,27.854761567173448,28.37792305316529,24.965185165405277
2018-08-16,23.7172876489099,24.18747448267201,23.581657295802923,24.06088638305664,8977400,0.0,0,0.017590798889871584,0.6024972322493821,22.191893577575684,27.501957101611254,16.881830053540114,21.81845757918045,23.45958866886217,27.924099904805605,27.712152415583933,24.88270378112793
2018-08-17,24.01567656643202,24.12418189025272,23.644952774047848,23.64495277404785,5719000,0.0,0,-0.017286711818800038,0.5920820362238625,22.023711490631104,26.904118798986943,17.143304182275266,21.81845757918045,23.45958866886217,27.935402468024982,27.68475952917577,24.928529739379883
2018-08-20,23.735369902170767,23.925252033564128,23.482192002346277,23.608781814575195,3934700,0.0,0,-0.0015297539317716824,0.5911762964010177,21.870448875427247,26.32678494225901,17.414112808595483,21.83202079052643,23.391773783870264,27.935402468024982,27.68475952917577,25.62506103515625
2018-08-21,23.929552721554494,24.06702586195765,23.58128556792963,23.85623359680176,4171000,0.35,0,0.010481344788141334,0.5973726189941732,21.729106616973876,25.715640856779387,17.742572377168365,21.83202079052643,23.2923099574674,28.102680190638186,27.68475952917577,25.62506103515625
2018-08-22,23.883729276554806,23.883729276554806,23.544628950275094,23.79207992553711,5292000,0.0,0,-0.002689178532911951,0.5957661773710247,21.581844139099122,24.9868220023422,18.176866275856042,21.83202079052643,23.224496428745113,28.066511386571538,27.68475952917577,25.350116729736328
2018-08-23,24.47027923640477,25.03850195385696,24.09451854478024,24.479442596435547,5563000,0.0,0,0.02889039852966624,0.6129780996657694,21.8062180519104,25.35259867767863,18.25983742614217,23.279284676082025,23.165722731194947,28.066511386571538,27.68475952917577,25.38677215576172
2018-08-24,24.25948905944824,24.378633735363177,23.97537765606525,24.25948905944824,5140000,0.0,0,-0.008985234697269417,0.6074703475759863,22.008291721343994,25.630249407615104,18.386334035072885,23.85797665046488,23.048177146469044,28.066511386571538,27.68475952917577,25.23097038269043
2018-08-27,24.34197306135278,24.470282845561435,24.17700458741728,24.378633499145508,3424000,0.0,0,0.004911250991531668,0.6104537869228449,22.18603162765503,25.906673343687938,18.465389911622122,23.867020237083274,22.831165384951063,27.946704541293634,27.68475952917577,25.029342651367188
2018-08-28,24.4977744226636,24.53443485745861,24.25948684069325,24.488609313964844,3502600,0.0,0,0.004511155837475078,0.6132076390872306,22.34530906677246,26.173485285830044,18.51713284771488,24.26034697810162,22.794997905778295,27.707088144516785,27.68475952917577,24.827713012695312
2018-08-29,24.47944705976137,24.635250429676574,24.039532279318166,24.4061279296875,7069400,0.0,0,-0.003368153055155698,0.6111422619041942,22.50543556213379,26.397271518138595,18.613599606128986,24.26034697810162,22.794997905778295,27.59858574224067,27.68475952917577,24.70857048034668
2018-08-30,24.369466814937088,24.39696214150488,23.83790273775354,23.92955207824707,3614000,0.0,0,-0.019526893115262456,0.5992085522777713,22.681518173217775,26.494850966074953,18.868185380360597,24.26034697810162,21.80091154458454,27.56693818509953,27.68475952917577,24.64441680908203
2018-08-31,23.76458705040848,23.947884009827387,23.51713431972362,23.8287410736084,4797600,0.0,0,-0.004212824557226602,0.5966841917738352,22.87878246307373,26.49365216502933,19.263912761118128,24.27781813679029,22.130946103386798,23.586178038916113,23.780582293961963,24.64441680908203
2018-09-04,23.53546072983505,23.90205633738926,23.489635186349684,23.88372611999512,4366700,0.0,0,0.0023075094994262635,0.5980610462145108,23.06613693237305,26.47336403469521,19.658909830050888,24.264068570103323,22.243971314772928,23.536446125714683,23.780582293961963,24.112850189208984
2018-09-05,23.663774167118657,24.25032727334392,23.617950361219613,24.167844772338867,4634700,0.0,0,0.011895909830664353,0.6051755264935115,23.29030246734619,26.346332595767358,20.234272338925024,24.264068570103323,22.243971314772928,23.502539361353538,23.780582293961963,23.59961700439453
2018-09-06,24.18617254488722,24.25949168104042,23.69126881286965,23.801246643066406,2956900,0.0,0,-0.015168838294263187,0.5959957167924859,23.49704236984253,26.059082789903986,20.93500194978107,24.06244280801313,22.243971314772928,23.473152512578455,23.780582293961963,23.96621322631836
2018-09-07,23.581290220904865,24.05786549986668,23.553796636238797,23.993711471557617,2814400,0.0,0,0.008086333937776358,0.6008151371839543,23.695321559906006,25.700795706657775,21.689847413154236,24.06244280801313,22.243971314772928,23.414379720215504,23.780582293961963,24.067028045654297
2018-09-10,24.20450080815797,24.497777329049057,24.16784211707956,24.35113906860352,3679200,0.0,0,0.014896719812172554,0.6097653119414956,23.919609832763673,24.888963868921316,22.95025579660603,24.06244280801313,22.243971314772928,23.305873839456513,23.780582293961963,24.873537063598636
2018-09-11,24.34197617017526,24.36030639141266,23.94788515390176,24.1770076751709,2280700,0.0,0,-0.0071508520789128616,0.6054049703929498,24.01538438796997,24.61544787731666,23.41532089862328,24.06244280801313,22.243971314772928,23.28779009987013,23.780582293961963,24.791053771972656
2018-09-12,25.02017338203232,25.432594533147498,24.461115735934328,24.488609313964844,9451500,0.0,0,0.012888345943404378,0.6132076390872306,24.062088394165038,24.656724231766177,23.4674525565639,24.46111485974859,22.441017604418192,23.28779009987013,23.780582293961963,24.70857048034668
2018-09-13,24.616921148712983,24.818548312769387,24.195334853602088,24.323644638061523,2917500,0.0,0,-0.0067363839974876605,0.6090768369601463,24.09602298736572,24.668374145259424,23.52367182947202,24.46111485974859,22.454580815764174,21.965391146036726,23.780582293961963,24.69940948486328
2018-09-14,24.43362516078877,25.130157824738312,24.406129829346227,25.06600379943848,2515500,0.0,0,0.030520062779379575,0.6276659002616358,24.146278858184814,24.858567824061772,23.433989892307856,24.46111485974859,22.454580815764174,22.130408425437853,23.780582293961963,24.71773147583008
2018-09-17,25.00184811162101,25.350113546404557,24.91936387084433,24.946857452392575,4552400,0.0,0,-0.00475330443573041,0.6246824131537655,24.21137409210205,24.965690420716058,23.457057763488045,24.493195584693147,22.454580815764174,22.186921031130918,23.780582293961963,24.314477920532227
2018-09-18,24.901028990973828,25.44175813572965,24.88269877466145,25.13931655883789,3504700,0.0,0,0.007714763545372261,0.6295016902621994,24.287900829315184,25.091638059387275,23.484163599243093,24.49777738598422,23.480912767018367,22.186921031130918,23.780582293961963,23.434648513793945
2018-09-19,25.240138247072107,25.469260772562304,25.102663333325072,25.25846672058105,2575900,0.0,0,0.004739594310938955,0.6324852728920926,24.35801248550415,25.240567025009366,23.475457945998937,24.51152870440055,24.073356059817552,22.555383978349933,23.780582293961963,22.9030876159668
2018-09-20,25.31345322310273,25.38677234928134,24.910197155087463,24.93769073486328,3269600,0.0,0,-0.012699741012244248,0.6244528737323044,24.41529302597046,25.292115994536484,23.538470057404435,24.70857296323203,24.082399646435945,22.691014160022867,23.780582293961963,22.545658111572266
2018-09-21,24.946854947502985,25.08432983370437,24.791051591465106,24.965185165405277,8086800,0.0,0,0.0011025251228879984,0.6251413487136539,24.439580154418945,25.348832328145214,23.530327980692675,24.70857296323203,24.47572638745429,22.593811954772427,23.780582293961963,22.7839412689209
2018-09-24,24.855210199193213,24.98351824306453,24.442788989512543,24.88270378112793,2699800,0.0,0,-0.0033038562995175713,0.6230759715306173,24.47074089050293,25.395920381545803,23.54556139946006,24.832297813082196,24.47572638745429,22.63902312402131,23.780582293961963,23.343000411987305
2018-09-25,24.91019951907922,25.194310941475425,24.69940722981965,24.928529739379883,5533300,0.0,0,0.0018416792103883584,0.6242234775938778,24.49823570251465,25.443517551863387,23.55295385316591,24.832297813082196,24.47572638745429,22.63902312402131,23.780582293961963,23.81041145324707
2018-09-26,25.39593852197467,26.05581247869989,25.249300253383744,25.62506103515625,9395600,0.0,0,0.027941130225423993,0.6416649870710953,24.55505828857422,25.621458562213697,23.488658014934742,25.23097115402306,24.77272383252479,22.611897287198346,23.780582293961963,24.5252742767334
2018-09-27,25.460094294040992,25.73504061063247,25.185146229383463,25.62506103515625,7036100,0.0,0,0.0,0.6416649870710953,24.616004943847656,25.777552279121572,23.45445760857374,25.249300734106217,24.77272383252479,22.562165373996912,23.780582293961963,24.103687286376957
2018-09-28,25.579239261095527,25.698383956319372,25.22180867155636,25.350116729736328,3809900,0.0,0,-0.010729508313861658,0.634780237257602,24.68703317642212,25.845687569662868,23.52837878318137,25.249300734106217,24.77272383252479,22.52825860963577,23.780582293961963,24.5252742767334
2018-10-01,25.350111718918946,25.66171843981916,25.27679259329924,25.38677215576172,3498100,0.0,0,0.0014459667549535649,0.6356981083773781,24.764934730529784,25.890986525630584,23.638882935428985,25.249300734106217,24.77272383252479,23.222503703638488,23.780582293961963,24.607755661010746
2018-10-02,25.23097038269043,25.405102224451397,24.919363642185814,25.23097038269043,2985900,0.0,0,-0.00613712417298895,0.6317967501497319,24.832296943664552,25.898388279351803,23.7662056079773,25.249300734106217,24.77272383252479,23.45307689846696,23.780582293961963,24.34197425842285
2018-10-03,25.295125603614988,25.41426854037246,24.90103460438744,25.029342651367188,2741300,0.0,0,-0.007991279299410792,0.6267478858588253,24.875371837615965,25.898910860308355,23.851832814923576,25.249300734106217,24.77272383252479,23.34909281101717,23.780582293961963,24.323644638061523
2018-10-04,24.90103213914876,25.20347375427745,24.662744541158595,24.827713012695312,2499400,0.0,0,-0.008055730487227186,0.6216989738069072,24.926695156097413,25.823447417712085,24.02994289448274,25.249300734106217,24.77272383252479,23.527672441939956,23.780582293961963,24.250324249267575
2018-10-05,24.873538966175797,25.02934234189595,24.50694330214777,24.70857048034668,3343700,0.0,0,-0.004798771932304491,0.6187155822210602,24.962438106536865,25.757812691421382,24.16706352165235,25.281377890423833,24.77272383252479,23.527672441939956,23.780582293961963,24.23199462890625
2018-10-08,24.56193256499124,24.8460457382222,24.51610876185904,24.64441680908203,3164200,0.0,0,-0.002596413714653245,0.6171091405979118,24.97710199356079,25.736473222601816,24.217730764519764,25.281377890423833,24.77272383252479,23.03062926134308,23.780582293961963,24.323644638061523
2018-10-09,24.51610876185904,25.047672919296332,24.51610876185904,24.64441680908203,3259300,0.0,0,0.0,0.6171091405979118,25.000472450256346,25.684126216791114,24.31681868372158,25.12099195639012,24.77272383252479,23.204382120088546,23.780582293961963,23.782915115356445
2018-10-10,24.589425384605946,24.882701890060737,24.067026390756368,24.112850189208984,3108700,0.0,0,-0.02156945420908285,0.6037984332477786,24.981684494018555,25.738176612287774,24.225192375749337,24.88270517353787,24.804804557469346,23.254019942438127,23.780582293961963,23.63628196716309
2018-10-11,23.94788242793174,24.222830470997245,23.51713276628147,23.59961700439453,4109200,0.0,0,-0.021284633744547365,0.5909468047405682,24.945483112335204,25.875877466584537,24.01508875808587,24.589425603050316,24.78647262249068,23.254019942438127,23.780582293961963,23.57212448120117
2018-10-12,23.92955453519651,24.08535790561277,23.581287355176173,23.96621322631836,4223400,0.0,0,0.015533990312451396,0.6001265666805823,24.8904935836792,25.91243415888853,23.868553008469867,24.465700653326966,24.78647262249068,23.15320706139303,23.780582293961963,23.46214485168457
2018-10-15,23.92038978284376,24.43362370268065,23.856235761372396,24.067028045654297,3375800,0.0,0,0.00420653936372517,0.6026510227065414,24.846502113342286,25.92955254416534,23.763451682519232,24.465700653326966,24.78647262249068,23.15320706139303,23.780582293961963,23.183385848999023
2018-10-16,24.039531336203243,24.9193626106382,23.97537731841373,24.873537063598636,2186700,0.0,0,0.03351095184725006,0.6228464321091562,24.833213138580323,25.907967113759145,23.7584591634015,24.36030326027946,24.78647262249068,23.15320706139303,23.780582293961963,23.3971004486084
2018-10-17,24.772725300524076,25.001847800257888,24.717734641980478,24.791053771972656,2763400,0.0,0,-0.0033161062463725743,0.6207810071651082,24.8098424911499,25.866574598994422,23.75311038330538,24.2824028427889,24.78647262249068,23.15320706139303,23.780582293961963,23.3227653503418
2018-10-18,24.79105472326124,24.90103429650265,24.53443863247463,24.70857048034668,2286100,0.0,0,-0.0033271393940997873,0.6187155822210603,24.79838647842407,25.85428461612877,23.742488340719373,24.2824028427889,24.78647262249068,23.45106623208339,23.780582293961963,23.65727424621582
2018-10-19,24.763563513706817,25.203478352690624,24.552771205202014,24.69940948486328,2299900,0.0,0,-0.00037076185733553313,0.6184861860826335,24.785097694396974,25.838929863119475,23.731265525674473,24.360305559486047,24.78647262249068,23.457847837756383,23.780582293961963,23.861696243286133
2018-10-22,24.7727221273298,24.88269993419779,24.51610433119494,24.71773147583008,3463800,0.0,0,0.0007417987453517405,0.618944978359487,24.77684907913208,25.830071957220753,23.72362620104341,24.360305559486047,24.78647262249068,23.457847837756383,23.780582293961963,24.25196075439453
2018-10-23,24.341971499046306,24.68107353460137,24.2228285799985,24.314477920532227,5304900,0.0,0,-0.016314343235428796,0.6088472975386853,24.746146488189698,25.81574467326437,23.676548303115027,24.360305559486047,24.78647262249068,23.47388820022866,23.780582293961963,25.22761344909668
2018-10-24,24.286984475062145,24.43362273204744,22.91224950477561,23.434648513793945,8129000,0.0,0,-0.03618541223109362,0.5868159070914606,24.636625862121583,25.771138003746188,23.50211372049698,24.057863928733116,24.48403099173775,23.989345076501294,23.780582293961963,25.24619674682617
2018-10-25,23.48047736359985,23.66377433657476,22.206554923303365,22.9030876159668,9938300,0.0,0,-0.02268269129422873,0.5735053430243622,24.50052719116211,25.77421712022809,23.22683726209613,23.705016637996994,24.13118370100163,24.29244238210905,23.780582293961963,26.19397354125977
2018-10-26,22.77478064980356,22.875593377940284,22.01409389279832,22.545658111572266,6052300,0.0,0,-0.01560617111490914,0.5645551205058094,24.360304260253905,25.833227892593285,22.887380627914524,23.608786122744473,24.034953185749107,24.395486304833987,23.744412179492095,25.16257095336914
2018-10-29,22.774776159430733,23.69126613165679,22.554818775864387,22.7839412689209,7410500,0.0,0,0.010568915583188287,0.570521855916492,24.230162715911867,25.776256384631562,22.68406904719217,23.608786122744473,24.034953185749107,24.59214967534316,23.55000776899122,25.27407455444336
2018-10-30,22.84809670526521,23.865401196952305,22.728952022564663,23.343000411987305,7586100,0.0,0,0.024537420302650048,0.5845209904869628,24.13576421737671,25.655958131708253,22.615570303045168,23.608786122744473,24.034953185749107,24.654012100268243,23.45958866886217,24.558591842651367
2018-10-31,23.672938293202183,24.19533735021239,23.51713491233369,23.81041145324707,6149000,0.0,0,0.0200236059208454,0.596225208452936,24.074817657470703,25.54312513860868,22.606510176332726,23.608786122744473,24.034953185749107,24.654012100268243,23.45958866886217,24.149747848510746
2018-11-01,24.02120369363251,24.607758522185076,23.883730533901748,24.5252742767334,4258200,0.0,0,0.030023119293423273,0.6141257490120647,24.059695720672607,25.50240749583427,22.616983945510945,23.44839691349806,23.874567251715398,25.001847493273925,23.391773783870264,24.20549774169922
2018-11-02,24.589427635542688,24.745231011836147,24.00287457093955,24.103687286376957,5192800,0.0,0,-0.017189899105690798,0.6035689893483406,24.02945156097412,25.441181039371536,22.617722082576705,23.379662452317234,23.856238924558845,25.0110122833155,23.2923099574674,24.22408103942871
2018-11-05,24.149513491038483,24.57109808062163,24.02120369363251,24.5252742767334,2499700,0.0,0,0.017490560068571526,0.6141257490120647,24.02349443435669,25.42566362495549,22.621325243757887,23.379662452317234,23.83790616630874,25.0110122833155,23.224496428745113,24.10328483581543
2018-11-06,24.47944587852351,24.8002177126428,24.424456970638047,24.607755661010746,3863000,0.0,0,0.0033631177105977184,0.6161911261951013,24.021661376953126,25.42063651261989,22.622686241286363,23.40715580272056,23.71418121658539,25.0110122833155,23.165722731194947,23.898866653442383
2018-11-07,24.82771459466851,24.8552099243652,24.24116154566694,24.34197425842285,4343200,0.0,0,-0.010800716906052776,0.6095358202810461,24.03311758041382,25.438700778806055,22.627534382021583,23.434651908581763,23.71418121658539,25.0110122833155,23.048177146469044,23.50860023498535
2018-11-08,24.314479528595427,24.534436911584024,24.140345944871413,24.323644638061523,5317300,0.0,0,-0.0007530046727818318,0.6090768369601466,24.069318962097167,25.465540497779298,22.673097426415037,23.705014350114794,23.608786122744473,25.0110122833155,22.831165384951063,22.96967124938965
2018-11-09,24.26865446856783,24.45195316543849,24.0486970811626,24.250324249267575,2627000,0.0,0,-0.0030143668798391365,0.6072408559155368,24.08352451324463,25.481055704774267,22.685993321714992,23.792080973464934,23.608786122744473,25.0110122833155,22.794997905778295,22.57940673828125
2018-11-12,24.204499301259755,24.351137552576045,23.984541924285317,24.23199462890625,1824900,0.0,0,-0.0007558505269008586,0.6067818725946373,24.091772842407227,25.49077971453821,22.692765970276245,24.186172418349447,23.608786122744473,25.02705086147431,22.794997905778295,21.94756126403809
2018-11-13,24.140345944871413,24.644414729045373,24.140345944871413,24.323644638061523,2878400,0.0,0,0.0037821900573526968,0.6090768369601466,24.064278221130373,25.42128402901603,22.707272413244716,24.369470229133476,23.608786122744473,25.02705086147431,22.309566807006007,21.36216735839844
2018-11-14,24.479445945315085,24.561930181401262,23.60878153383385,23.782915115356445,4698500,0.0,0,-0.022230612671381822,0.5955366857105752,24.013871288299562,25.333113270519767,22.694629306079356,24.231995729099523,23.608786122744473,24.946857894457455,22.63960136580826,20.54447364807129
2018-11-15,23.74625980698856,23.81957894956096,23.407159428116056,23.63628196716309,3147500,0.0,0,-0.006165482552585644,0.5918649146654019,23.96025686264038,25.248676188661506,22.671837536619257,24.13118467624063,23.608786122744473,24.84375486550361,22.75262657719439,21.86393165588379
2018-11-16,23.67293895046396,23.78291853039301,23.379662401407977,23.57212448120117,3180200,0.0,0,-0.002714364554080584,0.5902583775202302,23.903892612457277,25.155759691557492,22.65202553335706,24.11743616288659,23.608786122744473,24.687949112770497,22.75262657719439,21.548006057739254
2018-11-19,23.691267356587613,23.691267356587613,23.39799083000228,23.46214485168457,3048200,0.0,0,-0.0046656647178453525,0.5875044298338215,23.84111328125,25.04808146343325,22.63414509906675,24.11743616288659,23.608786122744473,24.626086637908823,22.75262657719439,21.61305427551269
2018-11-20,23.35063924304408,23.59222984194896,22.9975463814425,23.183385848999023,2930200,0.35,0,-0.011881224178254657,0.5805241579972481,23.78455867767334,25.00357519735376,22.565542157992915,23.820980555243935,23.608786122744473,24.626086637908823,22.75262657719439,21.67809295654297
2018-11-21,23.33205716539456,23.517894864248884,22.93250354302776,23.3971004486084,3590900,0.0,0,0.009218437764068055,0.5858756838182837,23.782681274414063,25.003985901876455,22.561376646951672,23.788459136036565,23.608786122744473,24.57338794138507,22.75262657719439,21.86393165588379
2018-11-23,23.294888897578915,23.53647950463416,23.183386631120538,23.3227653503418,733500,0.0,0,-0.0031771072842925463,0.5840142939155347,23.803665161132812,24.976755570479753,22.630574751785872,23.788459136036565,23.608786122744473,24.53443773263979,22.75262657719439,21.705974578857425
2018-11-26,23.5457719782294,23.675858548312423,23.229845931773557,23.65727424621582,4042900,0.0,0,0.01434259149158379,0.592390572358411,23.85924596786499,24.882964943593738,22.83552699213624,23.788459136036565,23.608786122744473,24.53443773263979,22.75262657719439,22.71879196166992
2018-11-27,23.61081350060149,23.90815522276264,23.480726940230102,23.861696243286133,2806500,0.0,0,0.008640978455200177,0.5975094065312238,23.913133716583253,24.808941370808988,23.01732606235752,23.74721686221451,23.44839691349806,24.573389090988364,22.76618978854037,23.229846954345703
2018-11-28,23.954618994744404,24.270545057446835,23.54577318907714,24.25196075439453,3009300,0.0,0,0.0163552711060182,0.607281834863438,23.958581733703614,24.825535503262373,23.091627964144855,23.601524300237298,23.434651908581763,24.573389090988364,22.76618978854037,23.610816955566406
2018-11-29,25.181154464086152,25.8873420244856,24.67009676748694,25.22761344909668,8265100,0.0,0,0.04022984799385165,0.6317126907694215,24.029441833496094,25.055346172631104,23.003537494361083,24.40992278375668,23.95071795864196,24.573389090988364,22.76618978854037,23.85240364074707
2018-11-30,25.320532183261317,25.385575468604987,24.93956284999414,25.24619674682617,3138000,0.0,0,0.0007366252763856274,0.6321780263048559,24.065487957000734,25.204284375809817,22.92669153819165,24.40992278375668,23.95071795864196,24.270947460235433,23.78793993850349,23.79665756225586
2018-12-03,25.40415846213696,26.48202312107049,25.40415846213696,26.19397354125977,6910700,0.0,0,0.03754136925803486,0.6559108550271822,24.170002269744874,25.64255123024691,22.69745330924284,24.707263332049124,24.248058506934406,23.91810016949931,24.13118370100163,23.861696243286133
2018-12-04,25.933801825983053,26.110349164715416,25.078943359879958,25.16257095336914,5822300,0.0,0,-0.0393755680582788,0.6300839925148956,24.20186710357666,25.730909316369203,22.672824890784117,24.707263332049124,24.518420948467437,23.82186965424679,24.034953185749107,23.60152244567871
2018-12-06,24.725850016745667,25.27407455444336,24.60505381838017,25.27407455444336,4114300,0.0,0,0.0044313278353333985,0.6328761012495248,24.23518304824829,25.826602135412443,22.64376396108414,24.832704876095512,24.605487571817577,23.82186965424679,24.034953185749107,23.28559684753418
2018-12-07,25.190443895427165,25.292654005872794,24.270542267637627,24.558591842651367,2932300,0.0,0,-0.028308957871068907,0.6149600383616456,24.246013927459718,25.84319336450415,22.648834490415286,24.855934526422025,24.707263332049124,23.82186965424679,24.034953185749107,23.378517150878903
2018-12-10,24.60505262044389,24.744431342905617,23.852406101313303,24.149747848510746,2460700,0.0,0,-0.016647696934747436,0.6047223700160202,24.23731908798218,25.83460793603384,22.640030239930518,24.981375030650298,24.707263332049124,23.82186965424679,24.034953185749107,23.480728149414062
2018-12-11,24.270542796322477,24.67009464094333,24.103287629027157,24.20549774169922,2128700,0.0,0,0.0023085082932619017,0.6061183766223233,24.23507776260376,25.832413635076424,22.637741890131093,25.013898155073814,24.707263332049124,23.661482082606728,24.034953185749107,24.28912353515625
2018-12-12,24.44708732915126,24.753721199056823,24.186914210623176,24.22408103942871,2435400,0.0,0,0.0007677304523046047,0.6065837121577576,24.234682083129883,25.832024809278742,22.637339356981023,25.167214611191895,24.707263332049124,23.61795068843804,24.034953185749107,23.053298950195312
2018-12-13,24.307706809766625,24.83734692996006,23.545768266871068,24.10328483581543,5160400,0.0,0,-0.004986616557988932,0.6035589117749054,24.22366409301758,25.82144490968781,22.62588327634735,25.01389569397078,24.707263332049124,23.608784309312988,24.034953185749107,23.68515014648437
2018-12-14,23.89886665344238,24.382047910502926,23.72232108714069,23.898866653442383,3440100,0.0,0,-0.00848092630384134,0.5984401731241158,24.229461669921875,25.821573478283714,22.637349861560036,25.01389569397078,24.707263332049124,23.560668509652977,24.034953185749107,23.49001884460449
2018-12-17,23.908153815227816,24.06611681736329,23.359929382657416,23.50860023498535,2345800,0.0,0,-0.016329913217906444,0.5886676970308901,24.22307758331299,25.825756077866387,22.62039908875959,24.735139273686414,24.707263332049124,23.57441656258358,24.034953185749107,23.861696243286133
2018-12-18,23.601523348630376,23.898865095967984,22.8395846780036,22.96967124938965,3269800,0.0,0,-0.022924758607859252,0.5751726321762125,24.19295492172241,25.865342011965822,22.520567831479,24.066119341938197,24.660803899537044,23.656900236429635,24.034953185749107,23.99178504943848
2018-12-19,22.951085644961143,23.722316363418088,22.36569260754777,22.57940673828125,4735900,0.0,0,-0.01699042650071747,0.5654002038439984,24.148818016052246,25.939745960251358,22.357890071853134,23.82917330671028,24.42385786430913,23.700433548104705,24.034953185749107,23.675853729248047
2018-12-20,22.42144860564285,22.6258724031867,21.771013922240243,21.94756126403809,7620800,0.0,0,-0.027983262871646986,0.5495784613121489,24.0870267868042,26.082833874186196,22.0912196994222,23.304180426100153,24.126518521655367,23.89747927054696,24.034953185749107,23.787363052368164
2018-12-21,21.947560502680005,22.38428099377041,21.232080780689955,21.36216735839844,5327800,0.0,0,-0.0266723896380614,0.534919890455345,23.985280132293703,26.297501907055725,21.67305835753168,23.03471385532501,23.857051950880223,23.989128175938973,24.034953185749107,23.861696243286133
2018-12-24,21.15774135944986,21.31570436221685,20.5351814982266,20.54447364807129,1750900,0.0,0,-0.038277656784936664,0.5144444104810594,23.846365547180177,26.598335867733578,21.094395226626776,22.686264214093327,23.508602309648545,23.920390925922,24.034953185749107,23.768775939941406
2018-12-26,20.674562904688425,21.90109848782608,20.47943304932407,21.86393165588379,3889000,0.0,0,0.06422447371565387,0.5474843320001652,23.756698417663575,26.64256257904828,20.87083425627887,22.658389989642064,23.480728085197278,23.86998539949255,24.034953185749107,23.870990753173828
2018-12-27,21.58517289045548,21.73384376591364,21.03694837259229,21.548006057739254,4810700,0.0,0,-0.014449624299823327,0.5395733890927231,23.64101390838623,26.68374468909403,20.59828312767843,22.430740479913496,23.480728085197278,23.863111142815534,24.034953185749107,23.963912963867188
2018-12-28,21.66880542345569,21.91968824764473,21.43650690601333,21.61305427551269,3201500,0.0,0,0.0030187580975769013,0.5412022306302838,23.50906858444214,26.662458832782658,20.355678336101622,22.27277493334368,23.480728085197278,23.863111142815534,24.034953185749107,23.908159255981445
2018-12-31,21.66880080515008,21.901099273082306,21.417918034432084,21.67809295654297,2609300,0.0,0,0.0030092313747607236,0.5428308333627869,23.331592559814453,26.477572320734872,20.185612798894034,22.189149072646025,23.480728085197278,23.714883338994206,24.034953185749107,23.740901947021484
2019-01-02,21.25066386431496,22.17985770272793,21.21349526007608,21.86393165588379,3462100,0.0,0,0.008572649804268417,0.5474843320001653,23.162479305267333,26.240773186437977,20.084185424096688,22.10087470637108,23.480728085197278,23.69862262939052,24.034953185749107,24.43779754638672
2019-01-03,21.83606118473781,22.02190071225016,21.473676055615528,21.705974578857425,3247800,0.0,0,-0.0072245504382491,0.543529003829479,22.938079357147217,25.738629334260942,20.13752938003349,21.552652726255385,23.480728085197278,23.69862262939052,24.034953185749107,24.270544052124023
2019-01-04,22.031186904010507,22.74666664488804,21.994020068954097,22.71879196166992,3385700,0.0,0,0.04666076517932627,0.5688904830453194,22.815890407562257,25.422021952336078,20.209758862788437,21.613049847106055,23.480728085197278,23.69862262939052,24.034953185749107,24.13116455078125
2019-01-07,22.876754060450185,23.387809984527124,22.64445559090673,23.229846954345703,2609600,0.0,0,0.02249481370039441,0.5816875684773513,22.713679027557372,25.07218672424198,20.355171330872764,21.933621516925598,23.480728085197278,23.597806887856287,24.034953185749107,24.20549774169922
2019-01-08,23.517897210720008,23.731613155555745,23.313475189895318,23.610816955566406,2809300,0.0,0,0.016400022004855908,0.591227257400331,22.666290283203125,24.908614517518917,20.423966048887333,22.105523102439907,23.480728085197278,23.51808810440953,24.034953185749107,24.233375549316406
2019-01-09,23.70373278248494,24.11257852885401,23.67585633194963,23.85240364074707,2196000,0.0,0,0.010232034140763124,0.5972767148830009,22.651423072814943,24.85746702143378,20.445379124196105,22.574763450723147,23.480728085197278,24.180320371199322,24.034953185749107,24.43779754638672
2019-01-10,23.740904649352988,23.9453284520699,23.647986672441814,23.79665756225586,2504900,0.0,0,-0.0023371262423205197,0.5958808037987209,22.630981063842775,24.785466297263824,20.476495830421726,22.663036894465044,23.480728085197278,24.180320371199322,24.034953185749107,24.112579345703125
2019-01-11,23.69444108149637,23.90815522276264,23.50860161899742,23.861696243286133,3968700,0.0,0,0.0027331015231917277,0.5975094065312239,22.612861824035644,24.718467906888225,20.507255741183062,22.663036894465044,23.294891107019744,24.477660919491765,24.248058506934406,24.01966094970703
2019-01-14,23.601522445678714,23.917448483212315,23.42497512534016,23.60152244567871,3104300,0.0,0,-0.010903407492693473,0.5909945179910965,22.587773704528807,24.632162626283105,20.54338478277451,22.663036894465044,22.88604352759843,24.61284214025828,24.248058506934406,24.03824234008789
2019-01-15,23.647983645835243,23.78736236566031,23.276304696572968,23.28559684753418,5414000,0.0,0,-0.013385814363105819,0.5830835750836545,22.557110214233397,24.538681542061926,20.575538886404868,22.793127292234768,22.88604352759843,24.719096223956544,24.248058506934406,24.25196075439453
2019-01-16,23.248430578865467,23.713027504395328,23.248430578865467,23.378517150878903,3337300,0.0,0,0.0039904626002560395,0.5854103482828494,22.550606060028077,24.52033297839532,20.580879141660834,23.05329929890405,22.658389989642064,24.781598929235575,24.248058506934406,23.85240364074707
2019-01-17,23.23913754464285,23.52718713128306,23.229845393809743,23.480728149414062,2721200,0.0,0,0.0043720051992826026,0.5879697653692559,22.576158905029295,24.58030353803511,20.57201427202348,23.37851705988037,22.658389989642064,24.84431918134971,24.248058506934406,23.68515014648437
2019-01-18,23.57364570999882,24.36345896266467,23.4993102824904,24.28912353515625,3595700,0.0,0,0.0344280373503818,0.6082124104122839,22.661644744873048,24.801812093283118,20.521477396462977,23.796652178237206,22.658389989642064,24.86058074356147,24.248058506934406,23.555065155029297
2019-01-22,24.159040129278416,24.205499112916076,22.988255664183946,23.053298950195312,4579000,0.0,0,-0.050879752131533174,0.5772667137271846,22.71693162918091,24.837278496103487,20.59658476225833,23.67585731342431,22.658389989642064,24.93723897162051,24.248058506934406,24.344879150390625
2019-01-23,23.14621780433925,23.73161090064136,23.06259021915324,23.68515014648437,3206700,0.0,0,0.027408276691944122,0.5930885995420686,22.833080768585205,24.897000282020883,20.769161255149527,23.67585731342431,22.430740479913496,24.860579513009952,24.248058506934406,25.06965065002441
2019-01-24,23.973198251908418,23.973198251908418,23.211259653775148,23.49001884460449,3595800,0.0,0,-0.008238550343699025,0.5882024092564673,22.980358028411864,24.76929560148055,21.191420455343177,23.67585731342431,22.42144600599437,24.860579513009952,24.248058506934406,25.255489349365234
2019-01-25,23.93603167382642,24.205496944923787,23.787360812745845,23.861696243286133,3201500,0.0,0,0.01582277992795289,0.5975094065312241,23.080246257781983,24.830958011083105,21.32953450448086,23.67585731342431,22.42144600599437,24.72120130286777,24.248058506934406,24.818761825561523
2019-01-28,23.62940001317013,24.028953654336064,23.592231408272543,23.99178504943848,1520800,0.0,0,0.005451783679835787,0.6007668985622994,23.202435207366943,24.844971286602735,21.55989912813115,23.67585731342431,22.42144600599437,24.36346162073762,24.248058506934406,24.715198516845703
2019-01-29,23.936028588753803,24.0939915798294,23.638686904916504,23.675853729248047,2345700,0.0,0,-0.013168312384402081,0.5928558123718226,23.30557518005371,24.785259611540692,21.82589074856673,23.67585731342431,22.42144600599437,24.126515585509708,24.248058506934406,24.602214813232425
2019-01-30,23.731611917288,23.936033927446367,23.3506408060664,23.787363052368164,2178000,0.0,0,0.0047098332501676055,0.5956480643894866,23.41103868484497,24.697849455788592,22.12422791390135,23.67585731342431,22.42144600599437,23.715349473877758,24.126518521655367,24.50806427001953
2019-01-31,23.77806866239125,24.08470253490699,23.68514893114177,23.861696243286133,2682900,0.0,0,0.0031249025272084285,0.5975094065312241,23.510926914215087,24.59381605786675,22.428037770563424,23.67585731342431,22.42144600599437,23.445882903102614,23.857051950880223,25.09181022644043
2019-02-01,23.90815464731265,23.982490076063744,23.657271910666555,23.768775939941406,1980400,0.0,0,-0.003894119780812777,0.5951826333320291,23.614066982269286,24.310034510086187,22.918099454452385,23.596877388550013,22.42144600599437,23.097433261870936,23.508602309648545,25.34602165222168
2019-02-04,23.80594746655892,23.98249302385749,23.80594746655892,23.870990753173828,3049100,0.0,0,0.004300381874552395,0.5977421459404586,23.671676921844483,24.239336999729364,23.104016843959602,23.634043582038515,22.70020366762848,23.069559037419673,23.480728085197278,25.487253189086918
2019-02-05,23.88028536608558,24.01037195272505,23.843116757161837,23.963912963867188,1836500,0.0,0,0.0038926834522361453,0.6000689669006651,23.708380222320557,24.25113951655904,23.165620928082074,23.70837829934947,22.788477111370376,22.955734282555387,23.480728085197278,25.722637176513672
2019-02-06,23.917451407903588,24.05683014214225,23.85240811674533,23.908159255981445,2461900,0.0,0,-0.002326569453403038,0.5986728647723389,23.72324733734131,24.270822909563112,23.175671765119507,23.778068875495094,22.788477111370376,22.876751509270477,23.480728085197278,25.374271392822266
2019-02-07,23.647983980686792,23.824529534559996,23.471436654516985,23.740901947021484,3456800,0.0,0,-0.00699582544892563,0.5944846539093834,23.717672252655028,24.262101812769455,23.1732426925406,23.7223161929479,22.788477111370376,22.83493857892165,23.480728085197278,25.66614532470703
2019-02-08,23.926741637798983,24.763015748350107,23.768778612405143,24.43779754638672,5681700,0.0,0,0.02935421749857592,0.6119352857398052,23.749729251861574,24.37888587110394,23.120572632619208,24.056828277208254,23.118345901982817,22.79080139578418,23.480728085197278,25.50608253479004
2019-02-11,24.47496606034184,24.521425043751517,24.24266759870025,24.270544052124023,2723300,0.0,0,-0.006844049425698939,0.6077471703988727,23.770171642303467,24.438345959901387,23.101997324705547,24.056828277208254,23.3785179086521,22.51669040572633,23.480728085197278,25.33660888671875
2019-02-12,24.270545051341784,24.39133947655801,24.112582020030302,24.13116455078125,4774700,0.0,0,-0.00574274318051704,0.6042570344805861,23.796653747558594,24.477989726443464,23.115317768673723,24.117226201433546,23.70373566962842,22.546888966151666,23.480728085197278,25.816795349121094
2019-02-13,24.23337419368061,24.400629360975937,24.12187015805156,24.20549774169922,3587900,0.0,0,0.003080381419700684,0.6061183766223235,23.842648792266846,24.503445951320348,23.181851633213345,24.117226201433546,23.875635706267026,22.707174801061438,23.480728085197278,25.289533615112305
2019-02-14,24.12187150744972,24.41921502832868,23.991784935519103,24.233375549316406,3795200,0.0,0,0.001151713875693794,0.6068164515669924,23.88539171218872,24.530819870504455,23.239963553872986,24.117226201433546,23.875635706267026,22.793125593818594,23.480728085197278,24.97882652282715
2019-02-15,24.34487957922285,24.49355045344098,24.25195983976237,24.43779754638672,3256800,0.0,0,0.008435556022903246,0.611935285739805,23.933245182037354,24.593477660317767,23.27301270375694,24.117226201433546,23.875635706267026,23.027745767960212,23.480728085197278,25.47783851623535
2019-02-19,24.344877791144206,24.372752470327384,24.112579345703125,24.112579345703125,3189300,0.0,0,-0.013307999629110556,0.60379165118414,23.924417972564697,24.56977618501877,23.279059760110624,24.117226201433546,23.875635706267026,23.07188248983116,23.480728085197278,25.072980880737305
2019-02-20,24.15903967026849,24.20549865302345,23.936033362910837,24.01966094970703,3192000,0.0,0,-0.0038535237008002765,0.6014649257459566,23.972736072540282,24.47815608803445,23.467316057046116,24.117226201433546,23.875635706267026,22.978964000742394,23.480728085197278,22.276634216308597
2019-02-21,24.0661170174459,24.15903674399748,23.954614763421112,24.03824234008789,3020900,0.0,0,0.000773590868737406,0.6019302135203795,23.990390682220458,24.47858572225315,23.502195642187765,24.265897180377625,23.875635706267026,22.774540211031738,23.480728085197278,22.28604888916016
2019-02-22,24.177625314482,24.279835436676304,24.06612126846486,24.25196075439453,2820000,0.0,0,0.008890767106970676,0.6072818348634382,24.028487777709962,24.470840906688345,23.58613464873158,24.228729203331177,23.875635706267026,22.8395854099166,23.480728085197278,22.860382080078125
2019-02-25,24.409920245378277,24.465671374152464,23.81523504003332,23.85240364074707,3397400,0.0,0,-0.016475249885725574,0.5972767148830012,24.028023147583006,24.471102864251506,23.584943430914507,24.15439274673715,23.875635706267026,22.855844644273056,23.480728085197278,22.832136154174805
2019-02-26,23.8709896185192,24.019660487228435,23.620106862961155,23.68515014648437,3065400,0.0,0,-0.007012018444002011,0.5930885995420686,24.0126914024353,24.48053042914279,23.544852375727814,24.05682865820107,23.875635706267026,23.018453524761217,23.480728085197278,24.47981834411621
2019-02-27,23.694443882230143,23.796655775915877,23.41568642782845,23.555065155029297,4082200,0.0,0,-0.005492259523395271,0.5898312030330165,24.006651973724367,24.494635988203047,23.518667959245686,23.954618440634718,23.875635706267026,23.227521083939635,23.480728085197278,24.715198516845703
2019-02-28,23.508603282273786,24.82805859694008,23.267014445147343,24.344879150390625,6448800,0.0,0,0.03353053749429735,0.6096085603016216,24.03452777862549,24.532918500554203,23.536137056696774,24.04753652104371,23.94532440804666,23.16712365153319,23.480728085197278,24.677536010742188
2019-03-01,24.42850814394278,25.487788608161736,24.344880552315317,25.06965065002441,8443800,0.0,0,0.02977100420817469,0.6277572193157005,24.094925498962404,24.761442064988806,23.428408932936,24.377401526654538,24.34952413096844,23.053298896668903,23.480728085197278,24.498647689819336
2019-03-04,25.292656182098867,25.54353894916328,24.93956329579448,25.255489349365234,5646700,0.0,0,0.007412895454155244,0.632410717953079,24.169261169433593,24.98945766747917,23.349064671388017,24.405276697155312,24.405276697155312,23.04865165970934,23.480728085197278,24.72461700439453
2019-03-05,25.283358655892183,25.283358655892183,24.474961163602742,24.818761825561523,3786400,0.0,0,-0.017292380193563273,0.62147483137975,24.216649723052978,25.071604268905805,23.36169517720015,24.405276697155312,24.405276697155312,23.04865165970934,23.480728085197278,24.988245010375977
2019-03-06,24.894089980371064,24.94116583064315,24.639876078913225,24.715198516845703,3857300,0.35,0,-0.004172783051939244,0.6188815517361618,24.254214000701904,25.127472572152772,23.380955429251035,24.405276697155312,24.405276697155312,23.04865165970934,23.480728085197278,25.298948287963867
2019-03-07,24.630461401870104,24.78110628294716,24.376247491616844,24.602214813232425,3038300,0.0,0,-0.004571426101888987,0.6160523804565775,24.288916778564452,25.159539406141683,23.418294150987222,24.405276697155312,24.405276697155312,23.04865165970934,23.480728085197278,25.082393646240234
2019-03-08,24.31034173184977,24.50806427001953,24.17852790362242,24.50806427001953,1764800,0.0,0,-0.0038269133054742444,0.6136948014049391,24.327274894714357,25.164545837092074,23.49000395233664,24.405276697155312,24.405276697155312,23.04865165970934,23.480728085197278,24.950580596923828
2019-03-11,24.55513764196078,25.1765481919718,24.479815205469404,25.09181022644043,2210900,0.0,0,0.02381852560811959,0.6283121067477726,24.35997552871704,25.26131415357085,23.45863690386323,24.405276697155312,24.405276697155312,23.04865165970934,23.480728085197278,24.611629486083984
2019-03-12,25.22362337829067,25.421344081370385,25.054147463749,25.34602165222168,2810200,0.0,0,0.010131250933556712,0.634677694365826,24.413749408721923,25.41159070475172,23.415908112692126,24.405276697155312,24.405276697155312,23.00916169727219,23.480728085197278,24.72461700439453
2019-03-13,25.40251522447945,25.65672911830184,25.298947997825845,25.487253189086918,3292600,0.0,0,0.005572138255190762,0.6382142062263181,24.481553840637208,25.574236656001776,23.38887102527264,24.917628510962132,24.46187178172459,23.167123624833497,23.480728085197278,24.696365356445312
2019-03-14,25.496669859387808,25.75088376459013,25.44017847906349,25.722637176513672,3382800,0.0,0,0.009235361130541131,0.6441083448994598,24.55741081237793,25.768488175457545,23.346333449298317,24.964705834106276,24.508949104868737,23.248427705359923,23.480728085197278,24.517480850219727
2019-03-15,25.694392205480277,25.750883585411515,25.23304024925128,25.374271392822266,4996800,0.0,0,-0.013543159719621833,0.6353850827077452,24.61445560455322,25.866347365163517,23.362563843942926,24.964705834106276,24.508949104868737,23.283272993432735,23.480728085197278,24.07495880126953
2019-03-18,25.440178011732144,25.71322117480775,25.374271103259705,25.66614532470703,1843500,0.0,0,0.011502751246182719,0.6426937592596677,24.675872993469238,26.006023887181748,23.345722099756728,24.964705834106276,24.508949104868737,23.25539665215914,23.480728085197278,24.103200912475582
2019-03-19,25.74146535493699,25.95801711847337,25.459006689092007,25.50608253479004,2622900,0.0,0,-0.00623633926684386,0.6386857029322411,24.745548152923583,26.096427239861832,23.394669065985333,25.068272511047894,24.61251578181036,23.587587089595537,23.480728085197278,23.8584041595459
2019-03-20,25.571991727952355,25.637898636165197,25.18596401199553,25.33660888671875,2164800,0.0,0,-0.0066444405110086535,0.6344419937738761,24.81139554977417,26.142350197038898,23.48044090250944,25.068272511047894,24.61251578181036,23.717673092930177,23.480728085197278,23.90548324584961
2019-03-21,25.14830701022534,25.89211780180227,24.997662104862982,25.816795349121094,1900800,0.0,0,0.01895227828433077,0.6464661149951443,24.90032320022583,26.25050038739712,23.55014601305454,25.218916161971386,24.61251578181036,23.910480935530984,23.480728085197278,23.86781883239746
2019-03-22,25.703806132160267,25.76029930834476,25.15771799984377,25.289533615112305,2032500,0.0,0,-0.0204232061678693,0.6332632042480569,24.95220184326172,26.277995363827596,23.62640832269584,25.477839611668177,24.61251578181036,23.996430953850286,23.480728085197278,24.037296295166016
2019-03-25,25.24245414264024,25.308361047593507,24.89408856050766,24.97882652282715,2403400,0.0,0,-0.012285995345500789,0.6254829354681883,25.008522987365723,26.233465879524886,23.78358009520656,25.426052839490517,24.61251578181036,23.996430953850286,23.480728085197278,23.406469345092773
2019-03-26,25.32719363983324,25.487254045489053,25.26128673088589,25.47783851623535,1542900,0.0,0,0.019977399376715166,0.6379784578733565,25.09815740585327,26.174462204457427,24.021852607249116,25.426052839490517,24.61251578181036,23.996430953850286,23.480728085197278,23.020442962646484
2019-03-27,25.562577649282897,25.73205359192012,24.90350673392875,25.072980880737305,6701400,0.0,0,-0.015890580169901636,0.6278406100418498,25.174053192138672,25.98264894651153,24.365457437765812,25.426052839490517,24.61251578181036,23.996430953850286,23.480728085197278,23.30290031433105
2019-03-28,23.05810525684988,23.161674292191208,22.22014283149912,22.276634216308597,18940900,0.0,0,-0.11152828926603786,0.5578186208721366,25.07064094543457,26.543379633815057,23.59790225705408,24.089079974986248,24.089079974986248,23.996430953850286,23.294891107019744,23.08635139465332
2019-03-29,22.483769626302173,22.681492159272867,22.12598847516623,22.28604888916016,10097900,0.0,0,0.00042262546308147186,0.5580543692250982,24.931460857391357,26.844153741269828,23.018767973512887,24.0420027968198,24.0420027968198,24.070766443322327,22.88604352759843,22.74739646911621
2019-04-01,22.436692249509843,23.011026954096057,22.33312322518681,22.860382080078125,5095200,0.0,0,0.025770974198899843,0.5724359739759816,24.811705493927,26.920363081479913,22.70304790637409,24.00905313848425,24.0420027968198,24.0521824547991,22.88604352759843,22.709735870361328
2019-04-02,22.869798271684576,23.208748350129493,22.832136154174805,22.832136154174805,3298600,0.0,0,-0.001235584156221714,0.5717286811560854,24.712374210357666,26.99247217186401,22.432276248851323,24.00905313848425,24.0420027968198,24.01501422650209,22.658389989642064,22.85096740722656
2019-04-03,22.898045179163788,24.592802911253717,22.832138263262237,24.47981834411621,10541200,0.0,0,0.07216504749338282,0.6129875085850435,24.700605201721192,26.982976743680815,22.41823365976157,23.943143891755497,24.0420027968198,23.966232182234048,22.658389989642064,23.152257919311523
2019-04-04,24.479815673828128,25.101226235728248,24.46098461538786,24.715198516845703,6402800,0.0,0,0.009615274485321734,0.6188815517361622,24.706254386901854,26.98817825392279,22.424330519880918,23.929021033543176,24.0420027968198,23.915127073450872,22.658389989642064,22.361371994018555
2019-04-05,24.903505116804144,24.99765681586332,24.639875690284228,24.677536010742188,4071100,0.0,0,-0.0015238601493670068,0.617938462802293,24.71472797393799,26.994883905725974,22.434572042150005,23.929021033543176,24.0420027968198,23.996430464545185,22.658389989642064,22.63441467285156
2019-04-08,24.57397013069586,24.6116304532198,24.02788198538389,24.498647689819336,4416300,0.0,0,-0.007249034945992272,0.6134590052909664,24.685069847106934,26.960206101320285,22.409933592893584,23.929021033543176,24.0420027968198,24.36346282881149,22.983610828742904,22.43669319152832
2019-04-09,24.34800476967004,25.270705193702245,24.21618914064487,24.72461700439453,7697100,0.0,0,0.009223746446588521,0.6191173956111466,24.653999614715577,26.90884540541584,22.399153824015315,23.69834683443424,24.0420027968198,24.405276697155312,23.011485999243675,22.29546546936035
2019-04-10,24.715200033719967,25.072981186900623,24.460986116659964,24.988245010375977,2270100,0.0,0,0.01066257187864994,0.6257187793431731,24.629049205780028,26.857056906057064,22.40104150550299,23.69834683443424,24.0420027968198,24.405276697155312,23.011485999243675,22.220142364501957
2019-04-11,25.13888788585064,25.684975999678965,24.83759634388627,25.298948287963867,3843100,0.0,0,0.012433977554601183,0.6334989526010185,24.607864761352538,26.80129441721791,22.414435105487165,24.00904961243289,24.0420027968198,24.405276697155312,23.011485999243675,22.30487823486328
2019-04-12,25.39309890822462,25.51549898478637,25.082393646240234,25.082393646240234,3303800,0.0,0,-0.008559827833896971,0.6280763106337998,24.59327087402344,26.769744875634053,22.416796872412824,24.258556076926887,24.0420027968198,24.405276697155312,23.011485999243675,22.74739646911621
2019-04-15,25.16713237487942,25.44959285536057,24.931749539059386,24.950580596923828,4635400,0.0,0,-0.005255202161942196,0.6247756426482923,24.557492637634276,26.6846842469978,22.43030102827075,24.258557131470603,24.0420027968198,24.405276697155312,23.011485999243675,22.57792091369629
2019-04-16,24.98824347149587,25.28011769394437,24.53630704816732,24.611629486083984,3167300,0.0,0,-0.013584898737051154,0.6162881288095392,24.512769985198975,26.594959692220645,22.430580278177306,24.856428992531427,24.0420027968198,24.405276697155312,23.011485999243675,22.04125213623047
2019-04-17,24.611632436062788,24.837599776897484,24.423327216614936,24.72461700439453,3029600,0.0,0,0.004590818270461705,0.6191173956111466,24.482170391082764,26.53243222836637,22.431908553799158,24.856428992531427,24.0420027968198,24.405276697155312,23.011485999243675,21.65522575378418
2019-04-18,24.705780884864065,24.95057923626647,24.37624457352128,24.696365356445312,2915200,0.0,0,-0.0011426526018258887,0.6184099595082159,24.426148891448975,26.385744306,22.46655347689795,24.856428992531427,24.0420027968198,24.68975014634336,23.346838745447066,21.306854248046875
2019-04-22,24.630463623303164,24.75286372261049,24.47981872863938,24.517480850219727,2450800,0.0,0,-0.007243353572225164,0.6139305975189124,24.387546253204345,26.307170202543347,22.467922303865343,24.95058257016192,24.0420027968198,24.73682746948751,23.482189512333107,21.269195556640625
2019-04-23,24.47040208065891,24.583386644411043,24.027882947272893,24.07495880126953,3854800,0.0,0,-0.018049246235925187,0.6028496129925249,24.342352867126465,26.246497053059446,22.438208681193483,24.856429473475927,24.0420027968198,24.73682746948751,23.482189512333107,21.052642822265625
2019-04-24,24.12203196890668,24.22559918762088,23.792495664676213,24.103200912475582,2070500,0.0,0,0.001173090738770588,0.6035568102903979,24.273620986938475,26.10597941406212,22.44126255981483,24.73873583217759,24.0420027968198,24.73682746948751,23.482189512333107,21.40100860595703
2019-04-25,23.914895536783085,23.99963350055312,23.632436854768635,23.8584041595459,2961400,0.0,0,-0.010156192690696897,0.5974269710253062,24.212892150878908,26.015192945278205,22.41059135647961,24.573967919777502,24.00905313848425,24.840394146429126,23.71584658704445,21.551654815673828
2019-04-26,23.933729836208357,24.093790256583745,23.670100380346312,23.90548324584961,3560300,0.0,0,0.0019732705502382153,0.5986058560731484,24.294334602355956,25.869944218474878,22.718724986237035,24.541014855064603,24.00905313848425,24.840394146429126,23.976018593713732,21.675952911376957
2019-04-29,24.065539543550845,24.30092236873065,23.58535836468464,23.86781883239746,2405400,0.0,0,-0.0015755554098111357,0.5976627193782678,24.373423099517822,25.66901575408297,23.077830444952674,24.432738029314507,23.943143891755497,24.915715971890872,24.30123635469005,21.58989906311035
2019-04-30,23.999634178724644,24.47039985927043,23.58535987701236,24.037296295166016,4750400,0.0,0,0.0071006682243839325,0.601906524058656,24.432268810272216,25.538853675383436,23.325683945160996,24.267968800475558,23.929021033543176,25.045177696739266,24.47313639132866,21.61858558654785
2019-05-01,24.09378678225211,24.169109216518496,23.38763828756905,23.406469345092773,3771400,0.0,0,-0.026243673262042577,0.5861102859069688,24.460985469818116,25.41820085585657,23.503770083779663,24.169108761917762,23.929021033543176,25.019284310650438,24.47313639132866,21.752443313598636
2019-05-02,23.36880856763264,23.472377594112704,22.91687393616642,23.020442962646484,3321800,0.0,0,-0.016492294363362414,0.5764439825423966,24.38801670074463,25.53441746876134,23.241615932727917,23.834868829388455,23.929021033543176,25.019284310650438,24.47313639132866,21.465600967407227
2019-05-03,23.02044163491298,23.312315843088783,22.9451192006796,23.30290031433105,2737700,0.0,0,0.012269848679405948,0.5835168629803459,24.317401790618895,25.546425837512835,23.088377743724955,23.75013029028873,23.905482237422596,25.019284310650438,24.47313639132866,21.55165672302246
2019-05-06,23.011028951107495,23.28407213552534,22.926290977639862,23.08635139465332,2377200,0.0,0,-0.009292788312043498,0.5780943642961618,24.237842559814453,25.56641174563361,22.909273373995298,23.693636897718427,23.905482237422596,24.089079974986248,24.089079974986248,21.80025100708008
2019-05-07,22.90745686479757,22.982779298304774,22.568505016100936,22.74739646911621,3630000,0.0,0,-0.01468204826924746,0.5696067549353856,24.150279998779297,25.623198330564627,22.677361666993967,23.519452437685683,24.00904961243289,24.0420027968198,24.0420027968198,22.154027938842773
2019-05-08,22.78505830294012,23.06751697615348,22.68148928470861,22.709735870361328,2401900,0.0,0,-0.0016556004027103999,0.568663713762528,24.049535942077636,25.624759320817716,22.474312563337556,23.519452437685683,24.12674050788995,24.025527967652025,24.0420027968198,22.048852920532227
2019-05-09,22.427277560782112,22.888627729227945,22.33312406203572,22.85096740722656,2676200,0.0,0,0.0062189863268975465,0.57220022562302,23.942672061920167,25.538743315283213,22.34660080855712,23.401761960653076,24.009050030857342,24.025527967652025,24.0420027968198,22.43131446838379
2019-05-10,22.747399118618727,23.274656214581384,22.427278289969944,23.152257919311523,4635100,0.0,0,0.01318502217939721,0.5797446982889156,23.835337543487547,25.337086659458002,22.333588427517093,23.401761960653076,24.009050030857342,23.99257334428765,24.0420027968198,22.393064498901367
2019-05-13,22.549679002825997,22.653246241424227,21.74937690913748,22.361371994018555,6059100,0.0,0,-0.03416020709726475,0.559940499331825,23.699286460876465,25.217587228442934,22.180985693309996,22.959243062827987,23.717176454408225,23.98551191518149,24.0420027968198,22.565174102783203
2019-05-14,22.43669215415053,22.841550924788724,22.323707601203008,22.63441467285156,2949200,0.0,0,0.012210461813614959,0.5667776314168127,23.58347816467285,25.05443067567034,22.112525653675362,22.61087725162509,23.717176454408225,23.98551191518149,24.0420027968198,22.421751022338867
2019-05-15,22.49318457269973,22.68149157104261,22.408446603028302,22.43669319152832,3439700,0.0,0,-0.00873543602434712,0.5618265816775402,23.474731349945067,24.94716098103707,22.002301718853065,22.530846376113132,23.717176454408225,23.98551191518149,24.0420027968198,22.383506774902344
2019-05-16,22.53084833656926,22.577924191679536,22.26721887879693,22.29546546936035,2886400,0.0,0,-0.006294498077875965,0.5582901653390713,23.353273773193358,24.793312121550535,21.91323542483618,22.51672452233141,23.717176454408225,23.87017481562702,24.0420027968198,21.36042594909668
2019-05-17,22.144819921062776,22.39903384110577,22.050666417806628,22.220142364501957,3219700,0.0,0,-0.00337840467883066,0.5564040352323446,23.22946262359619,24.610260369963154,21.84866487722923,22.512016561859433,23.717176454408225,23.87017481562702,24.0420027968198,21.02577018737793
2019-05-20,22.06007986780927,22.85096634726729,21.994172960492524,22.30487823486328,5841000,0.0,0,0.0038134710827368856,0.5585258659310213,23.118832492828368,24.420570872386772,21.817094113269963,22.512016561859433,23.632437946961925,24.025526204626345,24.0420027968198,21.13094520568848
2019-05-21,22.35195324424629,22.76622752645013,22.314292925406924,22.74739646911621,3643300,0.0,0,0.019839527012582403,0.5696067549353857,23.0524543762207,24.28524129838739,21.819667454054013,22.512016561859433,23.599484882249026,24.150279436873344,24.0420027968198,21.350860595703125
2019-05-22,22.60616750015872,22.898041710289856,22.56850538487548,22.57792091369629,2031900,0.0,0,-0.007450327585841188,0.5653629980160091,22.97619037628174,24.12446846230015,21.827912290263328,22.512016561859433,23.514747301540925,24.150279964145202,24.0420027968198,21.609020233154297
2019-05-23,22.40844884431449,22.40844884431449,21.994176279850556,22.04125213623047,2793500,0.0,0,-0.02376962783762182,0.5519245299600064,22.885332775115966,24.027493929226928,21.743171621005004,22.32370930971367,23.349978072701976,24.449215894675614,24.0420027968198,21.42735481262207
2019-05-24,22.08832940686198,22.11657599999576,21.6269791606504,21.65522575378418,3226900,0.0,0,-0.01751381364635607,0.5422582265954342,22.772819900512694,23.934227179467044,21.611412621558344,22.262510435470126,23.288779198458435,24.449215894675614,24.0420027968198,21.81937789916992
2019-05-28,21.683468235097923,21.76820620260155,21.30685424804687,21.306854248046875,5165700,0.0,0,-0.0160871795888079,0.533534821120685,22.644771671295167,23.859123384028337,21.430419958562,22.102447979168364,23.02985898532868,24.449215894675614,24.0420027968198,21.91499137878418
2019-05-29,21.25978002666,21.429255974653746,21.18445758264375,21.269195556640625,3573300,0.0,0,-0.0017674449248978874,0.532591827708839,22.506366634368895,23.68437413873708,21.32835913000071,22.041249646466802,22.883922113527397,24.49629268349086,24.0420027968198,22.01060485839844
2019-05-30,21.31627046673351,21.787036169944614,21.014980704010988,21.052642822265625,5729300,0.0,0,-0.01018151973817305,0.5271692335026318,22.38867530822754,23.651675276327083,21.125675340127998,21.95651120715042,22.74269028164071,24.449216135147864,24.0420027968198,21.886306762695312
2019-05-31,20.88316704666748,21.41983966523304,20.86433598739147,21.40100860595703,3759600,0.0,0,0.016547365888095023,0.5358924956943464,22.307703590393068,23.605851919539965,21.00955526124617,21.881188848840665,22.66736792333095,24.390369314498695,24.0420027968198,21.44647789001465
2019-06-03,21.382178863410644,21.67405491267669,21.269196092454365,21.551654815673828,3881000,0.0,0,0.00703921074424807,0.5396647559077999,22.220141315460204,23.4729407469869,20.967341883933507,21.881188848840665,22.66736792333095,24.291510529130875,24.0420027968198,21.484718322753903
2019-06-04,21.704638110708604,21.800251794385872,21.53253056214694,21.675952911376957,3577100,0.35,0,0.005767450191932921,0.5427772455078398,22.149621391296385,23.356918463275147,20.942324319317624,21.881188848840665,22.66736792333095,24.275033996774425,24.0420027968198,21.857622146606445
2019-06-05,21.81937518583481,21.81937518583481,21.436914981294045,21.58989906311035,2442300,0.0,0,-0.003970014541849198,0.5406224119501888,22.091746520996093,23.289709757253313,20.893783284738873,21.63639241585298,22.66736792333095,24.187940960535002,24.0420027968198,21.857622146606445
2019-06-06,21.78113141139837,21.88630683426808,21.57077691823051,21.61858558654785,3585300,0.0,0,0.0013287011372145052,0.5413407375637507,22.03718900680542,23.21664971868757,20.85772829492327,21.490455993693615,22.51672260195498,24.09849491700937,24.0420027968198,22.383506774902344
2019-06-07,21.78112851076898,21.886303919632304,21.58989751039461,21.752443313598636,2886900,0.0,0,0.006191789306238427,0.5446926053536292,21.982262802124023,23.105394340321496,20.85913126392655,21.375321410829777,22.168356790752085,24.049064897730467,24.0420027968198,22.3643798828125
2019-06-10,21.809814252254935,21.934114963108588,21.331738523125285,21.465600967407227,2565400,0.0,0,-0.013186672506443897,0.5375099223501492,21.89792995452881,22.902849050865118,20.8930108581925,21.399225475250027,22.088325915240127,23.881944931465817,24.0420027968198,22.326135635375977
2019-06-11,21.532533254410307,21.68551735587884,21.46560293798212,21.55165672302246,2341200,0.0,0,0.004009007516067253,0.5396648036688116,21.857444190979002,22.849438056589037,20.86545032536897,21.399225475250027,22.074204061458403,23.827806263855663,24.0420027968198,22.52692985534668
2019-06-12,21.55165325004024,21.809812739845317,21.44647601333673,21.80025100708008,1124300,0.0,0,0.011534810861759004,0.5458897351078797,21.81573600769043,22.740733501697548,20.89073851368331,21.399225475250027,22.069496100986427,23.799559567570512,24.0420027968198,22.469558715820312
2019-06-13,21.876743158362515,22.182713137286477,21.819374585189173,22.154027938842773,2288500,0.0,0,0.016228112770251935,0.5547484952893333,21.80160274505615,22.69602416361212,20.907181326500183,21.72595461487042,22.069496100986427,23.764251025059288,24.0420027968198,22.469558715820312
2019-06-14,22.134906700809484,22.17315363591681,21.972360874031803,22.048852920532227,2855200,0.0,0,-0.004747444509905274,0.5521148575909938,21.789272117614747,22.66243941266176,20.916104822567732,21.757225830205883,22.069496100986427,23.823096472787817,24.0420027968198,22.498241424560547
2019-06-17,22.08710115080469,22.54605345671973,21.96280042813123,22.43131446838379,3308900,0.0,0,0.0173460972881454,0.5616918956249977,21.79983072280884,22.698596663509168,20.90106478210851,21.938895989922507,22.069496100986427,23.705405995755207,24.0420027968198,22.756406784057617
2019-06-18,22.555610299963163,22.823333332216105,22.364379302109068,22.393064498901367,2233300,0.0,0,-0.0017052041036799137,0.5607340962995742,21.804240036010743,22.71379174931284,20.894688322708646,22.077535927670695,21.881188848840665,23.705405995755207,24.0420027968198,22.632102966308597
2019-06-19,22.39306655366491,22.60341921163498,22.30701277910576,22.565174102783203,2092400,0.0,0,0.007685844154571964,0.5650438111758874,21.795128917694093,22.66929370233346,20.920964133054728,22.077535927670695,21.881188848840665,23.338209758618106,23.853697013805427,22.51736640930176
2019-06-20,22.76596428564304,22.76596428564304,22.316573784924618,22.421751022338867,3486700,0.0,0,-0.006355948320675542,0.5614524219131359,21.78732042312622,22.635503174792834,20.93913767145961,22.077535927670695,21.881188848840665,23.164026853016658,23.853697013805427,22.469558715820312
2019-06-21,22.45043708902245,22.679913233311805,22.259207880638467,22.383506774902344,5795500,0.0,0,-0.0017056762158503824,0.5604947658707471,21.804433155059815,22.685942194654398,20.922924115465232,22.13490467277642,21.881188848840665,23.12401141526068,23.853697013805427,21.8958683013916
2019-06-24,22.33570097583305,22.40263129309085,21.245686959715893,21.36042594909668,3860100,0.0,0,-0.04570690536090616,0.5348762846518096,21.78969316482544,22.690547430431725,20.888838899219156,22.034510145966,21.881188848840665,23.116950488369817,23.853697013805427,22.144466400146484
2019-06-25,21.34130009324036,21.44647733643256,21.01620845402281,21.02577018737793,2717500,0.0,0,-0.015667092150514983,0.5264963286110446,21.77563896179199,22.714572370030268,20.836705553553713,21.919770893119455,21.881188848840665,23.11459650813383,23.853697013805427,21.97235679626465
2019-06-26,21.08313654394664,21.20743724076144,20.930152473800717,21.13094520568848,2856100,0.0,0,0.0050021957518440185,0.5291299663093842,21.768726444244386,22.724540332234465,20.812912556254307,21.876742903008413,21.881188848840665,23.072227254410677,23.853697013805427,21.733322143554688
2019-06-27,21.21699998387688,21.436914367224013,21.13094621235599,21.350860595703125,1671300,0.0,0,0.010407267061363745,0.5346367631789364,21.78363733291626,22.70249963814366,20.86477502768886,21.876742903008413,21.881188848840665,23.055750722054228,23.853697013805427,20.92059135437012
2019-06-28,21.341297206566168,21.609020233154293,21.23611997760049,21.609020233154297,4183800,0.0,0,0.012091298910130499,0.5411012160908776,21.794037914276124,22.699816032119557,20.888259796432692,21.876742903008413,21.84383465980379,23.01338193170018,23.853697013805427,20.80585479736328
2019-07-01,21.704639620979943,22.07753811966816,21.36998623368101,21.42735481262207,3906200,0.0,0,-0.008406925375242236,0.5365522185467487,21.787822914123534,22.70192627090357,20.8737195573435,21.848058379721877,21.84383465980379,22.836843691207825,23.853697013805427,20.767608642578125
2019-07-02,21.427355912801715,21.924555152390678,21.408232444268062,21.81937789916992,2270100,0.0,0,0.01829544943722694,0.5463686825316028,21.794994163513184,22.707708757799338,20.88227956922703,21.848058379721877,21.84383465980379,22.77564481696428,23.792498139561886,21.15007209777832
2019-07-03,21.809814135350884,22.00104515546339,21.73332209204872,21.91499137878418,1588000,0.0,0,0.004382044256995066,0.5487628942790923,21.811248779296875,22.720306536530693,20.902191022063057,21.805032853556263,21.84383465980379,22.566153482248524,23.63243568326012,20.74848937988281
2019-07-05,21.91498935716256,22.077535162149356,21.790690482155718,22.01060485839844,1912100,0.0,0,0.004362925723385258,0.5511571060265819,21.830849742889406,22.73934458809833,20.92235489768048,21.666391883445783,21.84383465980379,22.4625858799971,23.57123735055856,20.203479766845703
2019-07-08,21.94367716448851,21.98192227530309,21.599462048586197,21.886306762695312,1585200,0.0,0,-0.005647191274514296,0.548044616426542,21.837542915344237,22.745596098897014,20.92948973179146,21.50384529673444,21.84383465980379,22.349600744395566,23.48649891124218,20.33734130859375
2019-07-09,21.790693004827418,21.80981464831708,21.35086237770952,21.44647789001465,2773800,0.0,0,-0.020096075479959064,0.537031070448449,21.83658676147461,22.7462609021355,20.92691262081372,21.50384529673444,21.876742903008413,22.274278386085808,23.41117655293242,20.002689361572266
2019-07-10,21.44647322038764,21.503841785793945,21.2648039689349,21.484718322753903,2089200,0.0,0,0.0017830635377689141,0.5379886309688147,21.833239841461182,22.747614123437195,20.91886555948517,21.604242166012074,21.876742903008413,22.274278386085808,23.37822689459687,19.342945098876957
2019-07-11,21.599460824312487,21.943675920704436,21.5420922494852,21.857622146606445,3115000,0.0,0,0.01735670062090633,0.5473263385739916,21.8361083984375,22.750409890489927,20.921806906385072,21.656829048634325,21.876742903008413,22.274278386085808,23.37822689459687,19.457683563232425
2019-07-12,21.972359296261025,21.972359296261025,21.71419797396706,21.857622146606445,1818300,0.0,0,0.0,0.5473263385739916,21.821288108825684,22.723904724546678,20.91867149310469,21.67117104430153,21.876742903008413,22.151880169591966,23.312317647868113,19.81145477294922
2019-07-15,21.876745816441936,23.607381368159835,21.656831406128923,22.383506774902344,9129100,0.0,0,0.024059553448614546,0.5604947658707471,21.83802080154419,22.76916207249879,20.90687953058959,22.436092668547367,22.268766920980276,22.0035892978243,23.298194789655795,19.82101821899414
2019-07-16,22.65122638704177,22.65122638704177,22.163588971194617,22.3643798828125,3458900,0.0,0,-0.00085450828961664,0.5600158184470237,21.834674072265624,22.757618267912665,20.911729876618583,22.436092668547367,22.268766920980276,21.77183910079093,23.298194789655795,20.12251663208008
2019-07-17,22.2592053289285,22.45999624827093,22.02972921094541,22.326135635375977,2593800,0.0,0,-0.001710051771474097,0.5590581624046349,21.831327629089355,22.746518198759045,20.916137059419665,22.436092668547367,22.268766920980276,21.743775695245077,23.298194789655795,20.112791061401367
2019-07-18,22.21139991892447,22.53649158962788,22.087101020697563,22.52692985534668,2245300,0.0,0,0.008993684498294519,0.5640861551334985,21.82941541671753,22.738538983649114,20.920291849785947,22.436092668547367,22.268766920980276,21.736714768354215,23.27465599353522,19.47089195251465
2019-07-19,22.507805648591724,22.70859657449925,22.31657463216292,22.469558715820312,2838000,0.0,0,-0.0025467802268115403,0.5626495516673863,21.831805801391603,22.747445444938773,20.916166157844433,22.436092668547367,22.268766920980276,21.734360788118227,23.27465599353522,19.723764419555664
2019-07-22,22.54605075764901,22.689473108113543,22.335698098548622,22.469558715820312,1928400,0.0,0,0.0,0.5626495516673863,21.8361083984375,22.76293964690589,20.90927714996911,22.436092668547367,22.268766920980276,21.897725357928422,23.27465599353522,19.762664794921875
2019-07-23,22.62254029487793,22.62254029487793,22.28788696503492,22.498241424560547,1639200,0.0,0,0.0012765141097337285,0.5633677817589251,21.892999172210693,22.83577271580369,20.950225628617698,22.574736808822518,22.268766920980276,21.913360965596155,23.27465599353522,19.957178115844727
2019-07-24,22.57473929765412,22.84246057181271,22.536492359223235,22.756406784057617,1873400,0.0,0,0.011474912844309682,0.5698323779539008,21.979531002044677,22.905385136218918,21.053676867870436,22.63210638714438,22.268766920980276,22.004196045454467,23.27465599353522,20.326757431030277
2019-07-25,22.756401841784733,22.813772236971264,22.55561092977389,22.632102966308597,1242900,0.0,0,-0.005462365782461842,0.5667197450708266,22.054588890075685,22.93489034455894,21.17428743559243,22.63210638714438,22.268766920980276,21.97936238825568,23.27465599353522,20.19059562683105
2019-07-26,22.660790588902337,22.67035049874245,22.393067520524014,22.51736640930176,3219700,0.0,0,-0.005069637460453413,0.5638466814216369,22.112914180755617,22.952166726448368,21.273661635062865,22.436094891379057,22.268766920980276,21.97936238825568,23.27465599353522,19.94745635986328
2019-07-29,22.517365558070445,22.660789732249118,22.3548197412202,22.469558715820312,2560100,0.0,0,-0.0021231476457965748,0.5626495516673863,22.155941104888917,22.97523245037032,21.336649759407514,22.436094891379057,22.268766920980276,21.97936238825568,23.27465599353522,20.015535354614254
2019-07-30,22.37394403646004,22.37394403646004,21.781131146255127,21.8958683013916,3297400,0.0,0,-0.025531895026705054,0.5482840423773919,22.179366779327392,22.937894986429924,21.42083857222486,22.311795859033918,22.268766920980276,22.00804676080854,23.27465599353522,20.443464279174805
2019-07-31,22.842456488301902,23.04324923173984,21.781129668578235,22.144466400146484,7173700,0.0,0,0.011353653362040195,0.554509069338483,22.19562120437622,22.93612156447323,21.45512084427921,22.412189450159037,22.268766920980276,21.95784949740333,23.27465599353522,20.628252029418945
2019-08-01,21.991480260269263,22.49824111410813,21.857619659664767,21.97235679626465,3425800,0.0,0,-0.007772126940060131,0.5501993544621697,22.198489475250245,22.935010354363015,21.461968596137474,22.412189450159037,22.268766920980276,21.90047987098006,23.27465599353522,21.07563781738281
2019-08-02,21.895867963921287,22.020168674403244,21.5994615233872,21.733322143554688,3099100,0.0,0,-0.010878880901415089,0.5442138012129403,22.184625339508056,22.945084546005134,21.424166133010978,22.32135537756352,22.369163790257915,21.87896587592454,23.18991748608892,21.775888442993164
2019-08-05,21.522967743967463,21.522967743967463,20.576378098314237,20.92059135437012,3408800,0.0,0,-0.03739560771318129,0.5238625953906819,22.136339569091795,23.071182382811024,21.201496755372567,21.809813665027036,22.091879733237036,21.87896587592454,23.15696442137602,22.21354866027832
2019-08-06,20.987524075003144,21.064016114475603,20.557255213149272,20.80585479736328,2524300,0.0,0,-0.005484384024492361,0.5209895317414922,22.10430841445923,23.16801518360311,21.04060164531535,21.800252222444556,22.082318290654555,21.8602887814061,23.07222684066792,21.89259529113769
2019-08-07,20.55725598208919,20.88234761793564,20.22260261298677,20.767608642578125,3173300,0.0,0,-0.001838240012614345,0.5200318279380918,22.06845293045044,23.255853354743465,20.881052506157417,21.632925922363306,21.914991990573302,21.845946519762833,22.90745761182897,21.843969345092773
2019-08-08,20.92059413165829,21.245685789328352,20.872787285883277,21.15007209777832,2385600,0.0,0,0.018416345462908046,0.5296089137331073,22.033075428009035,23.284635562501922,20.781515293516147,21.632925922363306,21.914991990573302,21.845946519762833,22.90745761182897,22.028757095336918
2019-08-09,21.111826166718124,21.121387901070943,20.71980417682436,20.74848937988281,1216200,0.0,0,-0.01898729782286157,0.5195530715584146,21.977618789672853,23.34925555646611,20.605982022879594,21.632925922363306,21.914991990573302,21.824433756680026,22.808599855000978,21.950952529907227
2019-08-12,20.662433858654317,20.662433858654317,20.040933943931325,20.203479766845703,2285500,0.0,0,-0.026267435814654183,0.5059057445989474,21.868617439270018,23.42952666952988,20.307708209010155,21.542091587835582,21.82415765604558,21.755113271624786,22.723861315901257,22.116291046142575
2019-08-13,20.107865184749432,20.50944885740552,19.99312621097021,20.33734130859375,2689000,0.0,0,0.006625667622253584,0.5092577079108488,21.76726551055908,23.446342625127492,20.08818839599067,21.24568366253917,21.800253789565023,21.673839978269115,22.66736792333095,22.00930404663086
2019-08-14,20.05049620686817,20.107866609680357,19.773213221466268,20.002689361572266,4987600,0.0,0,-0.016455048963557206,0.5008778473921068,21.651093196868896,23.47623350879833,19.82595288493946,20.896690947934758,21.69029729481305,21.690294099871426,22.66736792333095,21.76616096496582
2019-08-15,20.050497015328347,20.050497015328347,19.333383364689382,19.342945098876957,2700100,0.0,0,-0.03298277800397997,0.48435750454446164,21.49189395904541,23.529227096119712,19.454560821971107,20.428175554328423,21.47038236642461,21.740492534510246,22.66736792333095,21.785614013671875
2019-08-16,19.515052143103944,19.534175610965875,19.26645253204165,19.457683563232425,3165000,0.0,0,0.005931799101375201,0.4872306159546628,21.34130020141602,23.509807368130986,19.17279303470105,20.256069160685,21.436916950100745,21.76678597582137,22.66736792333095,21.46466636657715
2019-08-19,19.639349066581868,19.91663200215753,19.57241694199499,19.81145477294922,3771400,0.0,0,0.01818156866243248,0.4960892328530818,21.208395004272464,23.40994532285276,19.00684468569217,20.256069160685,21.436916950100745,21.773956973654972,22.66736792333095,21.581375122070312
2019-08-20,19.773211378154915,19.897510258565347,19.52461179361997,19.82101821899414,4069000,0.0,0,0.00048272305868124477,0.4963287065649435,21.074533843994143,23.271613204194747,18.87745448379354,20.256069160685,21.154850881890745,22.35242979476382,22.51672260195498,20.764413833618164
2019-08-21,19.986355280962712,20.32675587620512,19.986355280962712,20.12251663208008,2588600,0.35,0,0.015211045656424504,0.503878385181097,20.942839336395267,23.03289760406723,18.852781068723303,20.193920216556297,21.154850881890745,22.35242979476382,22.235858677775653,20.472640991210938
2019-08-22,20.171144867227607,20.336482196263653,20.00580753819156,20.112791061401367,1691800,0.0,0,-0.0004833178104178826,0.5036348517832543,20.816873741149905,22.783219010244288,18.850528472055522,19.964443195347982,21.154850881890745,22.35242979476382,22.235858677775653,20.66715431213379
2019-08-23,20.025257697625545,20.0544355255386,19.412536296688536,19.47089195251465,2695800,0.0,0,-0.031914969281344185,0.4875613609595774,20.66455001831055,22.549840793625233,18.779259242995867,19.887950694723585,21.154850881890745,22.35242979476382,22.235858677775653,20.39483642578125
2019-08-26,19.626506830838057,19.752940397647,19.519523297745263,19.723764419555664,2024900,0.0,0,0.012987205088381026,0.49389342034752964,20.527260303497318,22.25882339334036,18.795697213654275,19.80146736415265,21.154850881890745,22.35242979476382,22.235858677775653,19.743213653564453
2019-08-27,19.85992237602577,19.966905900743463,19.645957181624453,19.762664794921875,2770400,0.0,0,0.0019722591762272312,0.4948675061778883,20.42060012817383,22.061267549482274,18.779932706865388,19.80146736415265,21.154850881890745,22.35242979476382,22.235858677775653,20.132244110107425
2019-08-28,19.65567945673605,19.986354088960223,19.558423739639203,19.957178115844727,2741300,0.0,0,0.009842464209220969,0.4997382218957506,20.311235713958744,21.75553355959279,18.866937868324698,19.80146736415265,21.154850881890745,22.421751864901395,22.235858677775653,20.764413833618164
2019-08-29,20.122518171282657,20.326757431030277,20.122518171282657,20.326757431030277,2233400,0.0,0,0.01851861586043202,0.5089926820578133,20.228955745697025,21.454011840875634,19.003899650518417,19.874509246476094,21.154850881890745,22.45043665406233,22.235858677775653,20.36566162109375
2019-08-30,20.492092437638817,20.56989812607417,20.06416022372739,20.19059562683105,1984500,0.0,0,-0.006698648550376496,0.5055831189659945,20.151819419860843,21.16148306149183,19.142155778229856,19.991217211381354,21.154850881890745,22.45043665406233,22.235858677775653,19.714035034179688
2019-09-03,20.015536118133767,20.180873468948207,19.791844953806667,19.94745635986328,1968900,0.0,0,-0.012042203779499494,0.4994947840199311,20.103162670135497,21.051210831497674,19.15511450877332,19.991217211381354,21.154850881890745,22.352430906179666,22.235858677775653,19.64595603942871
2019-09-04,20.06416322151412,20.17114675473487,19.996083465840627,20.015535354614254,1547500,0.0,0,0.0034129160892892862,0.5011995178048287,20.063646697998045,20.95482404080373,19.172469355192362,19.991217211381354,21.154850881890745,22.352430906179666,22.235858677775653,19.704309463500977
2019-09-05,20.21004721728068,20.521269966472847,20.12251558719115,20.443464279174805,4549700,0.0,0,0.021379839058958794,0.5119150828319238,20.04743947982788,20.897207382879493,19.197671576776266,19.991217211381354,21.154850881890745,22.290281390007095,22.235858677775653,20.12251663208008
2019-09-06,20.492092537750366,20.89084692480887,20.492092537750366,20.628252029418945,3103000,0.0,0,0.009038964615815104,0.5165422651519436,20.021348476409912,20.75737719074934,19.285319762070483,20.205185111277068,20.88234682307489,22.34047818556966,22.235858677775653,19.996082305908203
2019-09-09,20.667157454665706,21.08536376114204,20.667157454665706,21.07563781738281,2015500,0.0,0,0.02168801250468655,0.527745040257758,20.037705898284912,20.8491803113125,19.226231485257323,20.321893750390622,20.643310603222446,22.34047818556966,22.235858677775653,20.0544376373291
2019-09-10,21.104815038320364,21.775888442993164,21.04645937745261,21.775888442993164,2530900,0.0,0,0.033225595907365735,0.5452796837074788,20.116326332092285,21.22934462481046,19.00330803937411,20.667156091316183,20.52117048751741,22.345259583910718,22.235858677775653,20.093339920043945
2019-09-11,21.65918281646343,22.281628415829733,21.49384547225248,22.21354866027832,3009700,0.0,0,0.020098386269331803,0.5562389254154508,20.210136699676514,21.653273800789027,18.766999598564002,21.0367366848182,20.774040473935692,21.950846699132036,22.091879733237036,20.044713973999023
2019-09-12,22.310801535498392,22.32052747781304,21.873143406508404,21.89259529113769,2272500,0.0,0,-0.014448541025529615,0.5482020844815891,20.304631996154786,21.92023287111424,18.68903112119533,21.056186215809852,20.793490004927346,21.941285256549556,22.082318290654555,20.30730438232422
2019-09-13,21.89259906504894,22.22327374061432,21.81479336815321,21.843969345092773,2401000,0.0,0,-0.0022211138240244566,0.5469844652533881,20.429683208465576,22.11462739797073,18.744739018960423,21.056186215809852,20.793490004927346,21.773958956468306,21.914991990573302,20.39483642578125
2019-09-16,21.84396788194923,22.16491844705974,21.80506596362415,22.028757095336918,2114900,0.0,0,0.00845944010105737,0.551611647573408,20.5582368850708,22.318404447685122,18.79806932245648,21.158305471826836,20.793490004927346,21.773958956468306,21.914991990573302,20.696332931518555
2019-09-17,21.98985630526239,22.048210113261025,21.71753544287857,21.950952529907227,2210400,0.0,0,-0.0035319543945654397,0.5496633803906676,20.665211772918703,22.490406199471515,18.84001734636589,21.221521532502095,20.793490004927346,21.773958956468306,21.914991990573302,20.82276725769043
2019-09-18,21.902325835365435,22.20382269033191,21.77589041374342,22.116291046142575,2040900,0.0,0,0.007532179572165676,0.5538035436760138,20.77997541427612,22.66669709779323,18.89325373075901,21.406310007781705,20.793490004927346,21.68312462194058,21.82415765604558,20.725509643554688
2019-09-19,22.184367307435945,22.670653318546105,21.98012807318596,22.00930404663086,2898400,0.0,0,-0.0048374747505584015,0.5511245330167113,20.87431478500366,22.808711622078963,18.939917947928354,21.668905386605907,20.968552925293878,21.5229687260521,21.800253789565023,20.03498268127441
2019-09-20,22.07738556921655,22.3010766883369,21.766160964965817,21.76616096496582,4208800,0.0,0,-0.011047286236306908,0.5450361025486247,20.95698328018188,22.895493418442335,19.018473141921426,21.858556347999357,20.968552925293878,21.293494121373904,21.69029729481305,20.375385284423828
2019-09-23,21.727260208836725,21.90232347837619,21.7175342655252,21.785614013671875,2083800,0.0,0,0.0008937289739503473,0.5455232171053214,21.072719383239743,22.91553133428693,19.229907432192558,22.082249395399295,20.968552925293878,20.949278960376517,21.47038236642461,20.317028045654297
2019-09-24,21.814792922979983,21.91205050587345,21.39658661506196,21.46466636657715,3353300,0.0,0,-0.014732090952006782,0.5374865194544944,21.159764480590816,22.90001087276087,19.419518088420762,22.033619966804032,21.041594807617322,20.846493055392873,21.436916950100745,19.64595603942871
2019-09-25,21.425763736609778,21.65918081480058,21.377134019257085,21.581375122070312,3167900,0.0,0,0.0054372499204036195,0.5404089679896164,21.25069999694824,22.87437099532191,19.627028998574566,22.023893668901593,21.041594807617322,20.846493055392873,21.436916950100745,19.607053756713867
2019-09-26,21.513294764363128,21.63000237264074,20.7546878904227,20.764413833618164,2282300,0.0,0,-0.03785492276702418,0.5199518282437622,21.291061782836913,22.820515699772955,19.76160786590087,21.7126706044844,21.041594807617322,20.705460021287873,21.436916950100745,19.87937355041504
2019-09-27,20.822767524202373,20.900573214307805,20.38510935796308,20.472640991210938,3331300,0.0,0,-0.014051580976239153,0.5126456830254513,21.298355960845946,22.81045075247515,19.786261169216743,21.527881338254595,21.041594807617322,20.674385549223523,21.436916950100745,20.21977424621582
2019-09-30,20.501817003435367,20.803313793991144,20.40455943566562,20.66715431213379,5305800,0.0,0,0.009501134758644891,0.5175163987433137,21.32218389511108,22.777029856862082,19.86733793336008,21.527881338254595,21.041594807617322,20.559647038619364,21.436916950100745,20.317028045654297
2019-10-01,20.74496297808046,20.910300310551296,20.317030731385213,20.39483642578125,2667900,0.0,0,-0.013176361014184734,0.510697415842711,21.34455289840698,22.725247627281068,19.963858169532894,21.49384202496566,21.095088308145684,20.521400788307165,21.436916950100745,19.538970947265625
2019-10-02,20.248951610383514,20.346209195161663,19.66540795674876,19.743213653564453,2698900,0.0,0,-0.03195037992033489,0.4943804393822031,21.33093681335449,22.768613888812148,19.893259737896834,20.98324232254283,21.114538529092655,20.478159123021697,21.436916950100745,19.363908767700195
2019-10-03,19.675134015494063,20.132244110107425,19.315283361260303,20.132244110107425,4479800,0.0,0,0.01970451535243023,0.5041219663399509,21.315375804901123,22.79767437806105,19.833077231741196,20.613666933566876,20.992968339903204,20.478159123021697,21.436916950100745,19.791841506958008
2019-10-04,20.17114428393268,20.793589808170577,20.17114428393268,20.764413833618164,3342300,0.0,0,0.03140085725432651,0.5199518282437621,21.322183895111085,22.792876429504435,19.851491360717734,20.613666933566876,20.992968339903204,20.478159123021697,21.436916950100745,20.03498268127441
2019-10-07,20.706062249292064,20.78386794816303,20.355935676855605,20.36566162109375,1794900,0.0,0,-0.019203634435315586,0.5099668634101948,21.286685085296632,22.813295973474926,19.76007419711834,20.487232088030442,20.992968339903204,20.51468006418342,21.436916950100745,19.889101028442383
2019-10-08,20.22949701085316,20.22949701085316,19.57787369172773,19.714035034179688,3043400,0.0,0,-0.03199633770989985,0.49364979142766385,21.18359241485596,22.83865608288365,19.52852874682827,20.472642866950522,20.992968339903204,20.57303404663605,21.436916950100745,19.996082305908203
2019-10-09,19.879373107486995,19.879373107486995,19.529246577882592,19.64595603942871,1697600,0.0,0,-0.0034533262537549403,0.491945057642766,21.055212783813477,22.76873135166193,19.341694215965024,20.1127918359058,20.992968339903204,20.57303404663605,21.436916950100745,19.97663116455078
2019-10-10,19.5778740613396,19.92800058420628,19.568149973512348,19.704309463500977,1576300,0.0,0,0.002970251178163741,0.4934062580298213,20.945798492431642,22.710718363138167,19.180878621725117,20.1127918359058,20.992968339903204,20.57303404663605,21.436916950100745,20.132244110107425
2019-10-11,19.947453362810613,20.297579901349547,19.947453362810613,20.12251663208008,2082000,0.0,0,0.021224147405610294,0.5038783851810968,20.859725856781008,22.608702102266246,19.11074961129577,20.1127918359058,20.992968339903204,20.57303404663605,21.436916950100745,19.89882469177246
2019-10-14,20.044712025021365,20.09333988910042,19.86964874628219,19.996082305908203,1033200,0.0,0,-0.00628322632221423,0.5007124032481322,20.75809211730957,22.458573820993493,19.057610413625646,20.05443658471544,20.992968339903204,20.54376596717598,21.436916950100745,19.77239227294922
2019-10-15,19.986356031696115,20.20032308218878,19.908550337435347,20.0544376373291,1551000,0.0,0,0.002918338228866668,0.5021736513961989,20.663266372680663,22.296572208873947,19.02996053648738,20.05443658471544,20.992968339903204,20.482602176806534,21.436916950100745,19.55779266357422
2019-10-16,20.05443799972761,20.21004939106116,20.00580828053956,20.093339920043945,1840500,0.0,0,0.0019398341363825455,0.5031477849875691,20.562118816375737,22.067147824143973,19.0570898086075,20.161418193026584,20.992968339903204,20.594163289416798,21.436916950100745,19.148101806640625
2019-10-17,20.15169565638176,20.219777269759867,19.98635830538922,20.044713973999023,2607500,0.0,0,-0.002420003157186157,0.5019301657593679,20.463889312744143,21.826521621261403,19.101257004226884,20.156557263022812,20.992968339903204,20.905388579376947,21.436916950100745,19.216384887695312
2019-10-18,19.93772780507919,20.365660043231887,19.93772780507919,20.30730438232422,2889200,0.0,0,0.01310023224406276,0.5085055675011165,20.390946483612062,21.614593982236837,19.167298984987287,19.94745331055724,20.992968339903204,20.924838110368597,21.436916950100745,19.626073837280277
2019-10-21,20.48236806385605,20.637979452648125,20.317030731385213,20.39483642578125,1952800,0.0,0,0.004310372357112069,0.5106974158427109,20.321407604217534,21.362793048147196,19.28002216028787,20.083613015265357,20.992968339903204,20.924838110368597,21.436916950100745,19.255401611328125
2019-10-22,20.3851083317306,20.783864560359877,20.219772871734648,20.696332931518555,2688600,0.0,0,0.01478298229233066,0.5182470466978527,20.282990932464603,21.200960090809186,19.36502177412002,20.17600726693611,20.992968339903204,20.975897738377093,21.436916950100745,19.343191146850582
2019-10-23,20.667155879471245,20.84221914372632,20.462916641196298,20.82276725769043,1850300,0.0,0,0.006109020694160083,0.5214130286308173,20.245060539245607,20.98998188769881,19.500139190792403,20.355933945004256,20.992968339903204,21.007505768714722,21.436916950100745,19.070066452026367
2019-10-24,20.92002479347971,20.99783048244293,20.424012830701457,20.725509643554688,2694000,0.0,0,-0.004670734342469451,0.5189776468913804,20.243115329742434,20.982728776720894,19.503501882763974,20.43373961436256,20.992968339903204,21.099900006354524,21.436916950100745,18.992027282714844
2019-10-25,20.67688002436572,20.715781938020516,19.966902941103186,20.03498268127441,2800000,0.0,0,-0.033317731344426615,0.5016864890784907,20.221232414245605,20.95825247382452,19.484212354666692,20.45319040993914,20.808180024798602,21.318729155949892,21.436916950100745,19.02129173278809
2019-10-28,20.141966358906647,20.43373908828613,20.112790384492484,20.375385284423828,1525800,0.0,0,0.016990411649697723,0.5102103490470258,20.206643962860106,20.91863972879443,19.49464819692578,20.46777914376106,20.613666933566876,21.413554636646616,21.436916950100745,18.992027282714844
2019-10-29,20.24894830393656,20.39483372976511,20.11278882050109,20.317028045654297,2856100,0.0,0,-0.0028641047987516544,0.5087490531379474,20.20275354385376,20.911399823533674,19.494107264173845,20.46777914376106,20.613666933566876,21.525401160346586,21.436916950100745,19.235889434814453
2019-10-30,20.21004775099472,20.375385072748585,19.47089277462651,19.64595603942871,2879300,0.0,0,-0.03303002804926114,0.4919450576427659,20.19789066314697,20.92043454119626,19.47534678509768,20.23436162853472,20.487232088030442,21.537607387210677,21.436916950100745,19.66509246826172
2019-10-31,19.53897400523767,19.684859451977253,19.334732895774973,19.607053756713867,3340100,0.0,0,-0.0019801674521091606,0.49097092405139575,20.171631145477296,20.939089190679823,19.404173100274768,20.16628168910895,20.472642866950522,21.532744238259458,21.436916950100745,19.499265670776367
2019-11-01,19.71403622497733,19.87937355041504,19.58760081756579,19.87937355041504,2251500,0.0,0,0.013888868622493833,0.49778995471300996,20.127379131317138,20.853530235326307,19.40122802730797,20.16628168910895,20.156556921851617,21.377132706050862,21.154850881890745,19.255401611328125
2019-11-04,19.976631228469312,20.40456160407868,19.90854962527172,20.21977424621582,2279600,0.0,0,0.017123311000596164,0.5063137669205335,20.120084762573242,20.83933875332266,19.400830771823824,20.16628168910895,20.156556921851617,21.28473807293596,21.154850881890745,19.148101806640625
2019-11-05,20.268400188722723,20.49209129866209,20.103062878108013,20.317028045654297,2236000,0.0,0,0.004809836067120266,0.5087490531379475,20.150234413146972,20.84891637056768,19.451552455726265,20.16628168910895,20.156556921851617,21.28473807293596,21.154850881890745,19.509017944335938
2019-11-06,20.239222095042365,20.239222095042365,19.44171337964929,19.538970947265625,4618700,0.0,0,-0.03829581258835213,0.4892660947444751,20.14488515853882,20.860546629836584,19.429223687241056,20.025257416897745,20.156556921851617,21.29446516655567,21.154850881890745,19.46024513244629
2019-11-07,18.78036518475661,19.49034416910549,17.4479425563199,19.363908767700195,25568900,0.0,0,-0.008959641735376445,0.48488244582229784,20.12786512374878,20.899275382255777,19.356454865241783,18.970016927490995,19.222886519381415,21.048890425817742,21.154850881890745,19.4895076751709
2019-11-08,19.354183344247712,19.84046936724405,18.99433272604944,19.791841506958008,6317300,0.0,0,0.022099501933804833,0.4955981063714157,20.111331367492674,20.89669253530365,19.3259701996817,18.970016927490995,19.222886519381415,20.803317636735038,21.154850881890745,19.255401611328125
2019-11-11,19.723759951900902,20.093336479273496,19.61677644304109,20.03498268127441,4084300,0.0,0,0.012284919229518021,0.5016864890784907,20.113276386260985,20.897667807907894,19.328884964614076,18.970016927490995,19.222886519381415,20.803317636735038,21.154850881890745,19.391963958740234
2019-11-12,20.015534590576294,20.307305490906337,19.811295331352092,19.889101028442383,3802200,0.0,0,-0.0072813465902505925,0.4980335358718642,20.105009555816647,20.895233902127686,19.314785209505608,18.970016927490995,19.222886519381415,20.740100213966823,21.154850881890745,19.5968074798584
2019-11-13,19.73348924283355,20.39483672746561,19.665407636075123,19.996082305908203,3645900,0.0,0,0.005378889539191967,0.5007124032481322,20.100146675109862,20.891809712574055,19.30848363764567,18.970016927490995,19.222886519381415,20.73280560342686,21.154850881890745,20.27962684631348
2019-11-14,19.889099530039392,20.07388688731099,19.81129383881082,19.97663116455078,2560000,0.0,0,-0.0009727476142501468,0.500225336452447,20.09674253463745,20.889930305070813,19.303554764204087,18.970016927490995,19.222886519381415,20.5528800879045,21.154850881890745,19.67484664916992
2019-11-15,20.054438412837897,20.14196819911124,19.91827705134061,20.132244110107425,2262900,0.0,0,0.007789749146131619,0.5041219663399509,20.08798952102661,20.875471281864105,19.300507760189117,18.970016927490995,19.222886519381415,20.5528800879045,21.154850881890745,19.61631965637207
2019-11-18,20.04471199385098,20.229499361091328,19.8210189963465,19.89882469177246,2753100,0.0,0,-0.01159430697632835,0.49827702150869524,20.06318893432617,20.841545004740443,19.284832863911898,18.921389641892755,19.222886519381415,20.5528800879045,21.154850881890745,19.782146453857425
2019-11-19,19.850197972863544,19.879375805969246,19.636232761857705,19.77239227294922,2127700,0.0,0,-0.006353763138358559,0.4951110873367422,20.016991901397706,20.747234176918155,19.286749625877256,18.921389641892755,19.222886519381415,20.523702462309323,20.968552925293878,19.694355010986328
2019-11-20,19.65533813995749,19.869938560105723,19.391965911880227,19.55779266357422,3785100,0.06,0,-0.010853497463157002,0.48973740040635194,19.953743171691894,20.608292722258653,19.299193621125134,19.694584726757526,19.222886519381415,20.523702462309323,20.968552925293878,19.606565475463867
2019-11-21,19.55779129026255,19.57730075627433,19.13834893415981,19.148101806640625,4194100,0.0,0,-0.02094770427220194,0.47947852617160275,19.874872779846193,20.518366729366466,19.23137883032592,19.766592830812712,19.222886519381415,20.577193266464896,20.968552925293878,19.801652908325195
2019-11-22,19.216384887695312,19.304175623994865,19.070065753512672,19.216384887695312,2948400,0.0,0,0.0035660496139104936,0.4811883703847354,19.833942890167236,20.53379826649413,19.134087513840342,19.73245124048914,19.222886519381415,20.57476280146301,20.968552925293878,19.626073837280277
2019-11-25,19.26515616890273,19.86018184087989,19.19687490041847,19.626073837280277,2940700,0.0,0,0.02131977226618198,0.49144719685847316,19.79647731781006,20.454948335478175,19.138006300141942,19.73245124048914,19.222886519381415,20.47021082523022,20.968552925293878,19.587053298950195
2019-11-26,19.56754561896677,19.752881821199107,19.157856143809788,19.255401611328125,5107600,0.0,0,-0.01888672329602925,0.48216536963679796,19.74339599609375,20.396539067831753,19.090252924355745,19.649782557302,19.222886519381415,20.53829067758428,20.968552925293878,19.986988067626957
2019-11-27,19.284664614177984,19.50901787319373,19.226136220980457,19.343191146850582,2220100,0.0,0,0.004559216021275292,0.48436366571495015,19.728257751464845,20.403633893443605,19.052881609486086,19.649782557302,19.222886519381415,20.584487803419655,20.968552925293878,19.860183715820312
2019-11-29,19.3139292038964,19.36270287058549,19.04080411253805,19.070066452026367,1943800,0.0,0,-0.014119939815033344,0.4775244799064661,19.70140838623047,20.434783623159372,18.968033149301565,19.63515173681469,19.222886519381415,20.67445114245373,20.968552925293878,19.84067153930664
2019-12-02,19.04080094128065,19.206627659354734,18.806692961739277,18.992027282714844,3311000,0.0,0,-0.00409223373750911,0.4755703381193064,19.65704107284546,20.447750654594937,18.86633149109598,19.34303438385426,19.081862247170207,20.713353977132883,20.968552925293878,19.5968074798584
2019-12-03,18.816447945640764,19.031046464631988,18.72865721957052,19.02129173278809,3176000,0.0,0,0.0015408807936938551,0.4763031353193649,19.597116947174072,20.389830081436255,18.80440381291189,19.299297889838122,18.970016927490995,20.63068521736887,20.968552925293878,19.4895076751709
2019-12-04,19.011536746141168,19.206627659354734,18.972519679813352,18.992027282714844,2148200,0.0,0,-0.0015385101329791206,0.4755703381193063,19.5308669090271,20.29236861441236,18.76936520364184,19.294419530225206,18.970016927490995,20.54072303866397,20.968552925293878,19.37245750427246
2019-12-05,19.040800387796637,19.274908360532887,19.0017814620782,19.235889434814453,3022000,0.0,0,0.012840238088829725,0.48167677448874346,19.515712833404542,20.288070121336514,18.74335554547257,19.294419530225206,18.970016927490995,20.54072303866397,20.968552925293878,19.9187068939209
2019-12-06,19.401720245613756,19.772392676123893,19.304176631766516,19.66509246826172,3888200,0.0,0,0.02231261699136522,0.492424243871547,19.530772018432618,20.302439754513962,18.759104282351274,19.294419530225206,18.970016927490995,20.360796858282583,20.992968339903204,20.981948852539062
2019-12-09,19.645582951703144,19.665092418633424,19.421229663580405,19.499265670776367,3908600,0.0,0,-0.008432546033179666,0.48827185376724647,19.516143226623534,20.278393669017607,18.75389278422946,19.250524947847204,18.970016927490995,20.319462278029736,20.992968339903204,21.23556900024414
2019-12-10,19.47000015144843,19.557790886162437,19.20662980783148,19.255401611328125,3591200,0.0,0,-0.01250632016433939,0.4821653696367978,19.477164173126223,20.208053740866728,18.746274605385718,19.250524947847204,18.970016927490995,20.161419305480283,20.992968339903204,20.981948852539062
2019-12-11,19.22613781016265,19.2749114751921,19.060312930637785,19.148101806640625,2760700,0.0,0,-0.005572452180087173,0.4794785261716027,19.440114212036136,20.15860722536017,18.7216211987121,19.250524947847204,18.970016927490995,20.161419305480283,20.992968339903204,20.699068069458008
2019-12-12,19.177364490440237,19.55778974498681,19.109083225319047,19.509017944335938,3443700,0.0,0,0.01884866402632901,0.4885160558192506,19.415760993957523,20.088291283825015,18.74323070409003,19.250524947847204,18.921389641892755,20.161419305480283,20.992968339903204,20.699068069458008
2019-12-13,19.528526394019284,19.73337017873827,19.372454407416768,19.46024513244629,3512800,0.0,0,-0.002500013687455227,0.4872947589931608,19.3899416923523,20.011550516312262,18.768332868392335,19.250524947847204,18.921389641892755,20.09090716937468,20.992968339903204,20.845386505126957
2019-12-16,19.59680786480245,19.6845985907692,19.362699882399404,19.4895076751709,3580000,0.0,0,0.001503708844644569,0.48802750843220777,19.35780487060547,19.880123338680097,18.835486402530844,19.372456177968623,19.561746973518062,19.096451723436203,20.059297937433,20.64054298400879
2019-12-17,19.343192346042123,19.3627018116508,18.96276706929816,19.255401611328125,3691400,0.0,0,-0.012011902390998697,0.4821653696367978,19.32563371658325,19.785601345547718,18.865666087618784,19.367579872711026,19.561746973518062,19.096451723436203,20.059297937433,20.14306259155273
2019-12-18,19.32368269030673,19.5870548918574,19.23589195645651,19.391963958740234,2791400,0.0,0,0.007092157835428825,0.48558496254103983,19.306612300872803,19.719699515197295,18.893525086548312,19.367579872711026,19.561746973518062,19.096451723436203,20.059297937433,20.32839584350586
2019-12-19,19.38220896533556,19.704107667382228,19.372454233694768,19.5968074798584,4239900,0.0,0,0.010563320020293254,0.4907143518974029,19.308563041687012,19.726769016343177,18.89035706703085,19.348068624018214,19.561746973518062,19.096451723436203,20.059297937433,20.035762786865234
2019-12-20,19.65533695152258,20.328398651293583,19.46024787107707,20.27962684631348,10106400,0.0,0,0.03484339819926707,0.5078125074626594,19.365139293670655,19.954549360793067,18.775729226548243,19.64558286029587,19.528527935432052,19.096451723436203,20.059297937433,20.299131393432617
2019-12-23,20.27962708487308,20.27962708487308,19.616320110400306,19.67484664916992,6869200,0.0,0,-0.02982205746322697,0.49266849368456256,19.388062381744383,19.98822824456726,18.787896518921507,19.64558286029587,19.528527935432052,19.096451723436203,20.059297937433,19.899200439453125
2019-12-24,19.596810190392045,19.67484619378707,19.411473984631957,19.61631965637207,1555500,0.0,0,-0.0029747115106646405,0.4912029470454573,19.387574672698975,19.986973145548173,18.788176199849776,19.64558286029587,19.528527935432052,19.096451723436203,20.059297937433,20.104047775268555
2019-12-26,19.694355717216293,19.78214645385742,19.606564980575165,19.782146453857425,2547500,0.0,0,0.008453512197507784,0.4953553371497578,19.41391191482544,20.03392772971123,18.79389609993965,19.64558286029587,19.528527935432052,19.072138080637085,20.059297937433,20.28938102722168
2019-12-27,19.782145744479323,19.879689350115967,19.48950934599434,19.694355010986328,3289500,0.0,0,-0.004437912896655294,0.49315699331059387,19.431470108032226,20.062392907461007,18.800547308603445,19.64558286029587,19.528527935432052,19.072138080637085,20.059297937433,20.65029525756836
2019-12-30,19.68460148105623,19.83091875897627,19.538284203136197,19.606565475463867,3167400,0.0,0,-0.004457598914688443,0.49095869723244157,19.4582950592041,20.070621823911182,18.84596829449702,19.64558286029587,19.528527935432052,19.458735623069472,20.059297937433,20.679563522338867
2019-12-31,19.47975417952764,19.860181303033823,19.460246575149743,19.801652908325195,4178700,0.0,0,0.009950107432403987,0.49584378901477744,19.498776340484618,20.088858782853947,18.90869389811529,19.782145303875048,19.528527935432052,19.494739675097065,20.059297937433,20.76735115051269
2020-01-02,19.879689445786084,19.94797257479537,19.42122817130247,19.626073837280277,4202300,0.0,0,-0.008866889640869347,0.4914471968584729,19.529015445709227,20.078268167311162,18.979762724107292,19.850426442494175,19.528527935432052,19.47766887993528,20.059297937433,20.679563522338867
2020-01-03,19.362700046478388,19.65533456183076,19.352945314563325,19.587053298950195,3490200,0.0,0,-0.0019881988956935714,0.4904701020843872,19.558766746520995,20.04915198317009,19.068381509871898,19.840671982928455,19.528527935432052,19.47766887993528,20.059297937433,20.903913497924805
2020-01-06,19.509017365436737,19.986988067626957,19.29441884420589,19.986988067626957,2936100,0.0,0,0.02041832237716923,0.5004846787451093,19.596321678161623,20.097093499364977,19.095549856958268,19.787022964539485,19.528527935432052,19.436334538341708,20.059297937433,21.26482963562012
2020-01-07,19.78214770725329,19.908955523477747,19.43098473843912,19.860183715820312,3670100,0.0,0,-0.006344345199866819,0.49730943117590587,19.60607624053955,20.119407009307157,19.092745471771945,19.640703455916423,19.528527935432052,19.436334538341708,20.059297937433,21.06974029541016
2020-01-08,19.8699357362202,19.977234070520023,19.44073681744605,19.84067153930664,3383200,0.0,0,-0.000982477140839766,0.49682083602785154,19.623146533966064,20.14386809941068,19.10242496852145,19.640703455916423,19.528527935432052,19.429019128098055,20.059297937433,20.86489486694336
2020-01-09,19.918706181905076,19.98698744286576,19.58705274821761,19.5968074798584,4561100,0.0,0,-0.012291119227749947,0.4907143518974028,19.640216827392578,20.132933292617686,19.14750036216747,19.640703455916423,19.528527935432052,19.212448315512233,20.059297937433,21.18679428100586
2020-01-10,19.61631732846725,19.6748438589368,19.41147168103655,19.4895076751709,2501500,0.0,0,-0.005475371679687258,0.4880275084322077,19.657287120819092,20.10137931378527,19.213194927852914,19.640703455916423,19.64558286029587,19.13465740866456,19.8745096223284,21.29409408569336
2020-01-13,19.47975584938624,19.645582594225864,19.323683837834256,19.37245750427246,2861600,0.0,0,-0.006005804397386405,0.48509651067602005,19.65045909881592,20.10761079541893,19.19330740221291,19.640703455916423,19.64558286029587,19.1322182288581,19.679996531096677,21.70378303527832
2020-01-14,19.313926534247344,19.947971089889336,19.313926534247344,19.9187068939209,2409200,0.0,0,0.028197217081413983,0.4987748822929882,19.673382186889647,20.13608752159334,19.210676852185955,19.640703455916423,19.64558286029587,19.1322182288581,19.679996531096677,21.31360244750977
2020-01-15,20.055269763474968,21.001458316851448,19.996743231062737,20.981948852539062,5062800,0.0,0,0.053379065432337836,0.5253990193709123,19.748004245758057,20.476675000849898,19.019333490666217,20.147938580528667,19.982112693074804,19.1322182288581,19.55356168556024,20.855138778686523
2020-01-16,21.1477782602292,21.762311579808625,21.069742253607604,21.23556900024414,7527000,0.0,0,0.012087540079690262,0.5317498010753882,19.84701261520386,20.790237497429633,18.903787732978085,20.52836521200726,20.362539324553392,19.1102709376691,19.53897246448032,19.9187068939209
2020-01-17,21.28433810728133,21.45016483288675,20.90391285581445,20.981948852539062,4582900,0.0,0,-0.011943176455604387,0.5253990193709123,19.9265118598938,20.967033337507658,18.885990382279942,20.538119057027984,20.362539324553392,19.1102709376691,19.222886519381415,19.791898727416992
2020-01-21,20.952685534577945,20.952685534577945,20.55275080203016,20.699068069458008,3460000,0.0,0,-0.013482102404745011,0.518315535988401,19.98162488937378,21.062873492817463,18.900376285930097,20.538119057027984,20.362539324553392,19.1102709376691,19.222886519381415,18.123878479003903
2020-01-22,20.699068069458008,20.777104069454527,20.601524464856105,20.699068069458008,1382300,0.0,0,0.0,0.518315535988401,20.002596950531007,21.122166699565405,18.88302720149661,20.538119057027984,20.362539324553392,19.085957294869978,19.222886519381415,17.762958526611328
2020-01-23,20.640540849110973,20.93317537424816,20.435697053619933,20.845386505126957,2173000,0.0,0,0.007068841707170703,0.5219794264666703,20.06112394332886,21.22794850679802,18.8942993798597,20.538119057027984,20.362539324553392,19.085957294869978,19.222886519381415,17.675172805786133
2020-01-24,20.942932272664013,20.942932272664013,20.484470973056087,20.64054298400879,3303600,0.0,0,-0.009826803694322761,0.5168500371103071,20.112335109710692,21.286537551902082,18.9381326675193,20.538119057027984,20.362539324553392,19.467101575743342,19.222886519381415,17.14842987060547
2020-01-27,20.367415872951224,20.44545187780831,20.026009514529655,20.14306259155273,6485400,0.0,0,-0.024102098129951344,0.5043928667974055,20.13038091659546,21.294675465832075,18.966086367358844,20.538119057027984,20.49910176813257,19.464663423114544,19.222886519381415,17.412702560424805
2020-01-28,20.240605118247377,20.445448903500605,20.035761332994145,20.32839584350586,1854500,0.0,0,0.009200847741537066,0.5090337087667258,20.162082958221436,21.31143301975119,19.012732896691684,20.87952740543568,20.52836521200726,19.464663423114544,19.222886519381415,16.296876907348633
2020-01-29,20.36741438793281,20.435697515163618,20.01625332194215,20.035762786865234,2369100,0.0,0,-0.014395285240085043,0.5017060233322104,20.183542823791505,21.30602845084423,19.06105719673878,20.889282450875385,20.52836521200726,19.45490779876814,19.222886519381415,16.013029098510742
2020-01-30,19.81140597501888,20.367412654326568,19.74312471412493,20.299131393432617,4103100,0.0,0,0.01314492537015055,0.5083009115666672,20.208416748046876,21.317779693033707,19.099053803060045,20.59664477350584,20.52836521200726,19.587055397863963,19.222886519381415,13.977142333984377
2020-01-31,20.221099201689675,20.221099201689675,19.752883158532,19.899200439453125,4395600,0.0,0,-0.019701875229443666,0.4982864304279683,20.222073078155518,21.308671960993042,19.135474195317993,20.34790512435144,20.52836521200726,19.587055397863963,19.222886519381415,15.709602355957031
2020-02-03,20.06502883819913,20.542999654147696,19.977238090318234,20.104047775268555,2578600,0.0,0,0.010294249582475157,0.5034159153063544,20.247922801971434,21.296387681221773,19.199457922721095,20.34302849339447,20.52836521200726,19.587055397863963,19.222886519381415,15.092965126037598
2020-02-04,20.386926503997067,20.474717247042395,20.191837410971512,20.28938102722168,2487700,0.0,0,0.009218703319095578,0.5080567572756747,20.263042449951172,21.30464469457888,19.221440205323464,20.34302849339447,20.52836521200726,19.587055397863963,19.222886519381415,13.350715637207031
2020-02-05,20.542995065122152,20.767350182102845,20.474713801029083,20.65029525756836,1928900,0.0,0,0.017788331239008803,0.5170942391623111,20.302548027038576,21.339915392074225,19.265180662002926,20.34302849339447,20.52836521200726,19.587055397863963,19.222886519381415,14.73081398010254
2020-02-06,20.767354267880496,20.942933898438472,20.60152751080468,20.679563522338867,1710500,0.0,0,0.0014173291183223746,0.5178271318843927,20.344492626190185,21.371440971204013,19.317544281176357,20.3430293062817,20.52836521200726,19.587055397863963,19.222886519381415,14.349082946777344
2020-02-07,20.54299602307002,20.777104022530864,20.46496002324974,20.76735115051269,1324400,0.0,0,0.004245139317326174,0.5200253802015333,20.4030198097229,21.384800814565654,19.421238804880144,20.3430293062817,20.52836521200726,19.65533661965355,19.222886519381415,15.875998497009276
2020-02-10,20.72833533185076,21.147779591544023,20.60152751080468,20.679563522338867,1890200,0.0,0,-0.004227194288649483,0.5178271318843927,20.4625226020813,21.35488535942648,19.57015984473612,20.445452152834477,20.52836521200726,19.689477188963114,19.222886519381415,15.738966941833496
2020-02-11,20.75759623213731,21.050230763712303,20.71857730231399,20.903913497924805,1299000,0.0,0,0.010848873833511297,0.5234449731057754,20.539095401763916,21.295232098457554,19.78295870507028,20.445452152834477,20.52836521200726,19.684599959180254,19.222886519381415,14.818904876708984
2020-02-12,21.069740564964203,21.65501149798196,20.99170456459684,21.26482963562012,2223600,0.0,0,0.01726548178316678,0.5324825027534235,20.60640153884888,21.369353705978355,19.8434493717194,20.70394732825698,20.538119057027984,19.65777544998577,19.222886519381415,13.331140518188477
2020-02-13,21.216057561661447,21.216057561661447,20.92342302915887,21.06974029541016,2648300,0.0,0,-0.009174272427895369,0.527597363210076,20.61079111099243,21.38338980637953,19.83819241560533,20.8161247941501,20.538119057027984,19.584615695674238,19.222886519381415,11.686771392822266
2020-02-14,21.06974053039978,21.264829600735656,20.777104134108463,20.86489486694336,3526700,0.0,0,-0.009722256923661465,0.5224679260927013,20.59225740432739,21.320028444613218,19.864486364041564,20.923424454476738,20.538119057027984,19.584615695674238,19.222886519381415,12.998351097106934
2020-02-18,20.83563319891216,21.3721304852241,20.718578264530883,21.18679428100586,2154600,0.0,0,0.015427799474441173,0.5305284564882866,20.60249967575073,21.35747705388313,19.847522297618333,21.059985760615852,20.538119057027984,19.584615695674238,19.081862247170207,13.331140518188477
2020-02-19,21.25507701531,21.34286588880381,20.84538754339711,21.29409408569336,1731600,0.0,0,0.005064466254986799,0.5332152999534818,20.6322509765625,21.445413820240557,19.819088132884442,21.059985760615852,20.538119057027984,19.64314315810615,18.970016927490995,13.517111778259276
2020-02-20,21.18679337633438,21.75255483721502,21.147776306890016,21.70378303527832,2743100,0.0,0,0.019239557594526335,0.5434741264272195,20.682486724853515,21.62178231362194,19.74319113608509,21.10875743023238,20.538119057027984,19.64314315810615,18.970016927490995,12.72429084777832
2020-02-21,21.557465171484647,21.781818431015555,21.147775720785845,21.31360244750977,5210800,0.0,0,-0.0179775381616345,0.5337037995795132,20.705897521972656,21.683255218771514,19.728539825173797,21.19167297091012,20.76247157257024,19.64314315810615,18.970016927490995,12.81238079071045
2020-02-24,20.82587644332705,21.01121262954485,20.66980445299361,20.855138778686523,2836800,0.0,0,-0.02151037910894371,0.5222236285186741,20.716627311706542,21.695607533301306,19.73764709011178,21.225811442004584,20.76247157257024,20.065025636801735,19.224700436585675,12.274045944213867
2020-02-25,20.93317483400329,20.942929565992767,19.704108371727,19.9187068939209,3791800,0.0,0,-0.04490173355847615,0.49877488229298794,20.70540952682495,21.715413097221482,19.69540595642842,20.742963401371277,20.742963401371277,20.445452268280327,19.605127068064263,11.598679542541504
2020-02-26,20.133305038012768,20.494222672745977,19.69435326987897,19.791898727416992,4017400,0.0,0,-0.0063662850796106785,0.49559953920176153,20.67858467102051,21.75431040438196,19.602858937659057,20.738085850447263,20.738085850447263,20.45032919079069,19.605127068064263,12.048924446105955
2020-02-27,19.538283093099068,19.752881631154704,18.10436901358293,18.123878479003903,8507900,0.0,0,-0.08427792964110326,0.45383143610675225,20.582990455627442,22.118007832161634,19.04797307909325,19.943093722299242,19.943093722299242,20.45032919079069,19.605127068064263,11.911892890930176
2020-02-28,17.675169664556094,18.006821231439215,17.39228803390385,17.762958526611328,10308400,0.0,0,-0.019914057182114253,0.44479381093708137,20.456181812286378,22.426686527593446,18.48567709697931,19.587053232459702,19.587053232459702,20.45032919079069,19.605127068064263,12.8906831741333
2020-03-02,17.880016621194486,17.880016621194486,17.245973848064917,17.675172805786133,7647000,0.0,0,-0.004942066418366031,0.4425956103809522,20.344980430603027,22.654503130299805,18.03545773090625,19.513896139540236,19.513896139540236,20.45032919079069,19.605127068064263,13.145170211791992
2020-03-03,17.811736901089173,18.20191696004274,17.080148592854254,17.14842987060547,7486500,0.0,0,-0.029801289128456476,0.42940569062900374,20.197199535369872,22.89901451689483,17.495384553844914,19.430983511934905,19.430983511934905,20.45032919079069,20.245484399689573,14.583992958068848
2020-03-04,17.314823032102716,17.491005809703132,17.05054886570209,17.412702560424805,4088700,0.06,0,0.015410897196619366,0.43602321758293067,20.053365612030028,23.01682439964925,17.089906824410807,19.416183648358825,19.416183648358825,20.518610412580276,20.245484399689573,13.840112686157228
2020-03-05,16.835213313036096,16.8743639993808,16.159846704797435,16.296876907348633,5411500,0.0,0,-0.06408112980762648,0.4080823571778599,19.83569469451904,23.207872496796114,16.46351689224197,18.585529667171144,18.970832567906495,20.70394630872147,20.245484399689573,13.49753475189209
2020-03-06,15.650875432002383,16.296877654944577,15.494268945646493,16.013029098510742,4552900,0.0,0,-0.017417313173047066,0.40097465896249784,19.602367973327638,23.338943998600172,15.865791948055104,18.21859925581963,18.638043688331024,20.70882383144132,20.245484399689573,13.722658157348633
2020-03-09,14.877630587072138,15.12232846164059,13.967355128422357,13.977142333984377,5188300,0.0,0,-0.12713939080493575,0.349994985093789,19.262857532501222,23.69223552811507,14.833479536887374,17.230788900584166,17.874586779718957,20.56250499275655,20.245484399689573,12.822168350219728
2020-03-10,14.65250857586106,15.709602355957031,14.22183980607738,15.709602355957031,6234300,0.0,0,0.1239495156145265,0.3933766939636776,19.01435947418213,23.652962992623273,14.375755955740987,16.86011837978853,17.874586779718957,20.43813516817935,20.245484399689573,12.332773208618164
2020-03-11,15.210419994968248,15.474694150148457,14.90699421681116,15.092965126037598,6026100,0.0,0,-0.039252249417096596,0.37793577385734245,18.723812055587768,23.577935000496204,13.86968911067933,16.08463604423255,17.874586779718957,20.435696852700865,20.245484399689573,12.978775024414062
2020-03-12,13.90862646179277,14.358870563539512,13.194108222011776,13.350715637207031,4173300,0.0,0,-0.11543454015042598,0.3343089315957247,18.328106355667114,23.56843777335127,13.087774937982955,15.698012591027258,17.487963326513665,20.435696852700865,20.245484399689573,12.499168395996094
2020-03-13,14.084811664095318,14.740602120271964,13.575839576666342,14.73081398010254,5190900,0.0,0,0.10337261165606138,0.36886731895472236,18.011160039901732,23.316960770451793,12.705359309351673,15.698012591027258,17.487963326513665,20.435696852700865,20.245484399689573,11.686771392822266
2020-03-16,13.115805458007417,15.004873313022545,12.538319268930987,14.349082946777344,5549700,0.0,0,-0.025913777326956655,0.3593085733881382,17.685369443893432,23.05074443126589,12.319994456520973,15.01466253931706,17.16006884997327,20.43569725914448,20.245484399689573,11.608466148376465
2020-03-17,14.652509975379656,16.03260499790752,14.280569069022135,15.875998497009276,5008800,0.0,0,0.1064120652097047,0.39754334072992276,17.419829654693604,22.585602598042527,12.25405671134468,14.706341634155894,17.16006884997327,20.43569725914448,20.245484399689573,12.09786319732666
2020-03-18,14.574205490010565,16.101120611284692,14.486114107357476,15.738966941833496,6078700,0.0,0,-0.008631366096538362,0.39411199861684193,17.14207329750061,22.03182118762623,12.252325407374986,14.417598461937782,17.16006884997327,20.486908682420868,20.245484399689573,12.205531120300291
2020-03-19,15.455119031165422,15.660665300573385,14.114174676817631,14.818904876708984,6332400,0.0,0,-0.058457589276652344,0.371073161272698,16.797829389572144,21.304964681250777,12.29069409789351,14.31971994010784,17.16006884997327,20.486908682420868,20.245484399689573,12.88089656829834
2020-03-20,14.955934307613232,15.063601973252348,13.223473785997705,13.331140518188477,5905600,0.0,0,-0.10039637685095348,0.3338187603342896,16.39870629310608,20.638624423570054,12.158788162642107,14.31971994010784,17.16006884997327,20.621033192642482,20.245484399689573,13.311565399169922
2020-03-23,13.282201826424812,13.301778106646784,11.588892792057653,11.686771392822266,6176300,0.0,0,-0.12334797034977607,0.2926428937823766,15.940287923812866,20.13561280212784,11.74496304549789,13.845006701671172,16.685355611536604,20.67712192558904,20.245484399689573,13.663928985595703
2020-03-24,12.3425607053997,14.04565865606607,12.2348939744658,12.998351097106934,4420900,0.0,0,0.11222771971822842,0.32548553844331646,15.594270133972168,19.552341002138885,11.636199265805452,13.845006701671172,16.685355611536604,20.73077175575236,20.245484399689573,14.417598724365234
2020-03-25,12.978775903651847,13.65414164820914,12.655774773631183,13.331140518188477,4436600,0.0,0,0.025602433616030984,0.3338187603342896,15.271232223510742,18.837366075664878,11.705098371356605,13.845006701671172,16.685355611536604,20.799052408821918,20.245484399689573,13.663928985595703
2020-03-26,13.331140860174608,13.673718277626344,13.115806456820708,13.517111778259276,6150500,0.0,0,0.01395013876097595,0.3384755783619699,15.04089388847351,18.429042908907682,11.65274486803934,13.845006701671172,16.685355611536604,20.799052408821918,20.362539324553392,13.849898338317873
2020-03-27,13.076655489059984,13.243050136360653,12.342561786303545,12.72429084777832,5542200,0.0,0,-0.05865313119301985,0.318622925858672,14.788960504531861,18.076789942677756,11.501131066385966,13.845006701671172,16.685355611536604,20.823438243630182,20.362539324553392,13.233262062072754
2020-03-30,12.72428940700255,12.880895896506235,12.234893660579374,12.81238079071045,2962400,0.0,0,0.006922974646363933,0.3208287442961419,14.545820903778075,17.65651385265157,11.435127954904578,13.845006701671172,16.300052710801253,20.97707227174018,20.37229275015686,12.871108055114746
2020-03-31,12.64598684354742,12.910260075460414,12.264257804730478,12.274045944213867,5041500,0.0,0,-0.042016769193036985,0.307348556996559,14.302101707458496,17.32040590313453,11.28379751178246,13.624779046315519,16.26591117902521,20.994141507287413,20.37229275015686,13.389867782592772
2020-04-01,11.75528603176074,11.86295275973689,11.393133292079176,11.598679542541504,4293600,0.0,0,-0.05502394277664724,0.2904370275838952,14.01140055656433,16.890598111752208,11.132203001376453,13.228367632665762,15.943677982412577,20.742963401371277,20.37229275015686,13.849898338317873
2020-04-02,11.412709375638672,12.460016040206185,11.373557750798252,12.048924446105955,5487000,0.0,0,0.03881863464828461,0.3017113964460082,13.799002933502198,16.59720414315244,11.000801723851957,12.709608203432161,15.563219690976478,20.738085850447263,20.37229275015686,13.644352912902832
2020-04-03,12.078287524255446,12.303409126137671,11.539952000758888,11.911892890930176,2899800,0.0,0,-0.011372928412715422,0.29828005433292737,13.59394612312317,16.312183522254106,10.875708723992233,12.709608203432161,14.787737355420496,19.943093722299242,19.943093722299242,12.685138702392578
2020-04-06,12.636197178969889,12.998349895110938,12.440439080170432,12.8906831741333,4670300,0.0,0,0.08216916422648368,0.32278947710289413,13.539623165130616,16.26857729724427,10.810669033016959,12.523638014212299,14.787737355420496,19.587053232459702,19.587053232459702,11.999984741210938
2020-04-07,13.311564842329735,13.585626202383777,13.01792720411911,13.145170211791992,4740500,0.0,0,0.019741935646153452,0.32916196618711496,13.411401557922364,15.95307327959684,10.869729836247888,12.523638014212299,14.787737355420496,19.513896139540236,19.513896139540236,12.577470779418944
2020-04-08,13.27241313383385,14.858055249803009,13.125593848951626,14.583992958068848,6415600,0.0,0,0.10945638003121072,0.3651908434499124,13.385952949523926,15.868644744673412,10.903261154374439,13.11580650030063,14.432281780250692,19.430983511934905,19.430983511934905,12.44044017791748
2020-04-09,14.88741933332532,15.171268842064723,13.683505255948976,13.840112686157228,6165200,0.0,0,-0.0510066258294547,0.3465636907417197,13.410422801971436,15.900962903881087,10.919882700061784,13.272413296431488,14.123960875089526,19.416183648358825,19.416183648358825,13.50732421875
2020-04-13,13.65414124258944,13.80096052770444,13.135382008792392,13.49753475189209,3114800,0.0,0,-0.024752539378366634,0.33798535933952323,13.348758840560913,15.764632234549225,10.932885446572602,13.272413296431488,13.835217702871415,18.77818111753882,18.970832567906495,13.057079315185549
2020-04-14,13.49753561253055,13.95756790837312,13.468172127014585,13.722658157348633,3001200,0.0,0,0.016678853553237616,0.3436225676510855,13.317437601089477,15.696181574361495,10.93869362781746,13.272413296431488,13.737339181041472,18.428321472075325,18.638043688331024,13.301775932312012
2020-04-15,13.37029103871241,13.477958695466814,12.645985590765802,12.822168350219728,5047900,0.0,0,-0.06562065430790331,0.3210738299268595,13.16474609375,15.236015987750195,11.093476199749807,13.272413296431488,13.737339181041472,17.552687840151563,17.874586779718957,13.135381698608398
2020-04-16,12.84174430055236,12.87110778403264,12.215317407800423,12.332773208618164,3204200,0.0,0,-0.0381678923747073,0.30881911854187605,12.994436407089234,14.718671651965902,11.270201162212565,13.355610421411805,13.737339181041472,17.367352579753742,17.874586779718957,13.301775932312012
2020-04-17,12.72428901998674,13.203896612866346,12.704712742670049,12.978775024414062,3769300,0.0,0,0.05238090451095556,0.3249953433013755,12.902429914474487,14.407680790364221,11.397179038584753,13.693293124932573,13.737339181041472,16.979611411975753,17.874586779718957,13.889050483703612
2020-04-20,12.783017904852588,12.949411607642356,12.411077008170224,12.499168395996094,4791300,0.0,0,-0.03695315062598681,0.3129857414276155,12.860831308364869,14.362331126729934,11.359331489999803,13.693293124932573,13.737339181041472,16.59298795877046,17.487963326513665,14.16311264038086
2020-04-21,12.234895104208093,12.371926265416652,11.657407905937724,11.686771392822266,4245300,0.0,0,-0.06499608433422388,0.2926428937823766,12.860831308364869,14.362331126729934,11.359331489999803,13.414338374001224,13.737339181041472,16.59298795877046,17.487963326513665,14.300143241882324
2020-04-22,11.872740285368629,11.931467249068048,11.373556426682269,11.608466148376465,4827600,0.0,0,-0.006700331666784742,0.29068208933410705,12.791337060928345,14.38766609607368,11.195008025783011,13.272412634373495,13.737338518983481,16.087365694645165,17.16006884997327,13.595415115356444
2020-04-23,11.647619047905447,12.225106210581387,11.579103938248425,12.09786319732666,7110200,0.0,0,0.04215863169990297,0.30293684848010194,12.729673194885255,14.333172101342807,11.126174288427702,12.665562167527694,13.737338518983481,15.933205242064583,17.16006884997327,14.260992050170898
2020-04-24,12.15659135518666,12.450229012420074,12.03913647898297,12.205531120300291,5340400,0.0,0,0.008899747105540312,0.3056329098205242,12.664094161987304,14.240163627675326,11.088024696299282,12.665562167527694,13.517110863627828,15.788833655955527,17.16006884997327,14.691659927368164
2020-04-27,12.283834062564177,13.037503065969704,12.195742674261943,12.88089656829834,6547900,0.0,0,0.05533273737467903,0.32254441535268225,12.671924448013305,14.250695466667498,11.093153429359113,12.42575756107454,13.272412634373495,15.739894395040555,17.16006884997327,15.625244140625
2020-04-28,13.350717023672546,13.526898867210186,13.164746107198804,13.311565399169922,5974800,0.0,0,0.033434693663445536,0.33332858907285434,12.69688367843628,14.299610703969638,11.094156652902921,12.450227646946228,13.272412634373495,15.739894395040555,17.16006884997327,15.674379348754885
2020-04-29,13.693292468388329,13.742232228674895,13.370291357324572,13.663928985595703,5878400,0.0,0,0.026470484564328878,0.34215195834475687,12.766377830505371,14.410195871312103,11.12255978969864,12.557894327678582,13.272412634373495,15.265181156603887,16.685355611536604,15.97902488708496
2020-04-30,13.663929735028992,14.61335777624842,13.233261874472332,14.417598724365234,11387200,0.0,0,0.055157615321627995,0.3610242444446787,12.907323789596557,14.609496311165536,11.205151268027578,12.993457101465346,13.272412634373495,15.265181156603887,16.685355611536604,17.217248916625977
2020-05-01,14.11417310002522,14.11417310002522,13.419231117611144,13.663928985595703,4044900,0.0,0,-0.05227429013514273,0.34215195834475687,12.988074016571044,14.672646311184097,11.303501721957991,12.993457101465346,13.272412634373495,15.265181156603887,16.685355611536604,16.372112274169922
2020-05-04,13.389867039058018,13.957565992847483,13.262624041353725,13.849898338317873,3013700,0.0,0,0.01361023999160249,0.3468087286114258,13.08497428894043,14.732948652870965,11.436999925009895,12.993457101465346,13.272412634373495,15.265181156603887,16.685355611536604,15.63507080078125
2020-05-05,13.986931062093332,14.163113837906504,13.223473922650166,13.233262062072754,2591300,0.0,0,-0.04452280162512823,0.33136783238559636,13.102103233337402,14.748750309376373,11.455456157298432,13.096230857248422,13.272412634373495,15.265181156603887,16.685355611536604,14.829241752624512
2020-05-06,13.252837082191332,13.429019853680268,12.77322946363626,12.871108055114746,3522300,0.0,0,-0.027366948924555823,0.322299305841459,13.08840012550354,14.737976082533159,11.438824168473921,13.326247127615694,13.272412634373495,15.072529706236214,16.685355611536604,14.858722686767578
2020-05-07,13.0375022513993,13.683504480656268,13.0375022513993,13.389867782592772,2614600,0.0,0,0.04030420110348465,0.33528932187960664,13.028693866729736,14.536276012751493,11.521111720707978,13.404550225255182,13.272412634373495,14.945345112670363,16.685355611536604,14.937339782714844
2020-05-08,13.614988619532213,13.928201577913091,13.575836999734603,13.849898338317873,2243800,0.0,0,0.034356616748908886,0.3468087286114258,13.029183149337769,14.537835924269839,11.520530374405698,13.693293619942342,13.272412634373495,14.58602280753917,16.587475861547365,14.927512168884276
2020-05-11,13.732444296051243,13.849899162433031,13.38007969690589,13.644352912902832,1855500,0.0,0,-0.014840933875042817,0.341661763202816,13.036524057388306,14.555727699272781,11.51732041550383,13.693293619942342,13.272412634373495,14.13641394720432,16.577688090906904,14.740796089172363
2020-05-12,13.68350561193428,13.752021656135488,12.675350562728353,12.685138702392578,4196600,0.0,0,-0.07030118735811719,0.31764253557479016,12.984648084640503,14.476919945662601,11.492376223618404,13.644354169488388,13.272412634373495,13.748672779426329,16.577688090906904,14.829241752624512
2020-05-13,12.645987021006098,12.645987021006098,11.892317072279496,11.999984741210938,4357300,0.0,0,-0.05401233500524605,0.3004859205314088,12.943538904190063,14.49619434623705,11.390883462143076,13.027715455093,13.272412634373495,13.655687684816398,16.577688090906904,14.48529052734375
2020-05-14,11.823800898472676,12.6166224009325,11.579103030650892,12.577470779418944,2905000,0.0,0,0.048123897710034225,0.31494647423436783,12.955773782730102,14.492590127572154,11.41895743788805,12.871108434278698,13.272412634373495,13.655687684816398,16.577688090906904,14.288744926452637
2020-05-15,12.43065203875174,12.743865957917174,12.342560653156722,12.44044017791748,3848200,0.0,0,-0.010894925053270055,0.31151515600179275,12.928857040405273,14.48206756655764,11.375646514252905,12.871108434278698,13.272412634373495,13.774044140275661,16.577688090906904,14.55408000946045
2020-05-18,12.968988653970955,13.69329421137266,12.95920051397808,13.50732421875,4245400,0.0,0,0.08575934818820174,0.3382304927312525,12.979264831542968,14.538916934652367,11.41961272843357,12.753652304281992,12.993457101465346,13.698187085760507,16.577688090906904,13.885831832885742
2020-05-19,13.370292309815415,13.4779599768057,12.978776066528075,13.057079315185549,2386000,0.0,0,-0.033333389816722514,0.3269561238691395,13.047780227661132,14.488957003002382,11.606603452319883,12.753652304281992,12.993457101465346,13.553815499651451,16.577688090906904,13.984102249145508
2020-05-20,13.086441552311378,13.409442655588194,13.086441552311378,13.301775932312012,2541500,0.0,0,0.01874053233649864,0.3330834556811254,13.13244571685791,14.413924107832994,11.850967325882827,12.753652304281992,12.993457101465346,13.504876238736479,16.577688090906904,13.836695671081545
2020-05-21,13.106018215658125,13.409443050856968,13.027714972158536,13.135381698608398,3592900,0.0,0,-0.012509174305020188,0.32891685667589177,13.184321641921997,14.373813380219454,11.99482990362454,12.714501096541962,12.993457101465346,13.504876238736479,16.577688090906904,14.43615436553955
2020-05-22,13.164744793502832,13.380079173503466,13.115805034396107,13.301775932312012,1950700,0.0,0,0.012667635971419289,0.33308345568112546,13.239133882522584,14.339964048725763,12.138303716319404,12.66556234339319,12.993457101465346,13.546474801226639,16.577688090906904,14.603216171264648
2020-05-26,13.7911718972298,14.153324627424302,13.771595619866067,13.889050483703612,2342500,0.0,0,0.044150086002051836,0.3477891188953078,13.289541578292846,14.412487436229963,12.16659572035573,12.866213829037598,12.993457101465346,13.715316152987022,16.577688090906904,14.377190589904783
2020-05-27,14.16311264038086,14.476325607833935,13.810747118547877,14.16311264038086,3996700,0.0,0,0.019732245699503492,0.3546517792409638,13.332118940353393,14.518657917128271,12.145579963578514,13.027714319242413,12.993457101465346,13.715316152987022,16.577688090906904,14.4656343460083
2020-05-28,14.300143241882322,14.407810902504266,13.840111916591782,14.300143241882324,2345700,0.0,0,0.009675175576219885,0.3580830974735389,13.363929653167725,14.617320258875731,12.110539047459719,13.40944313049533,12.993457101465346,13.575838777521348,16.577688090906904,14.780105590820312
2020-05-29,14.182689491758913,14.182689491758913,13.037503290963636,13.595415115356444,7889100,0.0,0,-0.04928119352412286,0.3404363350492281,13.322820472717286,14.484936680474895,12.160704264959676,13.717763060906009,13.096230403449656,13.504875576678488,16.57768742884891,14.357536315917969
2020-06-01,13.663929563095389,14.5056899284975,13.624777939901064,14.260992050170898,3845800,0.0,0,0.048955984732137026,0.35710273107016277,13.352673625946045,14.577967359601285,12.127379892290804,13.742232997512787,13.096230403449656,13.201450343255587,16.57768742884891,14.50494384765625
2020-06-02,14.50568902864548,14.760175030345852,14.3686588226901,14.691659927368164,2885100,0.0,0,0.03019901250082424,0.3678868809098291,13.39476170539856,14.738895658311655,12.050627752485465,13.893945001252195,13.169639030498372,13.091336515577762,16.57768742884891,14.151163101196287
2020-06-03,14.947167904204658,16.028159100822048,14.868550396712289,15.625244140625,7769900,0.06,0,0.06354518263233966,0.39126431994528593,13.514360809326172,15.17251747542978,11.856204143222564,14.527937036490293,13.80363106573647,12.849085097724018,16.57768742884891,14.377190589904783
2020-06-04,15.477835592166286,15.723515522200673,15.28129183557769,15.674379348754885,2962900,0.0,0,0.0031446041858722573,0.39249469136356835,13.65452437400818,15.533282097290272,11.775766650726087,14.532831195892843,13.80363106573647,12.861320140659862,16.57768742884891,14.445980072021484
2020-06-05,16.411422143239292,16.755372589100222,15.7431723494706,15.97902488708496,5001600,0.0,0,0.019435891626182533,0.40012317564876265,13.783982229232787,15.914777454335685,11.65318700412989,14.89643794003193,14.167237809875557,12.915153481026039,16.57768742884891,14.613042831420898
2020-06-08,16.244356676820644,17.236903759706248,16.224701833740372,17.217248916625977,5683900,0.0,0,0.0774905877105061,0.4311289556863793,13.952349758148193,16.561573784826574,11.34312573146981,15.137203525334943,14.40800339517857,13.13293486791942,16.57768742884891,15.340254783630373
2020-06-09,16.883127037381282,16.951917125815633,16.234532097301223,16.372112274169922,5069200,0.0,0,-0.04908662507864081,0.4099662902780561,14.088737726211548,16.89899015028973,11.278485302133365,15.137203525334943,14.40800339517857,13.13293486791942,16.57768742884891,15.261638641357422
2020-06-10,16.21487559315426,16.411420289493602,15.448354463892356,15.63507080078125,5364800,0.0,0,-0.04501810524177097,0.39151038467674015,14.236234331130982,17.045981309842077,11.426487352419889,15.137203525334943,14.40800339517857,13.13293486791942,16.57768742884891,15.08474826812744
2020-06-11,14.986476768771965,15.20267538457202,14.711315490513924,14.829241752624512,4528200,0.0,0,-0.051539840044502516,0.3713320020747393,14.37769718170166,16.999479922884923,11.755914440518396,15.430840849803655,14.40800339517857,13.184321745810959,16.57768742884891,14.563905715942385
2020-06-12,15.409046165771382,15.487663671744128,14.445980311813372,14.858722686767578,3902700,0.0,0,0.0019880270775036735,0.37207022014960756,14.491759777069092,16.98428037814182,11.999239175996365,15.802781291198174,14.40800339517857,13.299329880994595,16.19238452811356,14.80958652496338
2020-06-15,14.377189833736342,15.065093460712404,14.31822623727802,14.937339782714844,6352200,0.0,0,0.005290972690221718,0.3740388335232639,14.61660475730896,16.927227797373558,12.305981717244363,15.777564998492135,14.40800339517857,13.338481429814339,16.158242996337517,14.78993320465088
2020-06-16,15.664551960585223,15.73334297843628,14.770277163272535,14.927512168884276,5524100,0.0,0,-0.0006579226270222449,0.37379274491130393,14.687614154815673,16.943570316274226,12.43165799335712,15.777564998492135,14.40800339517857,13.482853127157918,15.933889549714124,14.888203620910645
2020-06-17,14.966821179352944,15.006130868630862,14.45580740226948,14.740796089172363,4113100,0.0,0,-0.012508184726260918,0.36911727620861723,14.771799993515014,16.89869935319803,12.644900633832,15.777564998492135,14.40800339517857,13.482853127157918,15.563219028918486,14.67200756072998
2020-06-18,14.5442530515586,14.917686683506108,14.514771720329607,14.829241752624512,2569800,0.0,0,0.006000060167518084,0.3713320020747393,14.84817328453064,16.864073963613638,12.832272605447642,15.777564998492135,14.40800339517857,13.458383401930941,14.787736693362504,14.534425735473633
2020-06-19,15.153540332778205,15.232157846688764,14.475463103806256,14.48529052734375,6217500,0.0,0,-0.023194120847068178,0.36271928274423404,14.915668725967407,16.78085087640839,13.050486575526424,15.635071681546826,14.40800339517857,13.150064044733249,14.787736693362504,14.396843910217283
2020-06-22,14.455807356577438,14.455807356577438,14.033237570121228,14.288744926452637,2915400,0.0,0,-0.013568633678426867,0.3577976776685758,14.965017175674438,16.703375930728587,13.22665842062029,15.222328929807414,14.789732206431484,13.071760534326096,14.787736693362504,14.34770965576172
2020-06-23,14.288745225291338,14.730968928378596,14.239609050016178,14.55408000946045,4388300,0.0,0,0.018569516383247997,0.36444180750593047,14.998268651962281,16.676806134594838,13.319731169329724,14.883290274278753,15.098052136842163,13.071760534326096,14.432281118192702,14.200300216674805
2020-06-24,14.357536919182516,14.357536919182516,13.826868228501295,13.885831832885742,2632300,0.0,0,-0.0459148346127225,0.34770852218833403,14.984404611587525,16.694930618863292,13.273878604311758,14.780105603468787,15.10783991311716,12.873554702873669,14.123960213031534,14.18064785003662
2020-06-25,13.758077145887915,14.082374603636843,13.718768391530306,13.984102249145508,2465600,0.0,0,0.007077027681340109,0.35016926502489876,14.968602561950684,16.710019618084004,13.227185505817364,14.726055684983294,15.132309365932393,12.873554702873669,13.835217040813422,14.170819282531738
2020-06-26,13.895659275546883,13.954621942817528,13.512398189508904,13.836695671081545,6932600,0.0,0,-0.010541011173811343,0.346478126889546,14.980666589736938,16.686461223215336,13.27487195625854,14.622870583972592,15.132309365932393,12.873554702873669,13.737338518983481,14.387017250061035
2020-06-29,14.052894219028088,14.47546312254572,13.856350433997248,14.43615436553955,2485600,0.0,0,0.043323833139646606,0.361488887445446,14.989424705505371,16.681953212163574,13.296896198847168,14.372278018098834,15.137203525334943,12.853979099003654,13.737338518983481,14.75062370300293
2020-06-30,14.39684497181068,14.681833681800004,14.13151110805252,14.603216171264648,3095700,0.0,0,0.011572459083971198,0.3656722028047187,14.985002517700195,16.68111712128699,13.2888879141134,14.372278018098834,15.137203525334943,12.829509722429268,13.737338518983481,15.114230155944824
2020-07-01,14.622870536545957,15.045440344671054,14.347709258722338,14.377190589904783,2840400,0.0,0,-0.015477794665850753,0.36001240353469793,14.922599840164185,16.611645261557985,13.233554418770385,14.372278018098834,15.137203525334943,12.929835465251472,13.737338518983481,15.605591773986816
2020-07-02,14.58356059835686,14.858721853836837,14.34770809365974,14.4656343460083,1913700,0.0,0,0.006151671673993109,0.3622270816398085,14.862162590026855,16.525307989396282,13.199017190657429,14.278919267089979,15.137203525334943,13.01058571035388,13.737338518983481,15.851268768310549
2020-07-06,14.917686698686648,15.084749137811976,14.691660659848711,14.780105590820312,1696700,0.0,0,0.02173919492848153,0.3701016067759513,14.802216625213623,16.383568961738817,13.22086428868843,14.29857366366044,15.137203525334943,13.201450115980338,13.737338518983481,16.00850486755371
2020-07-07,14.662179874247036,14.78993356404989,14.278918804838469,14.357536315917969,2140100,0.0,0,-0.028590409744081557,0.35952025019128386,14.659230995178223,15.790042829473881,13.528419160882565,14.29857366366044,15.374650974607576,13.406996732177832,13.737338518983481,15.58593463897705
2020-07-08,14.337881413882307,14.524597755467813,14.082374051969854,14.50494384765625,2958500,0.0,0,0.01026690989977519,0.3632114122071424,14.56587257385254,15.375247209583142,13.756497938121937,14.29857366366044,15.374650974607576,13.419231700481221,13.737338518983481,15.5957612991333
2020-07-09,14.46563403795688,14.485287944332496,13.944791929682427,14.151163101196287,2513100,0.0,0,-0.024390356155506776,0.35435255650366565,14.491677188873291,15.152328248131194,13.831026129615388,14.29857366366044,15.374650974607576,13.531792015875283,13.517110863627828,15.615418434143066
2020-07-10,14.121683220471256,14.416499343879588,13.984102112962136,14.377190589904783,2432700,0.0,0,0.015972361218095754,0.3600124035346979,14.469074630737305,15.112506542892024,13.825642718582586,14.470549785904613,15.374650974607576,14.16578405111338,13.700857763752158,15.183019638061523
2020-07-13,14.475461401973249,14.711314853171094,14.34770865978408,14.445980072021484,3737000,0.0,0,0.004784626153944371,0.36173492829639436,14.4484375,15.066250344788788,13.830624655211214,14.514770533747201,15.374650974607576,14.168231130814657,13.700857763752158,15.36973762512207
2020-07-14,14.367362889526408,14.613042831420898,14.170819123449736,14.613042831420898,1783900,0.0,0,0.011564653873708197,0.3659182675361728,14.432222652435303,15.013410566264742,13.851034738605865,14.514770533747201,15.374650974607576,14.531837874953744,14.064464507891245,15.734743118286133
2020-07-15,14.907858510970426,15.379563535690368,14.858722336596788,15.340254783630373,3297300,0.0,0,0.049764580902057265,0.3841280367645173,14.452859783172608,15.12603693123564,13.779682635109575,14.662177732686398,15.232157657662269,14.772603460256757,14.305230093194258,15.231626510620115
2020-07-16,15.30094739692507,15.556454776712105,15.173193707031553,15.261638641357422,3424900,0.0,0,-0.005124826372300051,0.38215944727136664,14.478901910781861,15.23117769306305,13.726626128500673,14.750623353197266,14.961909239501253,14.772603460256757,14.305230093194258,14.69891357421875
2020-07-17,15.31077335673968,15.359909530801556,14.996303342254976,15.08474826812744,2592100,0.0,0,-0.011590522969835537,0.3777300194196282,14.491677236557006,15.275677329049934,13.707677144064078,14.750623353197266,14.622870583972592,14.772603460256757,14.305230093194258,15.369738578796388
2020-07-20,14.996302910607469,15.065092989997328,14.563905715942385,14.563905715942385,1527700,0.0,0,-0.0345277589607208,0.3646878483568789,14.495607995986939,15.280235443042992,13.710980548930886,14.750623353197266,14.622870583972592,14.919422122491113,14.305230093194258,15.172436714172363
2020-07-21,14.563906584272177,14.966821537054612,14.563906584272177,14.80958652496338,2209100,0.0,0,0.016869156791647022,0.37083982485081946,14.521650075912476,15.311699417382426,13.731600734442525,14.750623353197266,14.622870583972592,15.105392343188372,14.305230093194258,14.955405235290527
2020-07-22,14.760451873011132,14.996304400518364,14.691660849592214,14.78993320465088,1439000,0.0,0,-0.0013270674558922835,0.3703476953879111,14.533442735671997,15.33216403803159,13.734721433312405,14.770278444837121,14.622870583972592,15.092784196835353,14.305230093194258,15.073785781860352
2020-07-23,14.721141190866826,15.084748317805424,14.721141190866826,14.888203620910645,1223500,0.0,0,0.00664441244595082,0.3728084382244758,14.583561325073243,15.337515306375822,13.829607343770663,14.86363695008092,14.534426483110504,15.092784196835353,14.305230093194258,15.379603385925291
2020-07-24,14.95699627780616,15.06509512318172,14.652352714010055,14.67200756072998,1290600,0.0,0,-0.014521299257152398,0.3673947753274266,14.617956590652465,15.319802237920863,13.916110943384068,14.86363695008092,14.534426483110504,15.092784196835353,14.305230093194258,15.073785781860352
2020-07-27,14.632698089884691,14.721142084221093,14.436153381062574,14.534425735473633,2601900,0.0,0,-0.009377164282861283,0.3639496541625164,14.65284309387207,15.257546651042725,14.048139536701415,14.99630407888734,14.534426483110504,15.092784196835353,14.305230093194258,14.679184913635254
2020-07-28,14.544252434497466,14.701487443973992,14.357535157848153,14.396843910217283,2281700,0.0,0,-0.009465927843338107,0.36050453299760615,14.650877571105957,15.258666818335573,14.04308832387634,14.956994967280128,14.534426483110504,15.021537538362697,14.305230093194258,15.340142250061035
2020-07-29,14.3870184108243,14.495117252947736,14.141338457384508,14.34770965576172,2634200,0.0,0,-0.0034128490078781937,0.3592741854598297,14.63810224533081,15.260092505871778,14.016111984789841,14.750623994093033,14.534426483110504,15.00603056811945,14.305230093194258,15.15270709991455
2020-07-30,14.180646308992994,14.357535226907627,13.895657618647354,14.200300216674805,2323900,0.0,0,-0.010274074582190873,0.35558297568295955,14.629257726669312,15.2707757008291,13.987739752509524,14.490202968226388,14.534426483110504,14.990671205560458,14.305230093194258,15.073785781860352
2020-07-31,14.160993003024286,14.36736421068035,13.96444921887439,14.18064785003662,4800800,0.0,0,-0.001383940222271396,0.35509087010055695,14.615008401870728,15.282842142091575,13.947174661649882,14.490202968226388,14.534426483110504,14.943972758292974,14.305230093194258,14.64958953857422
2020-08-03,14.23960936713216,14.328054297158198,13.993929422479662,14.170819282531738,3633300,0.0,0,-0.000693097213104843,0.3548447576080913,14.5845440864563,15.274928514301537,13.894159658611061,14.490202968226388,14.534426483110504,14.929182525457843,14.305230093194258,14.659454345703123
2020-08-04,14.10202856455192,14.455807331571815,14.043064968117983,14.387017250061035,2700200,0.0,0,0.015256560910052785,0.3602584682661521,14.586018133163453,15.274561039384546,13.89747522694236,14.490202968226388,14.706402605354675,14.877589974952492,14.305230093194258,14.215526580810549
2020-08-05,14.62287002277476,15.507317424730276,14.504943764993664,14.75062370300293,4931900,0.0,0,0.02527323395962089,0.36936336482057724,14.598302125930786,15.289410267371062,13.90719398449051,14.701487521688815,14.726056197679728,14.75474077171689,14.305230093194258,14.29444694519043
2020-08-06,14.711315200705624,15.163366331821592,14.711315200705624,15.114230155944824,5352400,0.0,0,0.024650242610952944,0.3784682613750024,14.646455478668212,15.340464613428756,13.952446343907669,14.701487521688815,14.726056197679728,14.75474077171689,14.305230093194258,15.15270709991455
2020-08-07,15.192849350280772,15.654727955322244,15.0847505010986,15.605591773986816,5702200,0.0,0,0.032509867388034186,0.39077221436288356,14.707875537872315,15.50645991512725,13.90929116061738,14.7751927869848,14.7751927869848,14.75474077171689,14.305230093194258,15.172436714172363
2020-08-10,15.654725942627351,15.959368540789267,15.507317417573075,15.851268768310549,6234100,0.0,0,0.01574288228744103,0.3969240953348011,14.778139972686768,15.709932036698595,13.846347908674941,14.92751307971831,14.92751307971831,14.708061396212461,14.305230093194258,15.4979829788208
2020-08-11,16.214875105554,16.401592374022655,15.900405100378842,16.00850486755371,4183600,0.0,0,0.00991946458932702,0.4008613698431253,14.847913074493409,15.919879963626407,13.77594618536041,15.148624996335005,15.148624996335005,14.71788859449769,14.305230093194258,15.261221885681152
2020-08-12,16.155912946737853,16.165740369001476,15.49749065018814,15.58593463897705,2194200,0.0,0,-0.02639660805757893,0.39027998937795216,14.860197067260742,15.960024206502906,13.760369928018578,15.183020796448524,15.148624996335005,14.836612319134009,14.40800339517857,14.580533981323242
2020-08-13,15.418871455810296,15.694033642578196,15.350081377715584,15.5957612991333,1857400,0.0,0,0.000630482571874591,0.3905260541094064,14.876903200149536,16.01061515448087,13.743191245818204,15.197760898251158,15.148624996335005,14.836612319134009,14.40800339517857,13.88011646270752
2020-08-14,15.487664743795635,15.772652519777653,15.418873718411842,15.615418434143066,1781600,0.0,0,0.0012604152264665824,0.3910182790943378,14.903436708450318,16.07987049702591,13.727002919874725,15.222328671070319,15.148624996335005,14.836612319134009,14.40800339517857,13.623626708984377
2020-08-17,15.526971918371398,15.56628067007585,15.065093382948168,15.183019638061523,3432300,0.0,0,-0.027690503325617177,0.38019078613669893,14.934392404556274,16.105979908434957,13.762804900677589,15.453268069508159,15.148624996335005,14.922600380256094,14.40800339517857,13.36713409423828
2020-08-18,15.192847765642316,15.625244054466078,15.10440283590244,15.36973762512207,4886200,0.0,0,0.012297816344284618,0.3848663026003972,14.962399959564209,16.147564878287348,13.77723504084107,15.55645378736414,15.148624996335005,14.94471075417739,14.40800339517857,13.515109062194824
2020-08-19,15.340141781593308,15.803799057810224,15.271085842069215,15.734743118286133,2823000,0.06,0,0.02374832297510765,0.39400623185678696,15.009640455245972,16.2385368155127,13.780744094979244,15.733342878485413,15.148624996335005,14.94471075417739,14.40800339517857,13.682814598083496
2020-08-20,15.54730853740453,15.557173806542384,15.221762182286108,15.231626510620115,3677000,0.0,0,-0.03197488537841586,0.38140792775478466,15.026811599731445,16.258061267967975,13.795561931494916,15.733342878485413,15.148624996335005,14.947167695174333,14.40800339517857,13.968900680541992
2020-08-21,15.241491122969926,15.350007197202444,14.698913574218752,14.69891357421875,3679400,0.0,0,-0.03497413332909238,0.368068516036716,15.028156900405884,16.257894454020285,13.798419346791484,15.550252974120703,15.148624996335005,14.85626629634926,14.40800339517857,13.82092571258545
2020-08-24,14.738375419914496,15.379603848654831,14.669320412513196,15.369738578796388,2330400,0.0,0,0.045637726978287496,0.3848663264809031,15.069922542572021,16.28627111134687,13.853573973797172,15.417530390757335,15.148624996335005,14.686746968584929,14.40800339517857,13.988632202148438
2020-08-25,15.419062796767877,15.576903339100388,15.07378590481262,15.172436714172363,3888600,0.0,0,-0.012837034515096879,0.37992578416416917,15.108702182769775,16.285115591900325,13.932288773639224,15.236559735161709,15.148624996335005,14.686746968584929,14.40800339517857,13.988632202148438
2020-08-26,15.152705909739511,15.172436447586325,14.906079831477324,14.955405235290527,1101500,0.0,0,-0.01430432586211483,0.3744912019440654,15.139086961746216,16.265087279186623,14.01308664430581,15.236559735161709,15.148624996335005,14.686746968584929,14.40800339517857,14.097147941589355
2020-08-27,14.985000242321547,15.251356860937957,14.97513591410911,15.073785781860352,1246100,0.0,0,0.007915569301357284,0.3774555130058022,15.182761240005494,16.223353314360534,14.142169165650452,15.236559735161709,15.148624996335005,14.696574514404857,14.40800339517857,14.314178466796877
2020-08-28,15.113246752584642,15.399332984244662,15.024461208137758,15.379603385925291,818000,0.0,0,0.02028804233326431,0.38511334643258793,15.242709016799926,16.177101208400707,14.308316825199144,15.236559735161709,15.148624996335005,14.699031716595712,14.40800339517857,14.06755256652832
2020-08-31,15.29081699619922,15.379602535738025,14.985000242321547,15.073785781860352,3011200,0.0,0,-0.019884622274772723,0.3774555130058022,15.287857341766358,16.086800644590326,14.48891403894239,15.236559735161709,15.148624996335005,14.699031716595712,14.40800339517857,14.215526580810549
2020-09-01,14.837025459888771,14.856755998572394,14.629859507730062,14.679184913635254,2306100,0.0,0,-0.026177953828954936,0.36757450001385183,15.302465724945069,16.042922112844234,14.562009337045904,15.103381423415225,15.148624996335005,14.765365280998921,14.40800339517857,14.245122909545898
2020-09-02,14.76796982398115,15.369737116015834,14.76796982398115,15.340142250061035,2427800,0.0,0,0.04502684177047378,0.3841252188648365,15.331941652297974,16.027266486227326,14.636616818368624,15.103381423415225,15.148624996335005,14.745710725195316,14.40800339517857,13.564434051513672
2020-09-03,15.379603598955423,15.833394715429373,15.01459708735427,15.15270709991455,2154300,0.0,0,-0.012218605739835242,0.3794317442607992,15.33386549949646,16.026955366147046,14.640775632845875,15.231627111579717,15.148624996335005,14.642525238601769,14.789732206431484,13.76173496246338
2020-09-04,15.36973726672175,15.48811767250554,14.866619836537756,15.073785781860352,3593000,0.0,0,-0.0052083972542862345,0.3774555130058022,15.307275199890137,15.99739267056323,14.617157729217045,15.231627111579717,15.183020796448524,14.512314725668446,15.098052136842163,13.712409019470217
2020-09-08,14.994865486333564,15.044190890528853,14.619993731574745,14.64958953857422,3126200,0.0,0,-0.02814132092792543,0.3668334162782912,15.247191238403321,15.946681856173702,14.54770062063294,15.226694223502058,15.197760898251158,14.512314725668446,15.10783991311716,13.65321922302246
2020-09-09,14.68905015366951,14.7877000244792,14.54107393624918,14.659454345703123,2892700,0.0,0,0.0006733845411113215,0.36708043622997605,15.17973871231079,15.830540573997038,14.528936850624543,15.187234325839277,15.222328671070319,14.512314725668446,15.132309365932393,13.742005348205566
2020-09-10,14.669318589047558,14.728509260036644,14.018225912186589,14.215526580810549,3173900,0.0,0,-0.030282693640824032,0.35596425183808367,15.111218309402465,15.858997407858423,14.363439210946508,14.92581031380798,15.209909143104621,14.598302786790532,15.132309365932393,13.751870155334473
2020-09-11,14.235257214603775,14.39309775057326,14.087281006529532,14.29444694519043,3029600,0.0,0,0.005551701791083552,0.3579404592125749,15.046152591705322,15.839542343481622,14.252762839929023,14.92581031380798,15.209909143104621,14.713771859684272,15.137203525334943,13.426323890686035
2020-09-14,14.383233938723034,15.2612231849878,14.373368669024758,15.15270709991455,5382300,0.0,0,0.06004150828744681,0.37943174426079923,15.023017024993896,15.774067106518078,14.271966943469714,14.92581031380798,15.209909143104621,14.713771859684272,15.137203525334943,13.426323890686035
2020-09-15,15.25135698533862,15.44865766325426,15.093516443006106,15.172436714172363,3502100,0.0,0,0.0013020521104063487,0.37992578416416917,15.022487878799438,15.773096301710142,14.271879455888735,14.92581031380798,15.209909143104621,14.7751927869848,15.137203525334943,13.554569244384766
2020-09-16,15.241491628603368,15.724878521918177,15.054056220862224,15.4979829788208,3715300,0.0,0,0.02145642593745989,0.38807763361381903,15.028900146484375,15.793478719611592,14.264321573357158,14.92581031380798,15.209909143104621,14.92751307971831,15.137203525334943,13.899846076965332
2020-09-17,15.310547289169184,15.527577559230402,15.172436347563462,15.261221885681152,4001000,0.0,0,-0.015276897223541974,0.38214901149034536,15.005224084854126,15.707002389313628,14.303445780394624,14.871552217052383,15.091983140594031,15.148624996335005,15.137203525334943,13.988632202148438
2020-09-18,15.17243696568599,15.231626699639948,14.412828167113926,14.580533981323242,5936900,0.0,0,-0.044602451196687376,0.3651042288554849,14.972669458389282,15.68982394639471,14.255514970383853,14.871552217052383,14.92581031380798,15.165822896391765,15.374650974607576,13.465784072875977
2020-09-21,14.215528105750716,14.353639059004944,13.692681042608976,13.88011646270752,5627200,0.0,0,-0.048037850980829244,0.3475654063172545,14.931729602813721,15.788308998139629,14.075150207487814,14.708779782263576,14.763037879019175,15.173192947293082,15.374650974607576,14.185933113098145
2020-09-22,13.82092740851411,14.028093378221318,13.416460739277168,13.623626708984377,3698700,0.0,0,-0.01847893383404009,0.3411427681709167,14.84442400932312,15.849455406274345,13.839392612371896,14.570669630597672,14.62492772735327,15.185476833702662,15.374650974607576,13.73214054107666
2020-09-23,13.64335504806056,13.820926131633954,13.307943419445865,13.36713409423828,4209500,0.0,0,-0.0188270436518162,0.33472005838306146,14.754158878326416,15.935954750087593,13.57236300656524,14.51641097068202,14.570669067437619,15.300946532921582,15.374650974607576,13.67294979095459
2020-09-24,13.288213519066668,13.692680141723878,13.12050770857897,13.515109062194824,4742200,0.0,0,0.011070059364507001,0.3384254292998532,14.682144069671631,15.977478554421737,13.386809584921526,14.422693115248574,14.47695121200417,15.352539391849572,15.374650974607576,13.32767391204834
2020-09-25,13.376998790369552,13.781465404909564,13.298077580426408,13.682814598083496,2592000,0.0,0,0.012408744547817818,0.34262486400052067,14.612595510482787,15.965088597929354,13.260102423036221,14.422693115248574,14.47695121200417,15.44098393741021,15.374650974607576,13.840656280517578
2020-09-28,13.929440546334964,14.067551486461472,13.830790681219291,13.968900680541992,3072400,0.0,0,0.020908423512408625,0.349788609762925,14.542060375213623,15.873956160473718,13.210164589953528,14.422693115248574,14.47695121200417,15.44098393741021,15.232157657662269,14.047821998596191
2020-09-29,13.929440848810216,14.087281389065817,13.732140173490718,13.82092571258545,1530300,0.0,0,-0.010593172028394826,0.34608323884613323,14.479417371749879,15.823314016216777,13.13552072728298,14.324042633904686,14.47695121200417,15.349438985227854,14.961909239501253,13.840656280517578
2020-09-30,13.95903639380824,14.373368302532231,13.889981389288868,13.988632202148438,3362400,0.0,0,0.01213424433721344,0.3502826974273064,14.444889736175536,15.802044834972042,13.08773463737903,14.176067204109458,14.47695121200417,15.28307769354617,14.95699528176578,13.93930721282959
2020-10-01,14.067552476114544,14.27471843047654,13.830791654216226,13.988632202148438,2239700,0.0,0,0.0,0.3502826974273064,14.377314233779908,15.682474742036767,13.072153725523048,13.7469380055556,14.47695121200417,15.192592365748357,14.95699528176578,13.988632202148438
2020-10-02,13.80119643126157,14.176068218902907,13.68281601529124,14.097147941589355,2475300,0.0,0,0.007757423161376176,0.3529999885373583,14.324536275863647,15.58409461438801,13.064977937339284,13.7469380055556,14.47695121200417,15.192592365748357,14.95699528176578,15.428927421569824
2020-10-05,14.245122521959251,14.343773334125071,14.09714724451439,14.314178466796877,2242100,0.0,0,0.015395349903879474,0.35843454687695636,14.286555910110474,15.49782450981548,13.075287310405468,13.7469380055556,14.47695121200417,15.192592365748357,14.95699528176578,15.103382110595703
2020-10-06,14.472019208405136,14.59039962011514,13.96890175303471,14.06755256652832,2511500,0.0,0,-0.01722948339931829,0.35225890480179767,14.257454061508179,15.460282864101236,13.054625258915122,13.855453664347054,14.47695121200417,15.192592365748357,14.95699528176578,15.369738578796388
2020-10-07,14.028091180818734,14.30431211689228,14.018225912186589,14.215526580810549,2727500,0.0,0,0.010518817227263222,0.35596425183808367,14.23525767326355,15.423738044699899,13.046777301827202,13.944238600270774,14.47695121200417,15.192592365748357,14.95699528176578,14.619993209838867
2020-10-08,14.343773724395849,14.402964401466596,14.15633830514562,14.245122909545898,2760500,0.0,0,0.002081972030167467,0.35670535945415005,14.236737489700317,15.425189297740637,13.048285681659998,14.13660781770319,14.47695121200417,15.126003209875115,14.95699528176578,15.537443161010742
2020-10-09,14.383232540813466,14.402963078292403,13.475648514466064,13.564434051513672,6193000,0.0,0,-0.04778399332560934,0.3396605529387839,14.20023684501648,15.424060692701927,12.976412997331034,14.0330240672906,14.47695121200417,15.126003209875115,14.95699528176578,16.445026397705078
2020-10-12,13.623624960915649,13.801195097306133,13.524974153406848,13.76173496246338,5389300,0.0,0,0.014545458380380571,0.344601071375012,14.130688238143922,15.285520060988118,12.975856415299726,14.0330240672906,14.422693115248574,15.19012605395736,14.95699528176578,16.425296783447266
2020-10-13,13.623624425168329,13.998495221030842,13.574299023353644,13.712409019470217,3946400,0.0,0,-0.0035842822963605414,0.3433659238555757,14.057686853408814,15.119777645937374,12.995596060880255,14.0330240672906,14.422693115248574,15.207323954014122,14.95699528176578,16.049068450927734
2020-10-14,13.751869085364568,13.94917069165635,13.584164225302608,13.65321922302246,3450900,0.0,0,-0.004316513339393091,0.3418837802649601,13.965448665618897,14.806446415037689,13.124450916200106,14.0330240672906,14.422693115248574,15.212227560876608,14.95699528176578,15.910459518432615
2020-10-15,13.495379270546763,13.830790886691345,13.229022655089423,13.742005348205566,3962200,0.0,0,0.006502944377644981,0.3441070314716421,13.889487838745117,14.484934914058785,13.294040763431449,13.909711137602281,14.422693115248574,15.204781498454798,14.95699528176578,15.593636512756348
2020-10-16,13.771600693820304,13.919575969248635,13.623625418391976,13.751870155334473,1567500,0.0,0,0.0007178579020270526,0.3443540514233271,13.848054647445679,14.35292084098071,13.343188453910647,13.909711137602281,14.422693115248574,15.067859728456302,15.128971404009953,15.989662170410156
2020-10-19,13.830791465240775,13.94917187457246,13.298078212042416,13.426323890686035,3181500,0.0,0,-0.02367287219637948,0.3362022019736772,13.825365018844604,14.362543749926209,13.288186287762999,13.81599352827801,14.422693115248574,15.067859728456302,15.148624996335005,16.445100784301758
2020-10-20,13.574300107953537,13.643355111529385,13.426323890686035,13.426323890686035,1881200,0.0,0,0.0,0.3362022019736772,13.815499877929687,14.37418947782852,13.256810278030855,13.81599352827801,14.422693115248574,15.067859728456302,15.148624996335005,16.187679290771484
2020-10-21,13.238888160401466,13.663085322606904,13.189562755828115,13.554569244384766,4215900,0.0,0,0.009551784594418633,0.339413532987099,13.824871635437011,14.358630385651864,13.291112885222159,13.79626291706026,14.422693115248574,15.067859728456302,15.148624996335005,16.078771591186523
2020-10-22,13.584164994313564,13.95903580956062,13.56443445624591,13.899846076965332,3153900,0.0,0,0.025473095186968386,0.34805944622062457,13.844108486175537,14.35902387468385,13.329193097667225,13.594028988429478,14.324042633904686,15.067859728456302,15.148624996335005,16.00946807861328
2020-10-23,14.05768720666781,14.087282074204133,13.78146624778644,13.988632202148438,3036100,0.0,0,0.0063875617536686136,0.3502826974273065,13.859399366378785,14.372386133318429,13.346412599439141,13.638422415016123,14.176067204109458,14.981767678823207,15.148624996335005,15.969861030578612
2020-10-26,13.850521110113869,13.929441383269763,13.278348659331687,13.465784072875977,2019700,0.0,0,-0.03737664424347076,0.33719030566092273,13.834243535995483,14.372293636105223,13.296193435885744,13.638422415016123,13.855453664347054,14.89868126543018,15.148624996335005,16.197580337524414
2020-10-27,13.396729420058271,14.353638933149265,12.952802636724565,14.185933113098145,9741300,0.0,0,0.053479918905929846,0.35522321586353456,13.852493906021119,14.412067920577096,13.292919891465141,13.653220784936915,13.771601128419853,14.735908830641375,15.047136708315815,17.068843841552734
2020-10-28,13.75187013873482,13.97876662702875,13.584165265826948,13.73214054107666,8769800,0.0,0,-0.03198891242497748,0.3438600115199571,13.839669322967529,14.397916034395061,13.281422611539996,13.653220784936915,13.771601128419853,14.597798678975472,14.909026556649913,17.781692504882812
2020-10-29,13.633489655052417,13.899846277994966,13.485514380620234,13.67294979095459,6700100,0.0,0,-0.004310380449793261,0.3423778440488358,13.823885202407837,14.382244668110712,13.265525736704962,13.653220784936915,13.771601128419853,14.543540019059819,14.85476789673426,17.078744888305664
2020-10-30,13.524974592670032,13.722275273291723,13.130373231426647,13.32767391204834,4334400,0.0,0,-0.025252479105472125,0.333731954695816,13.785411500930786,14.368905979796617,13.201917022064956,13.653220784936915,13.771601128419853,14.449822163626372,14.761050041300813,17.34606170654297
2020-11-02,14.40296442062398,14.55093970229183,13.72227586702252,13.840656280517578,8492000,0.0,0,0.038490014975943954,0.346577302630009,13.76173539161682,14.293040427769006,13.230430355464636,13.751871169508197,13.771601128419853,14.449822163626372,14.761050041300813,18.9301815032959
2020-11-03,13.939306856619664,14.274718492842966,13.90971198895404,14.047821998596191,4490400,0.0,0,0.014967911483375618,0.3517648410179221,13.760748863220215,14.289823353563392,13.231674372877038,13.751871169508197,13.771601128419853,14.449822163626372,14.761050041300813,18.771766662597656
2020-11-04,13.88998168800816,14.284583066325023,13.69268099884973,13.840656280517578,3921900,0.0,0,-0.014747177042769732,0.3465773026300091,13.742005348205566,14.229829893104629,13.254180803306504,13.751871169508197,13.771601128419853,14.400496922954428,14.761050041300813,18.910375595092773
2020-11-05,14.018227489157256,14.176068041812586,13.742006522010426,13.93930721282959,3771000,0.0,0,0.007127619551601461,0.34904757378837603,13.72671456336975,14.166849180604396,13.286579946135104,13.751871169508197,13.771601128419853,14.326509208056814,14.761050041300813,19.09849166870117
2020-11-06,13.92944152627192,14.166202348170236,13.860386521752549,13.988632202148438,3087700,0.0,0,0.0035385538582182186,0.3502826974273066,13.74792447090149,14.195635380390842,13.300213561412138,13.751871169508197,13.771601128419853,14.111944608779886,14.761050041300813,19.44501495361328
2020-11-09,14.698913532560754,15.85312362617353,14.402962998447776,15.428927421569824,5664700,0.0,0,0.10296183348077292,0.38634844619101294,13.831284093856812,14.693634392528123,12.968933795185501,14.49174842880009,14.402963131449049,14.111944608779886,14.761050041300813,19.296506881713867
2020-11-10,15.409197934232738,15.567038480729767,14.945540623294804,15.103382110595703,3977700,0.0,0,-0.02109967219879494,0.3781966206218688,13.900832748413086,14.92475692594223,12.876908570883941,14.49174842880009,14.402963131449049,14.111944608779886,14.761050041300813,19.41531562805176
2020-11-11,15.132977747017144,15.40919871742626,15.034326930040503,15.369738578796388,5270500,0.0,0,0.01763555117987936,0.3848663264809032,13.986658716201783,15.187699141841982,12.785618290561583,14.49174842880009,14.402963131449049,14.166202438175613,14.761050041300813,19.890548706054688
2020-11-12,15.251356291239,15.251356291239,14.511478077124824,14.619993209838867,8217000,0.0,0,-0.04878061946947143,0.3660923086622249,14.030558109283447,15.256814087439874,12.80430213112702,14.77290231251163,14.402963131449049,14.210594906137473,14.761050041300813,19.534122467041016
2020-11-13,14.738374241633643,15.576903296485918,14.738374241633643,15.537443161010742,5556800,0.0,0,0.06275310378081822,0.38906573730106486,14.11983675956726,15.503628901833338,12.736044617301182,14.77290231251163,14.402963131449049,14.30677951485368,14.761050041300813,19.544025421142575
2020-11-16,15.853123454289111,16.474622203438532,15.784068455851974,16.445026397705078,6746700,0.0,0,0.05841265047854227,0.4117920982272083,14.270771884918213,15.949655789329878,12.591887980506549,15.08365160114413,14.71371242008155,14.254987639647386,14.761050041300813,20.02915954589844
2020-11-17,16.10961569765008,16.553543400557178,15.912314078222993,16.425296783447266,2827600,0.0,0,-0.0011997313826486167,0.4112980583238384,14.420720529556274,16.297448375308306,12.543992683804241,15.147774961283801,14.753173018640872,14.227858591269587,14.761050041300813,20.11826515197754
2020-11-18,16.435197868877683,16.514403564383077,15.99956559939164,16.049068450927734,3646200,0.06,0,-0.02290542067396184,0.4018771032755472,14.545445489883424,16.50596163773611,12.584929342030737,15.206964961154863,14.753173018640872,14.227858591269587,14.761050041300813,20.38558387756348
2020-11-19,15.91045951843262,16.009467113418097,15.682743371854984,15.910459518432615,6781700,0.0,0,-0.008636571830878181,0.3984062628059227,14.645976161956787,16.669639988501345,12.622312335412229,15.478253199502477,14.753173018640872,14.227858591269587,14.761050041300813,20.543994903564453
2020-11-20,15.920360249868065,16.08867259252639,15.524331763734583,15.593636512756348,5464300,0.0,0,-0.019912875885779502,0.3904728483425511,14.726226377487183,16.766663806796366,12.685788948178002,15.532510738841001,14.753173018640872,14.166202126425429,14.761050041300813,20.34598159790039
2020-11-23,15.643137542393182,16.088669746532847,15.464924283054827,15.989662170410156,4311400,0.0,0,0.02539661978973551,0.4003895388101219,14.852420282363891,16.877393253833066,12.827447310894717,15.532510738841001,14.753173018640872,14.166202126425429,14.761050041300813,20.662805557250977
2020-11-24,16.405496987604632,16.514405540108765,16.1480779743122,16.445100784301758,3347800,0.0,0,0.02848331684795813,0.41179396090665843,14.965378665924073,17.080085485351557,12.850671846496589,15.532510738841001,14.753173018640872,14.119343321763292,14.761050041300813,20.02915954589844
2020-11-25,16.346090676462644,16.435197316965507,16.029267905080324,16.187679290771484,4504400,0.0,0,-0.015653384975056195,0.4053479915061833,15.088155603408813,17.187107208773902,12.989203998043724,15.64595882109541,14.753173018640872,14.119343321763292,14.761050041300813,20.37568473815918
2020-11-27,16.14807633997926,16.177779184495904,15.524331712431891,16.078771591186523,3247400,0.0,0,-0.006727814261000886,0.4026208855082599,15.20844669342041,17.243280940677057,13.173612446163762,16.009233841806,14.753173018640872,14.109478016154416,14.761050041300813,20.712308883666992
2020-11-30,16.088673781694336,16.385694696145066,15.92036142659548,16.00946807861328,26169300,0.0,0,-0.0043102492115274504,0.40088548915395344,15.342536401748657,17.208646978001706,13.476425825495607,16.009233841806,14.753173018640872,13.959035811167082,14.761050041300813,20.633102416992188
2020-12-01,16.32628756606299,16.59360746767627,15.959961972070746,15.969861030578612,4812500,0.0,0,-0.0024739765144089487,0.3998937078688192,15.448996639251709,17.198293262532896,13.699700015970523,16.02926587536555,14.773205052200417,13.90724480956279,14.643124038790223,20.73210906982422
2020-12-02,15.910458518944674,16.286686978572423,15.860955668768083,16.197580337524414,3322100,0.0,0,0.014259316753588047,0.4055959189170875,15.55648455619812,17.20865401904132,13.904315093354922,16.02926587536555,14.773205052200417,13.746938039681588,14.47695121200417,21.01923370361328
2020-12-03,16.237183074629577,17.138148590727532,16.128276420960372,17.068843841552734,4464300,0.0,0,0.05378973191507441,0.4274128146614859,15.717893934249878,17.296344376948387,14.13944349155137,16.30153643689118,15.134260911077089,13.712410956678383,14.393098676076969,21.425161361694336
2020-12-04,17.157947965565377,17.821296291969634,17.078742279804235,17.781692504882812,11160300,0.0,0,0.041763148690522556,0.4452629195924283,15.910013198852539,17.511209153465764,14.308817244239313,16.64311028751223,15.475834761698142,13.712410956678383,14.393098676076969,21.583574295043945
2020-12-07,17.652986669883198,17.662887618167115,16.98963824216322,17.078744888305664,4746300,0.0,0,-0.039532098330016696,0.42766074207239013,16.0645188331604,17.4776885787057,14.651349087615097,16.672814002200763,15.475834761698142,13.712410956678383,14.393098676076969,22.14791679382324
2020-12-08,17.029238972098568,17.50447307376517,16.860926658373426,17.34606170654297,2783700,0.0,0,0.015652017755727776,0.4343544956007349,16.160375547409057,17.64707621022418,14.673674884593932,16.672814002200763,15.756988645409681,13.712410956678383,14.393098676076969,21.910295486450195
2020-12-09,17.494576042126795,18.959882461038635,17.38566749463575,18.9301815032959,14853700,0.0,0,0.09132446451262166,0.4740216873201219,16.351715517044067,18.192231975228978,14.511199058859155,17.242107086735263,16.32628172994418,13.761736148964026,14.393098676076969,22.058807373046875
2020-12-10,18.751966655207955,18.89057614899948,18.504448622915817,18.771766662597656,5675600,0.0,0,-0.008368374105164333,0.4700548965066659,16.52181692123413,18.58571646744006,14.457917375028199,17.41041906490336,16.32628172994418,13.761736148964026,14.393098676076969,22.058807373046875
2020-12-11,18.583651910328467,18.920276541711385,18.405438648018396,18.910375595092773,4326700,0.0,0,0.007383904508641237,0.47352573697629036,16.736336040496827,18.85667102745031,14.616001053543341,17.41041906490336,16.35094449152453,13.761736148964026,14.393098676076969,21.56377220153809
2020-12-14,19.039085983189427,19.30640590275429,18.969781238505053,19.09849166870117,4581900,0.0,0,0.009947770347682017,0.4782362622614474,16.91438846588135,19.195874454607168,14.632902477155529,17.583680785761185,16.58339621225342,13.761736148964026,14.393098676076969,21.51426696777344
2020-12-15,19.18759598743883,19.53412159145877,18.821270377107485,19.44501495361328,7229300,0.0,0,0.01814401319869674,0.48691338731601447,17.06438789367676,19.587181361757196,14.54159442559632,17.831199006209573,16.968542294953274,13.761736148964026,14.393098676076969,21.286550521850582
2020-12-16,19.464819230642632,19.59352967368908,19.138095481358896,19.296506881713867,3611100,0.0,0,-0.00763733390042054,0.4831946671964973,17.207948398590087,19.892337331359393,14.523559465820782,18.227228166031253,17.052503875406952,14.44735578012457,14.402963131449049,22.761756896972656
2020-12-17,19.405414679859483,19.50442227336947,19.25690423380089,19.41531562805176,2690100,0.0,0,0.006157007953106808,0.48616970060532494,17.37626075744629,20.170005265094204,14.582516249798374,18.227228166031253,17.052503875406952,14.44735578012457,14.402963131449049,22.959774017333984
2020-12-18,19.39551265441253,19.910350601339413,19.316306961686298,19.890548706054688,7598400,0.0,0,0.024477226490013715,0.49806978647962363,17.575265216827393,20.48878783411949,14.661742599535298,18.38563862985642,17.21091433923212,14.44735578012457,14.402963131449049,22.7320556640625
2020-12-21,19.405413922390967,19.66283290010377,19.09849209406185,19.534122467041016,3560500,0.0,0,-0.017919376900104145,0.48914468625314084,17.772289514541626,20.655603115141194,14.888975913942058,18.648009047987582,17.324362421486526,14.587932721980339,14.402963131449049,22.108308792114254
2020-12-22,19.64303302095156,19.791543476458585,19.3559111703468,19.544025421142575,2318300,0.0,0,0.0005069566917208501,0.48939266142505655,17.950007677078247,20.809719571377485,15.090295782779009,19.157894624678903,17.687637442197122,14.587932721980339,14.402963131449049,22.59344482421875
2020-12-23,19.712336753644205,20.088565235755706,19.662833900509284,20.02915954589844,2501600,0.0,0,0.024822630665996437,0.5015406747102598,18.12921061515808,21.038544365121183,15.219876865194975,19.24700194188705,17.77674475940527,14.89868201061284,14.71371242008155,21.89049530029297
2020-12-24,20.167769890965424,20.197470845945453,20.02915851021205,20.11826515197754,993800,0.0,0,0.004448794063220962,0.5037719258863746,18.325739908218384,21.214650480798248,15.436829335638519,19.50937061152647,17.83119756450014,14.950473989962337,14.753173018640872,22.30632781982422
2020-12-28,20.2766753466122,20.63310189269813,20.15786775685861,20.38558387756348,9143500,0.0,0,0.013287364669197776,0.510465727175731,18.541080522537232,21.368683921729463,15.713477123345003,19.72718613490281,18.049013087876478,14.980068989897868,14.753173018640872,22.46473693847656
2020-12-29,20.484591109707253,21.07863471351693,20.22717215177597,20.543994903564453,10939900,0.0,0,0.007770737740571798,0.5144324224671639,18.76780686378479,21.47016555816249,16.065448169407095,20.08856340378939,18.27177949828588,15.115713109071674,14.753173018640872,22.46473693847656
2020-12-30,20.563798675959884,20.742011962222115,20.20737210343542,20.34598159790039,3220900,0.0,0,-0.009638500525022353,0.5094740652931257,18.98661289215088,21.44219460286224,16.53103118143952,20.08856340378939,18.27177949828588,15.142841878740937,14.753173018640872,22.59344482421875
2020-12-31,20.326180892188564,20.732110302102768,20.246975199727565,20.662805557250977,4188200,0.0,0,0.015571819812482346,0.517407503637003,19.209874153137207,21.40614841734223,17.013599888932184,20.08856340378939,18.30148321297441,15.142841878740937,14.753173018640872,23.08848190307617
2021-01-04,20.65290607051015,20.722210820264163,19.979656692763516,20.02915954589844,4274200,0.0,0,-0.030666020139272776,0.5015406747102599,19.357889938354493,21.343816221441628,17.371963655267358,20.08856340378939,18.30148321297441,15.142841878740937,14.753173018640872,23.058780670166016
2021-01-05,20.05886195282308,20.405387582439225,19.999458152675743,20.37568473815918,8098600,0.0,0,0.017301035096687345,0.5102178475258383,19.48758955001831,21.38047326658916,17.59470583344746,20.217272941931867,18.30148321297441,15.199565919868142,14.753173018640872,22.900367736816406
2021-01-06,20.59349939803425,20.99942881729266,20.50439275591287,20.712308883666992,4424600,0.0,0,0.016520875240938038,0.5186470929305126,19.66926774978638,21.275379851454442,18.063155648118315,20.37073430701311,18.469795191142506,15.381203430223437,14.753173018640872,23.543916702270508
2021-01-07,21.048932768521304,21.068734663454272,20.59349862712625,20.633102416992188,2289600,0.0,0,-0.003824125408696699,0.5166637214042903,19.833619785308837,21.085387270749933,18.58185229986774,20.529145703140223,18.469795191142506,15.381203430223437,14.753173018640872,23.177589416503903
2021-01-08,20.742010016844933,20.949924239042268,20.504391065172904,20.73210906982422,6985400,0.0,0,0.004798437521954746,0.5191428999913094,19.923716163635255,21.16157475051019,18.68585757676032,20.529145703140223,18.469795191142506,15.401235463782983,14.773205052200417,23.1082820892334
2021-01-11,20.454892815491128,21.029134652859124,20.345984262199845,21.01923370361328,2746900,0.0,0,0.0138492727788595,0.5263326516244972,20.036089515686037,21.242566350721155,18.829612680650918,20.529145703140223,18.60345556723865,15.401235463782983,14.773205052200417,22.860763549804688
2021-01-12,21.068736661168327,21.534069905739603,21.03903381595249,21.425161361694336,3842500,0.0,0,0.019312200616108832,0.536497293383478,20.161828804016114,21.39696457287875,18.926693035153477,20.75686329925156,19.197498282056515,15.717898673984134,15.045475613726047,23.14788818359375
2021-01-13,21.36575907986848,21.63307904059265,21.237050518267736,21.583574295043945,4491100,0.0,0,0.00739378017627601,0.5404640364359224,20.28608293533325,21.567961605502024,19.00420426516448,20.806367866678084,19.24700284948304,16.059472524605184,15.3870494643471,23.36570167541504
2021-01-14,21.633078776870605,22.306328200822065,21.50436832842598,22.14791679382324,3749800,0.0,0,0.026146850890627515,0.5545954690083592,20.42122802734375,21.87972148937409,18.96273456531341,21.14299244679279,19.583627429597747,16.074324381949452,15.3870494643471,23.24689483642578
2021-01-15,21.999402129550404,22.197417311642575,21.63307649761643,21.910295486450195,3200500,0.0,0,-0.01072883330676555,0.548645306668681,20.551917457580565,22.05214620519042,19.05168870997071,21.152893176748904,19.84599784772891,16.214901323805222,15.3870494643471,24.078554153442383
2021-01-19,22.07860738012721,22.246919714992583,21.93009694075487,22.058807373046875,6076300,0.0,0,0.006778178171468419,0.5523641223102213,20.684092044830322,22.226153870871954,19.14203021878869,21.326156231510957,20.35588342442023,16.784194408339722,15.9563425488816,22.47463798522949
2021-01-20,22.16771402143316,22.21721876016573,21.83108935170241,22.058807373046875,2734100,0.0,0,0.0,0.5523641223102213,20.79250497817993,22.400364365678666,19.184645590681196,21.326156231510957,20.35588342442023,16.868350397423768,15.9563425488816,22.18751716613769
2021-01-21,21.92019689298285,22.029105434253268,21.504366512619985,21.56377220153809,5062000,0.0,0,-0.022441610878458307,0.5399681816141141,20.893987464904786,22.424891347503454,19.363083582306118,21.326156231510957,20.563799288964773,16.880681778213944,15.9563425488816,22.910268783569336
2021-01-22,21.405360317411382,21.62317550654821,21.23704797949252,21.51426696777344,3563800,0.0,0,-0.0022957594479280363,0.538728544559593,20.992499542236327,22.411564498225896,19.57343458624676,21.326156231510957,20.563799288964773,17.083538499007304,16.129604269739428,24.642894744873047
2021-01-25,21.40536000682762,21.732083729998585,21.197443880220987,21.286550521850582,2562000,0.0,0,-0.010584438980140831,0.5330264051528418,21.055369091033935,22.407259539344413,19.703478642723457,21.67268100838728,20.70241014744196,17.399870650581423,16.243462114091667,23.918397903442383
2021-01-26,21.46476300067849,23.751828977163267,21.326153513743847,22.761756896972656,10016600,0.0,0,0.06930227486166807,0.569966347591271,21.187543678283692,22.660002134412473,19.71508522215491,22.47463642869213,21.42516053561256,17.639866020719104,16.273166155206823,23.68020439147949
2021-01-27,22.336027496355623,23.286497755994574,22.17761610115126,22.959774017333984,5685400,0.0,0,0.008699553433314522,0.5749248002873324,21.316253185272217,22.93060899087536,19.701897379669074,22.47463642869213,21.42516053561256,17.639866020719104,16.273166155206823,24.76199150085449
2021-01-28,23.266695531653514,23.741929710570357,22.49443857460408,22.7320556640625,4999300,0.0,0,-0.009918144364119752,0.5692226131195699,21.425656223297118,23.11161299618674,19.739699450407496,22.47463642869213,21.42516053561256,17.798276484544267,16.43157661903199,26.06212043762207
2021-01-29,22.67264955824236,22.890466617739214,22.07860595079762,22.108308792114254,2421800,0.0,0,-0.027439087831125586,0.5536036638427192,21.513772583007814,23.1476586791584,19.879886486857227,22.47463642869213,21.553870073755036,17.986185734737056,16.43157661903199,25.6055850982666
2021-02-01,22.336025853838205,22.692452411043984,22.177614470282894,22.59344482421875,2732600,0.0,0,0.021943606662375714,0.5657517248889339,21.6103045463562,23.259903969467057,19.960705123245344,22.47463642869213,21.707331438836277,18.422766033438013,16.43157661903199,25.784229278564453
2021-02-02,22.761757939878976,22.77165888774404,21.751883918594757,21.89049530029297,3963800,0.0,0,-0.031112985620159295,0.5481494996078842,21.70337133407593,23.18544720949031,20.221295458661547,22.47463642869213,21.86574283496339,18.51187335064616,16.520683936240136,25.86362648010254
2021-02-03,21.870695513811704,22.39543447079071,21.761786965205356,22.30632781982422,2617000,0.0,0,0.018996030643750883,0.5585621642997922,21.79990348815918,23.169562017652837,20.430244958665526,22.47463642869213,21.86574283496339,18.670284088013304,16.575136741335008,25.943021774291992
2021-02-04,22.306325550300777,22.54394263256446,22.27662270686305,22.46473693847656,2820000,0.0,0,0.007101532799655086,0.5625288118302135,21.88752489089966,23.18949434553113,20.585555436268187,22.47463642869213,21.86574283496339,18.88809961138964,16.792952264711346,26.41940689086914
2021-02-05,22.54394263256446,22.732054975765266,22.23701891561275,22.46473693847656,2454700,0.0,0,0.0,0.5625288118302135,21.979106616973876,23.166714343626765,20.791498890320987,22.53899124545356,21.86574283496339,19.180171451037637,17.01571867512075,26.091894149780277
2021-02-08,22.54394197501246,22.642949561837693,22.31622584720328,22.59344482421875,3221700,0.0,0,0.005729329753323187,0.5657517248889339,22.072173404693604,23.138611649383808,21.0057351600034,22.74690681458256,21.86574283496339,19.180171451037637,17.01571867512075,26.409482955932617
2021-02-09,22.69245342646674,23.098382851043,22.30632589782414,23.08848190307617,2359800,0.0,0,0.021910650753300454,0.5781477133460526,22.175635814666748,23.214230122102304,21.137041507231192,22.74690681458256,21.86574283496339,19.1950233083819,17.01571867512075,25.82392883300781
2021-02-10,23.23699206618663,23.30629870112059,22.87066643788498,23.058780670166016,2227400,0.0,0,-0.0012864090863503597,0.5774039788743516,22.25731678009033,23.303987682782914,21.21064587739775,22.529091309857673,21.875643564919507,19.1950233083819,17.01571867512075,26.032346725463867
2021-02-11,23.06868007592888,23.345900954588465,22.75185729369663,22.900367736816406,4046100,0.0,0,-0.006869961409302405,0.5734372358219071,22.323156452178956,23.3574771667555,21.28883573760241,22.54889243659161,22.048906619681556,19.25937807745314,17.01571867512075,25.98272132873535
2021-02-12,22.890469226143715,23.56371671032527,22.860766381442392,23.543916702270508,2933400,0.0,0,0.02810212363618425,0.589552039920566,22.392956447601318,23.552793853520484,21.23311904168215,22.65780031446001,22.048906619681556,19.42026474907781,17.01571867512075,25.09943008422852
2021-02-16,23.563716959642605,23.73202930457203,23.14788657148831,23.177589416503903,1352900,0.0,0,-0.015559317950325502,0.580379012283179,22.456321144104002,23.64222248608793,21.270419802120074,22.74690813488869,22.048906619681556,19.499470447141363,17.01571867512075,24.811613082885746
2021-02-17,23.078579247530623,23.21719062039765,22.880565968083232,23.1082820892334,1478600,0.0,0,-0.0029902733207083365,0.5786435204068495,22.50879487991333,23.712630122085056,21.304959637741607,22.98452411009239,22.048906619681556,19.499470447141363,17.01571867512075,25.218524932861328
2021-02-18,23.068677771722385,23.147883459369016,22.860763549804688,22.860763549804688,3049500,0.0,0,-0.010711247961787462,0.5724455261782901,22.54889268875122,23.74339010485883,21.35439527264361,22.98452411009239,22.39543139655788,19.566300635189435,17.01571867512075,25.307846069335938
2021-02-19,22.979575826942423,23.22709388740537,22.88057011348759,23.14788818359375,2862000,0.0,0,0.012559713203083911,0.579635277811478,22.628098487854004,23.758488926691502,21.497708049016506,23.019177601198088,22.47463642869213,19.97718079065404,17.332221568583126,24.33523178100586
2021-02-22,23.06867891570136,23.54391495356072,22.93997037504762,23.36570167541504,3466400,0.0,0,0.009409648521443437,0.5850894420463132,22.720670223236084,23.770571000096172,21.670769446375996,23.019177601198088,22.47463642869213,20.026685358080563,17.38172613600965,25.07958221435547
2021-02-23,23.50431383540788,23.514214784031758,22.840965384911318,23.24689483642578,1878300,0.0,0,-0.005084668144773263,0.5821144563984971,22.818687438964844,23.65748851755217,21.979886360377517,23.24194329913433,22.47463642869213,20.36330993819527,17.718350716124355,24.96048164367676
2021-02-24,23.20729150075362,24.137957953113432,23.16768770869776,24.078554153442383,5235900,0.0,0,0.03577507115976042,0.6029396424992786,22.88452730178833,23.887687639901444,21.88136696367522,23.44490762340503,22.667700916667208,20.499445512238907,17.9995045998359,25.13912582397461
2021-02-25,23.969645231668387,23.969645231668387,22.147914259627004,22.47463798522949,4654700,0.0,0,-0.06661181389845161,0.5627767392411177,22.860270500183105,23.878492588179714,21.842048412186497,23.142936106370218,22.667700916667208,20.841019827965596,17.9995045998359,25.337621688842773
2021-02-26,22.5340428031252,22.672652302555075,21.83109058084623,22.18751716613769,3793500,0.0,0,-0.012775325648426206,0.555587083129953,22.833043575286865,23.892272112798004,21.773815037775726,22.984524266979832,22.667700916667208,20.841019827965596,17.9995045998359,25.367393493652344
2021-03-01,22.534042200149973,23.048880167703,22.43503460817243,22.910268783569336,2913400,0.0,0,0.03257469558309567,0.5736851632328113,22.87314157485962,23.878363436964598,21.86791971275464,22.984524266979832,22.667700916667208,20.944977760237865,18.024167361416247,24.900938034057617
2021-03-02,23.722127360576607,24.801306134815157,23.662723561451497,24.642894744873047,9637400,0.0,0,0.07562660995694248,0.617071027310704,22.975614070892334,24.234762248860832,21.716465892923836,23.316198357830693,22.999375007518072,20.944977760237865,18.083357361287305,25.347545623779297
2021-03-03,24.503952185156805,24.662746374132645,23.888623283143392,23.918397903442383,7069700,0.06,0,-0.029399826965596065,0.5989292458822867,23.077009201049805,24.295828217566648,21.858190184532962,23.316198357830693,23.063729824279502,21.18754557791462,18.35464559963492,25.377317428588867
2021-03-04,24.811613354701606,24.910860186715585,23.412238512934504,23.68020439147949,10501400,0.0,0,-0.009958589740185486,0.5929647552391463,23.145703029632568,24.337304016008442,21.954102043256693,23.37097538378091,23.33137205265517,21.949898482152342,19.131653527144046,25.39716911315918
2021-03-05,23.878696756241645,24.79176422611583,23.432088840538263,24.76199150085449,11792800,0.0,0,0.045683182944326495,0.6200532726322739,23.26056575775146,24.602579385369403,21.91855213013352,23.37097538378091,23.33137205265517,21.949898482152342,19.131653527144046,25.07958221435547
2021-03-08,24.910861661255908,26.340011205115136,24.811614823367243,26.06212043762207,6502200,0.0,0,0.052505023140918095,0.6526091840604334,23.440434932708737,25.20934506438689,21.671524801030582,24.085550892980685,24.045947561854945,21.949898482152342,19.131653527144046,25.12920188903809
2021-03-09,25.84377826041526,26.141516873637176,25.49641528300573,25.6055850982666,7441900,0.0,0,-0.017517198588969607,0.6411772993822614,23.59104194641113,25.55066175067206,21.631422142150203,24.085550892980685,24.045947561854945,22.014253251223582,19.245101609398453,25.387243270874023
2021-03-10,25.7941541515002,25.893400987881684,25.446791170652983,25.784229278564453,4033000,0.0,0,0.006976766186449934,0.6456506434841108,23.725829315185543,25.891036704226117,21.560621926144968,24.085550892980685,24.045947561854945,22.090983933764203,19.60837663010905,25.496416091918945
2021-03-11,25.95294844393172,26.05219528073925,25.764379643295005,25.86362648010254,3644400,0.0,0,0.003079293186556198,0.647638791111487,23.86607160568237,26.199023988802065,21.53311922256268,24.38752290664378,24.050899085160246,22.17018963182776,19.60837663010905,25.11927795410156
2021-03-12,26.08196809339032,26.24076226409483,25.903324178103777,25.943021774291992,3653100,0.0,0,0.0030697665020229525,0.6496268909778518,24.01820430755615,26.474361148549644,21.562047466562657,24.87612485902482,24.085550892980685,22.17018963182776,19.60837663010905,24.623044967651367
2021-03-15,25.833852660761035,26.488879105801303,25.80407804308616,26.41940689086914,5569900,0.0,0,0.018362745894513255,0.6615558245031207,24.161978816986082,26.82081565398736,21.503141979984804,24.950558809367905,24.159984843323766,22.17018963182776,19.60837663010905,25.11927795410156
2021-03-16,26.389632760119213,26.389632760119213,25.81400339194825,26.091894149780277,3289800,0.0,0,-0.012396672735376812,0.6533547334505732,24.307694053649904,27.053726677620446,21.56166142967936,24.950558809367905,24.159984843323766,22.202367040208475,19.60837663010905,24.930709838867188
2021-03-17,26.161366812094023,26.51865277199796,25.8140038321248,26.409482955932617,3267500,0.0,0,0.012171933717392225,0.661307323960078,24.472754096984865,27.306978973976502,21.638529219993227,24.97537080626811,24.174871676422093,22.306324824772975,19.60837663010905,25.407093048095703
2021-03-18,26.369783594967373,26.53850264933276,25.72468199638536,25.82392883300781,2676200,0.0,0,-0.02217211612593384,0.6466447411783046,24.620912361145017,27.41157639794595,21.830248324344083,25.675058736350003,24.184796615089496,22.306324824772975,19.63808034479758,25.24829864501953
2021-03-19,25.833854935746043,26.230840408157743,25.506341684384385,26.032346725463867,5141600,0.0,0,0.008070727494789987,0.6518636346702937,24.765135288238522,27.534209917724002,21.99606065875304,25.99264690999287,24.184796615089496,22.202367437388588,19.63808034479758,25.337621688842773
2021-03-22,26.062118414287088,26.062118414287088,25.684980838184465,25.98272132873535,3949300,0.0,0,-0.0019062974710603031,0.6506209886720455,24.895986270904537,27.63502167059733,22.156950871211745,25.99264690999287,24.184796615089496,22.298899528136584,19.63808034479758,25.39716911315918
2021-03-23,25.823928771795984,25.91325073524687,25.02003110073799,25.09943008422852,2099800,0.0,0,-0.03399533225682427,0.6285029119888759,24.988613033294676,27.62036797209384,22.35685809449551,25.779266875035376,24.184796615089496,22.353353467070782,19.806392322965674,25.992647171020508
2021-03-24,25.158976044641317,25.43686489966509,24.722291124349287,24.811613082885746,3591800,0.0,0,-0.011467073171658404,0.6212958231084991,25.025265979766846,27.6251854199051,22.425346539628592,25.630396886841023,24.184796615089496,22.397907377285122,19.806392322965674,25.456714630126957
2021-03-25,24.642895549749447,25.297922023877582,24.43447889569775,25.218524932861328,2427400,0.0,0,0.016400056240448935,0.6314851095494345,25.162460327148438,27.48100180863575,22.843918845661126,25.486490772515253,24.184796615089496,22.516715364886974,19.806392322965674,25.536113739013672
2021-03-26,25.48648999152504,25.60558467766717,25.000182588330205,25.307846069335938,4719000,0.0,0,0.0035418858443310164,0.6337217577198534,25.31847677230835,27.18717766887689,23.449775875739814,25.486490772515253,24.184796615089496,22.689977753325135,19.94005269906182,25.5758113861084
2021-03-29,25.248299263762267,25.35746907955396,24.0771907649034,24.33523178100586,5234800,0.0,0,-0.038431334127187466,0.6093669851052531,25.389724922180175,26.96909045858515,23.8103593857752,25.30784670711808,24.184796615089496,22.74690701494511,20.306377817768347,25.8040771484375
2021-03-30,24.40470594801162,25.14905443713037,24.34515859891543,25.07958221435547,2825700,0.0,0,0.03058735745967245,0.6280059109027903,25.411559295654296,26.96047624327871,23.862642348029883,25.30784670711808,24.184796615089496,22.74690701494511,20.306377817768347,26.439254760742188
2021-03-31,24.990256259965864,25.17882504384528,24.83146209237556,24.96048164367676,1733500,0.0,0,-0.004748905689925476,0.6250235700591973,25.463663482666014,26.87026131427677,24.057065651055257,25.15401558653057,24.184796615089496,22.858289863913228,20.306377817768347,27.4416446685791
2021-04-01,25.08950335593854,25.20859803641544,24.861235081235485,25.13912582397461,2625600,0.0,0,0.007157080654455417,0.6294969141610466,25.53660955429077,26.69211208324326,24.38110702533828,25.069654589595245,24.184796615089496,23.05630427003612,20.76181272387459,27.86840438842773
2021-04-05,25.307847069642428,25.40709390733426,25.119278267325544,25.337621688842773,6196200,0.0,0,0.007895893686122646,0.6344673548710045,25.56539106369019,26.669257842595357,24.46152428478502,24.995220750075134,24.184796615089496,22.905318511518715,21.271698300565916,27.779083251953125
2021-04-06,25.377318366358622,25.55596228911988,25.26814665956543,25.367393493652344,3919500,0.0,0,0.001175003920067308,0.6352128565001326,25.530654716491703,26.61309675642266,24.448212676560747,24.841387721285287,24.486768628752593,22.82611259182352,21.271698300565916,27.10420608520508
2021-04-07,25.287998638915937,25.397170355353342,24.682596494158886,24.900938034057617,3875300,0.0,0,-0.018387993220960852,0.6235325668009409,25.495422363281254,26.61153291946141,24.379311807101097,24.841387721285287,24.97537058113363,22.82611259182352,21.47961416511046,27.42179298400879
2021-04-08,24.89101094448392,25.36739347620229,24.74214163994392,25.347545623779297,2785000,0.0,0,0.017935372117742876,0.6347158554140472,25.473588180541995,26.583242111470213,24.363934249613777,24.841387721285287,24.97537058113363,23.157786682674384,21.811288255961323,27.798933029174805
2021-04-09,25.45671451432925,25.5261867277301,25.119276426688675,25.377317428588867,3539400,0.0,0,0.0011745438888426385,0.6354613570431753,25.44927272796631,26.544743328059205,24.353802127873415,24.81657652701164,24.97537058113363,23.189964091055096,21.9498991144385,27.88825416564941
2021-04-12,25.337621767549496,25.51626380437854,25.16890271084208,25.39716911315918,3034100,0.0,0,0.0007822609551295656,0.6359584536512838,25.42198009490967,26.49356825069082,24.35039193912852,24.950560444017654,24.985295744935513,23.35117371821804,22.004676140388717,27.243152618408203
2021-04-13,25.208601786226566,25.39717060016996,24.980335370544413,25.07958221435547,3147900,0.0,0,-0.012504814902349004,0.6280059109027903,25.35498886108399,26.33105598945062,24.37892173271736,25.11927939163938,25.30784670711808,23.35117371821804,22.004676140388717,26.985111236572266
2021-04-14,25.12920188903809,25.506339474891604,25.049804801433535,25.12920188903809,4033100,0.0,0,0.0019784888862390826,0.629248413618004,25.306854248046875,26.225467636940994,24.388240859152756,25.11927939163938,25.30784670711808,24.065749227417815,22.719251649588493,27.01488494873047
2021-04-15,25.32769592753763,25.496414977804,25.129202259115107,25.387243270874023,4058100,0.0,0,0.010268586442790939,0.6357099053472295,25.255742263793945,26.023057776318396,24.488426751269493,25.11927939163938,25.30784670711808,24.065749227417815,22.847961187730967,26.94541358947754
2021-04-16,25.54603856470497,25.70483274919144,25.317772161127667,25.496416091918945,2851400,0.0,0,0.004300302316406768,0.6384436501257569,25.239366626739503,25.97020605639257,24.508527197086437,25.193714621675163,25.30784670711808,24.065749227417815,23.00142255281221,27.21337890625
2021-04-19,25.3773189716923,25.40709359052137,25.02003111764728,25.11927795410156,1936400,0.0,0,-0.014791809815847823,0.628999913074961,25.19371318817139,25.82733265186669,24.56009372447609,25.193714621675163,25.30784670711808,24.219210995902014,23.159833948939326,26.7568416595459
2021-04-20,24.99025768424248,25.000182556904495,24.35508097768045,24.623044967651367,2960000,0.0,0,-0.019755065705189367,0.6165739784636067,25.12572937011719,25.69384883143349,24.557609908800895,25.029956863435945,25.30784670711808,24.480837876002752,23.159833948939326,26.90571594238281
2021-04-21,24.59327293895301,25.149052572930632,24.434478757816557,25.11927795410156,1726200,0.0,0,0.020153193364270017,0.6289999130749611,25.12672176361084,25.694722036726912,24.558721490494765,25.029956863435945,25.30784670711808,24.555271826345837,23.234267899282408,27.272924423217773
2021-04-22,25.258223058210497,25.38724261426507,24.84138787968484,24.930709838867188,2141600,0.0,0,-0.007506908263005263,0.624278068430069,25.132676601409912,25.689608443286513,24.57574475953331,25.029956863435945,25.30784670711808,24.555271826345837,23.234267899282408,27.004961013793945
2021-04-23,25.069654947140823,25.55596235311087,24.871161278469984,25.407093048095703,3193500,0.0,0,0.01910828902616446,0.6362069541943265,25.14210500717163,25.710918891696153,24.573291122647106,25.029956863435945,25.30784670711808,24.5751212413451,23.249154732380738,27.342397689819336
2021-04-26,25.426942566633784,25.53611237975013,25.218524027091853,25.24829864501953,5676000,0.0,0,-0.006250002815181288,0.6322306589395741,25.13912763595581,25.705024562721807,24.57323070918981,25.029956863435945,25.15401558653057,24.92992767571975,23.259079671048138,27.232986450195312
2021-04-27,25.24829972421772,25.436866633558623,25.069655794967616,25.337621688842773,8078300,0.0,0,0.0035377846673585456,0.6344673548710045,25.189247131347656,25.62212479119815,24.756369471497162,25.029956863435945,25.069654589595245,25.088721762541184,23.26898040100425,27.063899993896484
2021-04-28,25.44679158567125,25.635360388573886,25.317772021354276,25.39716911315918,2960700,0.0,0,0.002350158394804236,0.6359584536512838,25.20512647628784,25.644071537213186,24.766181415362496,25.029956863435945,24.995220750075134,25.088721762541184,23.442243455766302,26.884870529174805
2021-04-29,25.5956617284475,26.03234476878985,25.51626274695699,25.992647171020508,1738000,0.0,0,0.023446631205553903,0.6508695369760997,25.256734752655028,25.800054985213702,24.713414520096354,25.19371287323515,25.054767766846624,24.982031745062436,23.442243455766302,26.77545928955078
2021-04-30,25.883474677788687,25.883474677788687,25.39716728879476,25.456714630126957,1973900,0.0,0,-0.02061862100336853,0.6374495046705516,25.272614192962646,25.819849518844414,24.725378867080877,25.19371287323515,25.054767766846624,24.90759675096526,23.442243455766302,26.884870529174805
2021-05-03,25.625435704575327,25.71475767013698,25.35746980789037,25.536113739013672,2315800,0.0,0,0.0031189849138171244,0.6394377000589393,25.28253879547119,25.841334081724803,24.723743509217577,25.233411763303202,25.054767766846624,24.835643693802375,23.442243455766302,26.69588851928711
2021-05-04,25.53611189628977,25.744530431885835,25.21852354964421,25.5758113861084,3436900,0.0,0,0.001554568854934102,0.6404317499921216,25.292959690093994,25.865451859546337,24.72046752064165,25.436866324237347,25.054767766846624,24.835643693802375,23.788768232642624,25.44265365600586
2021-05-05,25.635358106747912,25.91324884981777,25.37731710810644,25.8040771484375,2665600,0.0,0,0.008925064346270828,0.6461476445701961,25.33811664581299,25.92228177965332,24.753951511972655,25.45175302362992,25.18875168385264,24.74632166110379,23.86797326477687,25.999645233154297
2021-05-06,25.94302249035002,26.538501593415795,25.79415318782755,26.439254760742188,3699900,0.0,0,0.024615397351776647,0.6620528255892061,25.392702102661133,26.15055297405046,24.634851231271806,25.804078694191706,25.446791285548123,24.74632166110379,23.86797326477687,25.552064895629883
2021-05-07,26.508727453397785,27.47141928681048,26.508727453397785,27.4416446685791,5141200,0.0,0,0.03791294107598264,0.6871531953549574,25.495918464660644,26.670666949418706,24.32116997990258,26.27053754088905,25.913250132245466,24.669406100810033,23.86797326477687,25.621686935424805
2021-05-10,27.53096629119872,28.20584248565676,27.451569203202236,27.86840438842773,6784500,0.0,0,0.015551535813641326,0.6978394828819782,25.619480228424074,27.186128092536237,24.05283236431191,26.712183017650485,26.280461731668606,24.62722560234237,23.86797326477687,25.164155960083008
2021-05-11,27.650063689997083,27.88825496105313,27.193529000741023,27.779083251953125,5170400,0.0,0,-0.0032051040751976956,0.6956028347115593,25.754455280303954,27.56132191032389,23.94758865028402,26.712183017650485,26.280461731668606,24.590008682582315,23.86797326477687,24.756357192993164
2021-05-12,27.749307658272475,27.868404236104183,27.10420608520508,27.10420608520508,5399300,0.0,0,-0.02429443623560157,0.6787035559983556,25.853205490112305,27.72794375390642,23.97846722631819,26.712183017650485,26.280461731668606,24.66407817501894,23.86797326477687,24.318721771240234
2021-05-13,27.12405439465276,27.72945833838257,27.02480756720882,27.42179298400879,2904800,0.0,0,0.011717255167162488,0.686656098746849,25.954932975769044,27.936441848313546,23.97342410322454,26.712183017650485,26.280461731668606,24.90837915120946,23.86797326477687,24.865766525268555
2021-05-14,27.570666630777,27.878330119616475,27.46149492155372,27.798933029174805,2000600,0.0,0,0.013753296343019805,0.6960998835586563,26.070058822631836,28.195567118316383,23.94455052694729,26.712183017650485,26.280461731668606,24.90837915120946,23.86797326477687,24.68673515319824
2021-05-17,27.729459989474364,27.967651253736936,27.481343852578863,27.88825416564941,2479000,0.0,0,0.00321311384076739,0.6983365317290752,26.20850763320923,28.4279450977793,23.98907016863916,26.7915797968816,26.280461731668606,24.895973554072636,23.9323280815383,24.587270736694336
2021-05-18,27.898179069097772,27.99742400958488,27.223302873120424,27.243152618408203,2106600,0.0,0,-0.023131657629389846,0.6821828501670226,26.33951301574707,28.476029177527444,24.202996853966695,26.999997836742153,26.280461731668606,24.967928094476584,24.145193283963756,24.82598114013672
2021-05-19,26.995036109079333,26.995036109079333,26.49880384158137,26.985111236572266,3061600,0.0,0,-0.009471788579328289,0.675721358437797,26.432804679870607,28.509514588792634,24.35609477094858,27.352323163619065,26.280461731668606,25.21356304937873,24.145193283963756,25.18404769897461
2021-05-20,26.97518735022681,27.213378620176552,26.677446843057687,27.01488494873047,1731800,0.0,0,0.0011033385001524287,0.6764669078279367,26.537013435363768,28.50706879219053,24.566958078537006,27.352323163619065,26.280461731668606,25.21356304937873,24.145193283963756,24.477861404418945
2021-05-21,26.51865350736487,27.05458530154618,26.44918128803974,26.94541358947754,4113400,0.0,0,-0.0025715955994176642,0.6747273085046147,26.61392946243286,28.519914432447404,24.707944492418317,27.223302648812307,26.280461731668606,25.21356304937873,24.145193283963756,24.27893447875977
2021-05-24,27.213378906250004,27.33247548896481,26.895790542978457,27.21337890625,2934100,0.0,0,0.0099447468446765,0.681437300776883,26.712183475494385,28.52583242082951,24.89853453015926,27.223302648812307,26.280461731668606,25.250780664396622,24.145193283963756,24.537540435791016
2021-05-25,27.223301179916938,27.31262313518051,26.707219192388703,26.7568416595459,1756600,0.0,0,-0.016776205860980054,0.6700053683376994,26.78314447402954,28.48236268367061,25.083926264388474,27.223302648812307,26.280461731668606,25.250780664396622,24.150144807269058,24.7762508392334
2021-05-26,26.77669448416937,26.975188161585745,26.61790029942668,26.90571594238281,1876900,0.0,0,0.005563970693222675,0.6737332585714323,26.858571815490723,28.433050314594926,25.28409331638652,27.223302648812307,26.320160621736658,25.168901785277015,24.184796615089496,24.60716438293457
2021-05-27,27.23322682695745,27.362246381023304,27.08435752827351,27.272924423217773,1999100,0.0,0,0.013647972855333812,0.6829283517961507,26.922585678100585,28.454094316147383,25.391077040053787,27.223302648812307,26.523615182670802,25.168901785277015,24.184796615089496,24.16952514648437
2021-05-28,27.38209862404502,27.38209862404502,26.885866321170667,27.004961013793945,1963700,0.0,0,-0.009825253986906812,0.6762184072848939,26.999997997283934,28.3741149288904,25.62588106567747,27.223302648812307,26.538501882063372,25.168901785277015,24.184796615089496,24.12973976135254
2021-06-01,27.372172307893575,27.431719651066157,27.10420642415313,27.342397689819336,2954200,0.0,0,0.01249535875474983,0.6846679988804842,27.090312194824218,28.292657559057346,25.88796683059109,26.94045046955295,26.637749140312188,25.168901785277015,24.184796615089496,23.66226577758789
2021-06-02,27.40207373712552,27.481644113498117,27.183255676377723,27.232986450195312,5418300,0.06,0,-0.004001523233815085,0.6819282839755143,27.173170948028563,28.1520594182084,26.194282477848727,26.96541270076893,26.637749140312188,25.09198622498326,24.184796615089496,24.17947196960449
2021-06-03,27.08379306287704,27.23298728601623,26.89481459888422,27.063899993896484,2537800,0.0,0,-0.006208884090184497,0.677694270302492,27.236162090301512,27.98822855375798,26.484095626845043,26.96541270076893,26.712183017650485,25.049805726515594,24.184796615089496,24.16952514648437
2021-06-04,27.113635152101665,27.223045144417835,26.666050544542465,26.884870529174805,4560400,0.0,0,-0.006615065262658204,0.6732112784763115,27.258442878723145,27.936782860033595,26.580102897412694,27.0497722064624,26.712183017650485,25.012588806755538,24.184796615089496,23.562801361083984
2021-06-07,27.044010041576136,27.14347349385673,26.725728511964263,26.77545928955078,4762900,0.0,0,-0.004069621220801234,0.6704715635713415,27.225133609771728,27.929433138784756,26.5208340807587,27.0497722064624,26.712183017650485,25.124240320040887,24.184796615089496,23.88108253479004
2021-06-08,26.675997079944636,26.894817064576973,26.377608606310265,26.884870529174805,1707500,0.0,0,0.00408625071341806,0.6732112784763115,27.17595691680908,27.828645487624826,26.523268345993337,26.92962635990419,26.712183017650485,25.124240320040887,24.184796615089496,23.77167320251465
2021-06-09,26.884868886163822,27.08379389072731,26.566585464068684,26.69588851928711,1734200,0.0,0,-0.007029307047717315,0.6684790696919152,27.121797180175783,27.744042972534125,26.49955138781744,26.92962635990419,26.712183017650485,25.144089765074913,24.184796615089496,23.63242530822754
2021-06-10,26.17868015867347,26.34776745638816,25.412814051547667,25.44265365600586,2939500,0.0,0,-0.046944864276602716,0.6370974104934786,27.03871955871582,28.00271921153385,26.074719905897787,26.44722908252289,26.7915797968816,25.245817045541983,24.184796615089496,23.085378646850582
2021-06-11,25.581900273838627,26.01953830195682,25.502329895736,25.999645233154297,2989100,0.0,0,0.021892039434218358,0.6510447721274402,26.967612171173094,28.01521779568056,25.92000654666563,26.44722908252289,26.809328268602215,25.32025235374128,24.184796615089496,23.980546951293945
2021-06-14,25.99964760181832,26.148843734322096,25.462547974970672,25.552064895629883,3229300,0.0,0,-0.017214863261044377,0.6398371253984485,26.85526876449585,28.00062929002212,25.709908238969582,26.44722908252289,26.809328268602215,25.625434989869916,24.184796615089496,24.21925926208496
2021-06-15,25.562009624904256,25.71120384975938,25.44265310675566,25.621686935424805,1742600,0.0,0,0.0027247128589920067,0.6415804978416821,26.741940402984618,27.904628493969913,25.579252311999323,26.322900668781948,26.809328268602215,26.09189383656726,24.651254933828355,23.920867919921875
2021-06-16,25.54211668859728,25.621687068741203,24.935391354307665,25.164155960083008,4131600,0.0,0,-0.017857176090509852,0.6301236819154863,26.63799057006836,27.964899243134845,25.311081897001877,26.07921824936275,26.466407681946272,26.496322374659545,25.018466533251495,24.01038360595703
2021-06-17,25.124371381919936,25.293458674598583,24.37839836665072,24.756357192993164,1943400,0.0,0,-0.01620554123638085,0.6199121866041848,26.526552867889404,28.076381175011953,24.976724560766854,25.760935930253726,26.187911188117802,26.496322374659545,25.018466533251495,24.26898956298828
2021-06-18,24.358506013394454,24.696680608689235,24.3087752364248,24.318721771240234,3833000,0.0,0,-0.017677698634789185,0.6089535657893628,26.391744709014894,28.198908099943203,24.584581318086585,25.696284563576057,26.15309962300484,26.496322374659545,25.320438546914595,24.000438690185547
2021-06-21,24.577322722963878,24.895606128057555,24.408237331815183,24.865766525268555,1699400,0.0,0,0.022494798829240548,0.6226518537481431,26.287762355804443,28.193269118151278,24.382255593457607,25.696284563576057,26.15309962300484,26.496322374659545,25.809040499295634,23.920867919921875
2021-06-22,24.706628223698864,24.736467829449797,24.34856054311819,24.68673515319824,1542800,0.0,0,-0.007199913659946322,0.6181688141609509,26.161430168151856,28.139170967361228,24.183689368942485,25.32827134640648,26.15309962300484,26.496322374659545,25.809040499295634,23.51306915283203
2021-06-23,24.81603724429381,24.84587495177077,24.497753820048352,24.587270736694336,1228800,0.0,0,-0.004029063214987971,0.6156781729311623,26.052951622009278,28.124959072044433,23.980944171974123,25.228809485373446,26.15309962300484,26.5360207642751,25.809040499295634,23.562801361083984
2021-06-24,24.6668403813236,24.885660347522258,24.52759269163899,24.82598114013672,4105100,0.0,0,0.00970869870018265,0.6216556068084299,25.948964881896973,28.048212906969127,23.84971685682482,25.228809485373446,25.895209674961457,26.64022978420538,25.81896566309751,23.503124237060547
2021-06-25,24.91549696876053,25.303404211438888,24.796142353403653,25.18404769897461,4682100,0.0,0,0.014423057715894139,0.630621781504837,25.844521045684814,27.87592932959859,23.813112761771038,25.00998954309209,25.895209674961457,26.816392447643835,26.14151662528008,23.41360664367676
2021-06-28,25.124370960725777,25.14426402943859,24.22920373683113,24.477861404418945,2240400,0.0,0,-0.028041016400410346,0.6129385057872039,25.718166065216064,27.75959368222383,23.676738448208297,24.925445402786167,25.855423925164622,26.816392447643835,26.14151662528008,22.975969314575195
2021-06-29,24.4778613714047,24.627055592334678,24.26898794441678,24.27893447875977,1567300,0.0,0,-0.00812680987005121,0.607957271088638,25.564992904663086,27.554455704358784,23.575530104967388,24.76630397413501,25.855423925164622,26.751882190240458,26.14151662528008,22.99586296081543
2021-06-30,24.179472762256665,24.557433505900164,24.179472762256665,24.537540435791016,1325000,0.0,0,0.010651454134343652,0.6144329000772794,25.43022060394287,27.310492808986062,23.54994839889968,24.741438486847777,25.830558437877393,26.751882190240458,26.14151662528008,23.055540084838867
2021-07-01,24.73646659732144,24.845874685409967,24.48780891977224,24.7762508392334,1478000,0.0,0,0.00972837534662574,0.6204103339545469,25.315838146209718,27.056344902355434,23.575331390064,24.741438486847777,25.830558437877393,26.751882190240458,26.14151662528008,22.816829681396484
2021-07-02,24.816037825704704,24.865768604069807,24.557433604569464,24.60716438293457,947000,0.0,0,-0.006824537634688377,0.6161763202815246,25.201952838897704,26.80840761864977,23.595498059145637,24.741438486847777,25.830558437877393,26.771731635274485,26.14151662528008,23.09532356262207
2021-07-06,24.51764626939824,24.627056252998816,23.8611901620098,24.16952514648437,2776100,0.0,0,-0.017785033238275405,0.6052176039446794,25.071656131744383,26.56395445769974,23.579357805789027,24.582297186724347,25.67141713775396,26.873458915741555,26.14151662528008,23.304197311401367
2021-07-07,24.08000709066085,24.318720115766148,23.851242496801294,24.12973976135254,1083600,0.0,0,-0.001646097095027943,0.6042213570049663,24.93389959335327,26.224191006825425,23.643608179881117,24.57732335412009,25.666443305149706,26.88090226543784,26.14151662528008,23.035648345947266
2021-07-08,23.692103485087205,23.90097692312012,23.294251575866827,23.66226577758789,2604200,0.0,0,-0.019373353728140086,0.5925155629256122,24.78221845626831,25.90962625779113,23.654810654745493,24.298827893652856,25.387947844682472,26.78909980493257,26.14151662528008,22.88645362854004
2021-07-09,24.06011734707745,24.24909581559652,23.9507073621714,24.17947196960449,2127200,0.0,0,0.021857847294846966,0.6054666776198606,24.71905937194824,25.832694669929325,23.605424073967157,24.21925780265271,25.263619430941528,26.80158092054056,26.14151662528008,22.79693603515625
2021-07-12,24.0999013013231,24.189418215704023,23.851243627399977,24.16952514648437,1088600,0.0,0,-0.00041137470382401897,0.6052176039446794,24.627553367614745,25.594926995912836,23.660179739316654,24.08001008996832,25.25864836014233,26.838797859209706,26.14151662528008,22.697471618652344
2021-07-13,24.099900942259804,24.13968708010633,23.523015223237454,23.562801361083984,1401200,0.0,0,-0.025102842597163666,0.5900249216958235,24.52809019088745,25.503904056192393,23.552276325582508,24.08001008996832,25.218862534861778,26.88097761205644,26.14151662528008,22.328489303588867
2021-07-14,23.642371402438236,23.99049251519991,23.56280102498763,23.88108253479004,2281800,0.0,0,0.013507781559102927,0.5979948494525176,24.44105997085571,25.315368297020363,23.56675164469106,24.08001008996832,25.18902273329707,26.88097761205644,26.14151662528008,22.43818664550781
2021-07-15,23.632425512456365,23.92086742716388,23.552855132836275,23.77167320251465,1846500,0.0,0,-0.004581422643466948,0.5952551823085592,24.371435832977294,25.225655427002835,23.517216238951754,24.08001008996832,25.18902273329707,26.82090468877734,26.14151662528008,22.43818664550781
2021-07-16,23.900976048539864,24.030277202889792,23.572747998305072,23.63242530822754,1821300,0.0,0,-0.005857723732815678,0.5917683419000689,24.315239238739014,25.208204168757163,23.422274308720866,23.96065391443282,24.821009516127493,26.82090468877734,26.14151662528008,22.52794075012207
2021-07-19,23.055540938693376,23.264412484224216,22.826776322986,23.085378646850582,2777000,0.0,0,-0.02314813880683264,0.5780700061802769,24.253572082519533,25.296562569621063,23.210581595418002,23.572748219376074,24.487810028654046,26.619404439702244,26.14151662528008,21.740110397338867
2021-07-20,23.174894712758626,24.020331193075464,23.10527086681033,23.980546951293945,2500600,0.0,0,0.03877641853474589,0.6004854906823065,24.209311103820802,25.21886645416002,23.199755753481586,23.53793606929126,24.487810028654046,26.628278675562555,26.275500542286096,21.87972640991211
2021-07-21,24.23915233248949,24.50770119452011,24.099902736765436,24.21925926208496,1951400,0.0,0,0.009954414771099929,0.6064629723205857,24.185937309265135,25.171293567174637,23.200581051355634,23.667238758753054,24.26899008637269,26.628278675562555,26.280461731668606,21.18164825439453
2021-07-22,24.189418668087,24.2689890493462,23.791566761791,23.920867919921875,2808600,0.0,0,-0.012320415704464405,0.5989910963922309,24.152617168426513,25.126309750645266,23.17892458620776,23.667238758753054,24.2242316958636,26.56611446869208,26.280461731668606,21.6104679107666
2021-07-23,24.10984705171253,24.15957972314401,23.84129631730491,24.01038360595703,1017900,0.0,0,0.0037421587851587113,0.6012326161858269,24.111837291717528,25.03583201242376,23.187842571011295,23.667238758753054,24.065090267212444,26.27281296565451,26.280461731668606,21.32126235961914
2021-07-26,24.000438809139403,24.28888263300099,23.89103071828464,24.26898956298828,2099200,0.0,0,0.010770588311928897,0.6077082451744684,24.066084384918213,24.852119102443417,23.28004966739301,23.667238758753054,24.065090267212444,25.974423559185766,26.280461731668606,21.401042938232425
2021-07-27,24.09990214264856,24.249096372789285,23.75178100758181,24.000438690185547,2898400,0.0,0,-0.011065597605773081,0.6009835902716573,24.042213249206544,24.805190507149646,23.27923599126344,23.667238758753054,24.065090267212444,25.92469209329045,26.25730886104078,21.49079704284668
2021-07-28,24.169525598495312,24.249095979754514,23.54290908321756,23.920867919921875,2379800,0.0,0,-0.0033153881598093626,0.5989910963922309,24.02430992126465,24.780937465916494,23.267682376612804,23.667238758753054,24.065090267212444,25.92469209329045,26.25730886104078,21.151729583740234
2021-07-29,24.07006371103148,24.3485590930237,23.433498772676035,23.51306915283203,3268200,0.0,0,-0.01704782487219947,0.5887796010809294,23.9730863571167,24.722394557667386,23.223778156566013,23.667238758753054,24.065090267212444,25.74068548470566,26.25730886104078,20.92236328125
2021-07-30,23.523015223237454,23.821405565764,23.38376753498956,23.562801361083984,2031400,0.0,0,0.002115087908290514,0.5900249216958238,23.91241388320923,24.583372374929542,23.241455391488916,23.80648603066522,24.065090267212444,25.690954554189144,26.25730886104078,20.553380966186523
2021-08-02,23.642373834755624,24.21925960489912,23.46333999279598,23.503124237060547,4990800,0.0,0,-0.0025326837462543716,0.5885305751667598,23.857211875915528,24.468882317943436,23.24554143388762,23.945734364754834,24.065090267212444,25.56200958016745,26.25730886104078,20.78274726867676
2021-08-03,23.63242470588692,23.63242470588692,23.00580632779601,23.41360664367676,2990000,0.0,0,-0.0038087529334772663,0.5862890076121523,23.819415950775145,24.442657916896067,23.196173984654223,23.677182710409852,23.985520176212297,25.452599609026773,26.25730886104078,20.22428703308105
2021-08-04,23.21468045248233,23.304197366335945,22.926236641819028,22.975969314575195,4760000,0.0,0,-0.018691581171658478,0.5753303390363187,23.76172742843628,24.46836734835077,23.05508750852179,23.637397867421363,23.846272463527903,25.390434663975395,26.217523111243946,19.835357666015625
2021-08-05,23.10527104940989,23.31414448601301,22.87650644031257,22.99586296081543,1972200,0.0,0,0.0008658457873031988,0.575828486386681,23.728407287597655,24.510356236047333,22.946458339147977,23.612532766668135,23.846272463527903,25.310863949649814,26.217523111243946,20.25420379638672
2021-08-06,23.20473431142233,23.334035468566004,22.92623703058768,23.055540084838867,3464300,0.0,0,0.002595124354547007,0.577322832915745,23.672210693359375,24.477864242015453,22.866557144703297,23.612532766668135,23.846272463527903,25.285998462362585,26.192657623956713,19.90516471862793
2021-08-09,23.035647760994227,23.055540831077906,22.70741969304383,22.816829681396484,5859100,0.0,0,-0.01035371119323103,0.5713453990384775,23.60457592010498,24.458104455983385,22.751047384226577,23.527989393033764,23.786594148556816,25.285998462362585,26.192657623956713,20.2342586517334
2021-08-10,22.796935119325767,23.12516316579468,22.707418206915385,23.09532356262207,4360900,0.0,0,0.012205634398570808,0.5783190320944467,23.581202030181885,24.463462901740158,22.69894115862361,23.527988649969544,23.667237229957102,25.285998462362585,26.192657623956713,20.02483558654785
2021-08-11,23.13511001864396,23.314143845929152,22.886452346771744,23.304197311401367,2029600,0.0,0,0.00904398451976407,0.5835493404681938,23.552357769012453,24.4311931421117,22.673522395913206,23.46333890590725,23.607559700717747,25.126857162239155,26.033516323833283,19.935083389282227
2021-08-12,23.23457525762033,23.33403681634924,22.88645411074628,23.035648345947266,4184400,0.0,0,-0.011523630780568284,0.5768247333263943,23.51555652618408,24.416185255388157,22.614927796980005,23.46333890590725,23.607559700717747,25.121883329634898,26.028542491229025,19.41651153564453
2021-08-13,23.005808255343037,23.19478862773996,22.806883244968844,22.88645362854004,1519500,0.0,0,-0.006476688442479839,0.5730888192427227,23.478257942199708,24.417813956693767,22.53870192770565,23.169921456401152,23.607559700717747,24.843387869167664,25.75004703076179,19.246976852416992
2021-08-16,22.78698950036579,22.9162925555342,22.57811796108879,22.79693603515625,2417600,0.0,0,-0.003911378968393664,0.5708472516881151,23.46383581161499,24.435726691942584,22.4919449312874,22.956077388719017,23.54290957780445,24.74143861679712,25.75004703076179,19.47634696960449
2021-08-17,22.558223931725564,22.816828133952047,22.488600088262174,22.697471618652344,2393100,0.0,0,-0.0043630607354654405,0.5683566104583263,23.39968204498291,24.396022805322897,22.403341284642924,22.911318452305707,23.498150641391142,24.669329225055325,25.75004703076179,19.86527442932129
2021-08-18,22.567829744337303,22.64760989125345,22.21879279039713,22.328489303588867,6950000,0.06,0,-0.01625653822870099,0.5591170994928756,23.305143547058105,24.33117691947367,22.27911017464254,22.776414803373186,23.36324699245862,24.649436312415048,25.75004703076179,19.66582298278809
2021-08-19,22.12903882876013,22.53791229990958,22.07917505050492,22.43818664550781,3695100,0.0,0,0.004912886869659738,0.5618639785495764,23.231009483337402,24.28259662196256,22.179422344712243,22.706605933427078,23.293438122512512,24.634516411632696,25.75004703076179,19.78549575805664
2021-08-20,22.378352013710217,22.48804852165437,22.258680848006367,22.43818664550781,2956700,0.0,0,0.0,0.5618639785495764,23.152399635314943,24.194091518750678,22.110707751879207,22.706605933427078,23.293438122512512,24.634516411632696,25.75004703076179,19.39656639099121
2021-08-23,22.637639166046757,22.727392069601724,22.44816060275196,22.52794075012207,7433600,0.0,0,0.004000060523261073,0.5641114684696149,23.06534719467163,24.00408933215851,22.12660505718475,22.706605933427078,23.293438122512512,24.390831715280157,25.75004703076179,19.326757431030277
2021-08-24,22.647610298103466,22.707446835947056,21.73013954314037,21.740110397338867,13414200,0.0,0,-0.034971254653132666,0.5443837826530113,22.952330780029296,23.956267403953948,21.948394156104644,22.532088179744804,23.11892036883024,24.03027912401506,25.51630940432138,19.13728141784668
2021-08-25,21.740109728017607,21.96947931180546,21.41101638844488,21.87972640991211,10248600,0.0,0,0.006422047083548099,0.547879840936729,22.85027370452881,23.854623409731133,21.845923999326487,22.302902508092423,22.959358791482494,24.01287304897265,25.51630940432138,19.39656639099121
2021-08-26,21.86975318684498,21.93956057524701,21.14175913335423,21.18164825439453,6678200,0.0,0,-0.03190525066169614,0.5303995972791525,22.733702659606934,23.928652454059172,21.538752865154695,22.029025844444213,22.745159113188965,23.96811442256287,25.51630940432138,19.41651153564453
2021-08-27,21.22153993358417,21.66032978913557,21.151730640915385,21.6104679107666,2478100,0.0,0,0.020244867218163876,0.5411374666986366,22.636085987091064,23.8630657421864,21.40910623199573,21.97929363365314,22.745159113188965,23.945735227308326,25.51630940432138,19.366649627685547
2021-08-30,21.62043931748693,21.710192214636407,21.26142772888903,21.32126235961914,2753700,0.0,0,-0.013382660308034144,0.5338956078018586,22.526992893218996,23.813419437008672,21.24056634942932,21.934575601477977,22.745159113188965,23.86616451298275,25.41210016628544,19.147253036499023
2021-08-31,21.23151179805395,21.560605126951465,21.191620775347022,21.401042938232425,2341400,0.0,0,0.003741831851587829,0.5358933553925544,22.426364707946778,23.734545203249777,21.11818421264378,21.934575601477977,22.745159113188965,23.86616451298275,25.41210016628544,19.406538009643555
2021-09-01,21.560606336500097,21.6603300946446,21.061979937342556,21.49079704284668,4032200,0.0,0,0.004193912645907183,0.5381408453125929,22.35210609436035,23.695585439774224,21.00862674894648,21.89468600347214,22.705269515183126,23.86616451298275,25.41210016628544,19.50626373291016
2021-09-02,21.550632199189568,21.670301462137456,20.99216929840396,21.151729583740234,4183100,0.0,0,-0.015777332894189033,0.5296504180521359,22.259899425506593,23.666348783619355,20.85345006739383,21.859780684002843,22.67036419571383,23.86616451298275,25.41210016628544,19.59601593017578
2021-09-03,21.08192357703368,21.141760114534133,20.812666766716696,20.92236328125,3812500,0.0,0,-0.010843855656444856,0.5239069653704028,22.153240585327147,23.62491307865516,20.681568091999132,21.760056801331878,22.515963185807905,23.86616451298275,25.41210016628544,19.57607078552246
2021-09-07,20.78274865534891,20.992170831860108,20.52346269720973,20.553380966186523,3233600,0.0,0,-0.01763578569511537,0.5146674544049522,22.04006814956665,23.6345922374966,20.4455440616367,21.246471004507598,22.371361151054423,23.935788148938833,25.41210016628544,19.266923904418945
2021-09-08,20.59326871535042,20.842581900529257,20.553379594818303,20.78274726867676,4023300,0.0,0,0.011159541238863868,0.5204109070866854,21.924439334869383,23.53158680627482,20.317291863463947,21.23151163622837,22.077943701548325,24.00541231598364,25.154210218242056,19.62593460083008
2021-09-09,20.7328861783777,20.82263717850419,20.22428703308105,20.22428703308105,3247400,0.0,0,-0.026871338441256443,0.5064267694738378,21.770443820953368,23.40951177791778,20.131375863988957,20.96723962385873,21.779161924715147,23.831351443311075,25.154210218242056,19.715686798095703
2021-09-10,20.24423116355145,20.25420391984608,19.755577517767385,19.835357666015625,4804300,0.0,0,-0.019230807317422438,0.4966877738497017,21.610429286956787,23.34722546525836,19.873633108655213,20.732884866201896,21.544807167058313,23.741835165474633,25.154210218242056,19.70571517944336
2021-09-13,20.03480886556857,20.483573385547466,19.88522132627853,20.25420379638672,3868900,0.0,0,0.021116137022762826,0.507175900939843,21.478816795349122,23.20771794040354,19.749915650294703,20.71293948995242,21.544807167058313,23.729402615098017,25.154210218242056,19.84532928466797
2021-09-14,20.34395647756716,20.383847502065606,19.77552269322545,19.90516471862793,3089400,0.0,0,-0.017232920201042723,0.49843577911105474,21.334228229522704,23.081788443205532,19.586668015839876,20.71293948995242,21.544807167058313,23.729402615098017,25.154210218242056,20.00489044189453
2021-09-15,19.94505444920775,20.25420226058006,19.8752470629729,20.2342586517334,2515600,0.0,0,0.016533092680086847,0.5066764640421692,21.211067581176756,22.9026669814262,19.519468180927312,20.71293948995242,21.544807167058313,23.65729177079529,25.094531903270973,19.695741653442383
2021-09-16,20.3240106573174,20.36390168121132,19.99491731862741,20.02483558654785,2780200,0.0,0,-0.010349925282170158,0.5014324004970985,21.09588489532471,22.78108798149499,19.410681809154426,20.448668816150757,21.544807167058313,23.597612939963323,25.09453116020675,19.6159610748291
2021-09-17,19.81541411758949,20.114589198930105,19.80544136126364,19.935083389282227,5658400,0.0,0,-0.004482044153506948,0.49918495833807147,20.970729732513426,22.609238442796396,19.332221022230456,20.373874174813746,21.544807167058313,23.535449303312497,25.09453116020675,19.5461540222168
2021-09-20,19.50626444075809,19.605990102229686,19.117336453338527,19.41651153564453,4058100,0.0,0,-0.02601302655781701,0.48619964675956046,20.819645977020265,22.44611851651812,19.19317343752241,19.979959176933892,21.156062540539246,23.535449303312497,25.09453116020675,19.346702575683597
2021-09-21,19.54615381150487,19.54615381150487,19.077443812899784,19.246976852416992,4211300,0.0,0,-0.008731469755332233,0.48195440924882615,20.65559778213501,22.219764134296604,19.09143142997342,19.950040495701987,20.996868184216993,23.38874057855945,25.09453116020675,19.366649627685547
2021-09-22,19.436455946433917,19.60598899069152,19.39656682537201,19.47634696960449,2718200,0.0,0,0.011917202319422504,0.48769795745258215,20.54240961074829,22.103874197457923,18.980945024038657,19.780508599223623,20.947135973425915,23.249493483261734,24.90555262355251,20.63315963745117
2021-09-23,19.665823122762607,19.974972838139426,19.5561266160531,19.86527442932129,3280400,0.0,0,0.01996922011729274,0.49743690531570683,20.44168701171875,21.900540883092628,18.98283314034487,19.780508599223623,20.902417941250754,23.204734546848425,24.855822616340006,20.19436836242676
2021-09-24,19.77552139082543,19.93508167409323,19.645879373961076,19.66582298278809,2471900,0.0,0,-0.010040205950480496,0.49244253633896745,20.365895748138428,21.820553591541408,18.911237904735447,19.730645657482697,20.902417941250754,23.069830897915903,24.68113314212693,21.10186767578125
2021-09-27,19.825384881068725,19.95502881060273,19.735633878764343,19.78549575805664,1710800,0.0,0,0.00608531742471663,0.4954392054860226,20.27464714050293,21.63011259839877,18.919181682607086,19.720672747055552,20.902417941250754,23.000022027969795,24.581484470616115,20.872501373291016
2021-09-28,19.805439858789647,19.9749728992506,19.36664812428329,19.39656639099121,4684700,0.0,0,-0.01965729703320973,0.48570020986188644,20.178412342071532,21.495321899500482,18.861502784642582,19.720672747055552,20.902417941250754,23.000022027969795,24.581484470616115,20.872501373291016
2021-09-29,19.49629047437741,19.57607061818144,19.197115410639483,19.326757431030277,3173800,0.0,0,-0.003599036992101734,0.4839521568395219,20.074698066711427,21.313716400920498,18.835679732502356,19.596016505914946,20.89244532442342,23.000022027969795,24.21347125344654,20.77277565002441
2021-09-30,19.36664910118472,19.386594613329432,19.117335905701964,19.13728141784668,5574100,0.0,0,-0.009803818041374202,0.4792075779531367,19.957022285461427,21.075675849981646,18.838368720941208,19.52620835607519,20.523461562352622,22.82550427428752,23.939491638731234,21.281373977661133
2021-10-01,19.286867981837464,19.56609943145217,19.117334941376505,19.39656639099121,3142900,0.0,0,0.013548683717569787,0.4857002098618864,19.869264125823975,20.866842331566684,18.871685920081266,19.52620835607519,20.508502194073397,22.63113064978746,23.77993006138349,20.76280212402344
2021-10-04,19.306815019923683,19.596017345871648,19.306815019923683,19.41651153564453,2849400,0.0,0,0.0010282822356941779,0.4861996467595603,19.7939715385437,20.682482764953775,18.905460312133627,19.54615392031355,20.393818013768097,22.38709247881659,23.426481491556807,21.032060623168945
2021-10-05,19.49629165593318,19.55612819399404,19.21706208675096,19.366649627685547,3832300,0.0,0,-0.0025680157770590073,0.4849510783958812,19.734634971618654,20.568620649094782,18.900649294142525,19.54615392031355,20.393818013768097,22.362226373421052,23.38172310104772,21.111841201782227
2021-10-06,19.027581872848383,19.21706042274997,18.708461305924835,19.147253036499023,3551800,0.0,0,-0.011328577498138093,0.4794572725214678,19.652860260009767,20.37128679452222,18.934433725497314,19.341717102587715,20.189381384031144,22.33986735733347,23.222581672396558,21.012115478515625
2021-10-07,19.32675786405203,19.57607105678913,19.22703410864416,19.406538009643555,3754700,0.0,0,0.013541627754658947,0.48594990443021757,19.61197280883789,20.28697168512521,18.936973932550572,19.341717102587715,20.189381384031144,22.33986735733347,23.222581672396558,21.032060623168945
2021-10-08,19.466374611034297,19.695742292619467,19.39656722117,19.50626373291016,2172000,0.0,0,0.005138769378497443,0.48844708891858735,19.595518112182617,20.263873205657493,18.92716301870774,19.341717102587715,20.189381384031144,22.299977759327632,23.182692074390722,21.59052276611328
2021-10-11,19.5461540540966,19.63590695272604,19.406537377279328,19.59601593017578,4298500,0.0,0,0.004601198799244921,0.49069453107761424,19.56260871887207,20.158088136696186,18.967129301047954,19.20210179927215,19.925110710229482,22.265072439858336,23.147786754921427,21.780000686645508
2021-10-12,19.63590732046848,19.984946165885507,19.5361816643338,19.57607078552246,5633100,0.0,0,-0.0010178163114578087,0.4901950941799403,19.546154022216797,20.12044632521228,18.971861719221312,19.346703735905173,19.85031606889247,22.13800999356989,23.058035489077792,21.90999984741211
2021-10-13,19.57607174163773,19.645881035817634,19.14725463289951,19.266923904418945,2484400,0.0,0,-0.015792080264245167,0.4824538939075114,19.497787284851075,19.988075122483973,19.007499447218176,19.346703735905173,19.775521603227048,21.80891607778101,22.91343345432431,21.170000076293945
2021-10-14,19.40653777650753,19.70571474546318,19.32675763187443,19.62593460083008,3782800,0.0,0,0.0186335243857374,0.491443710304631,19.477842235565184,19.90903784279865,19.046646628331718,19.346703735905173,19.76554924221451,21.65472766888835,22.91343345432431,20.959999084472656
2021-10-15,19.76554867342218,19.905163446023224,19.685768531634643,19.715686798095703,2063700,0.0,0,0.004573142583580436,0.4936911524636579,19.46687240600586,19.86007623699593,19.073668575015787,19.346703735905173,19.59601734573615,21.37320077428694,22.68427553125982,21.170000076293945
2021-10-18,19.6159622769909,19.715687935505716,19.466374740273043,19.70571517944336,3669000,0.0,0,-0.0005057707983729953,0.4934414578953267,19.4813325881958,19.887269759529794,19.07539541686181,19.346703735905173,19.59601734573615,21.138846016630104,22.310673060918596,21.399999618530277
2021-10-19,19.78549465243903,19.855302040390903,19.576070586474746,19.84532928466797,1658100,0.0,0,0.007084954996723569,0.4969374684180327,19.51125020980835,19.931785074964882,19.090715344651816,19.56610039939251,19.54615440399522,21.128873328505364,22.310673060918596,21.09000015258789
2021-10-20,19.79546826893256,20.054754222677435,19.71568812178865,20.00489044189453,2442300,0.0,0,0.00804023732424719,0.5009329635994243,19.537677383422853,20.00995776843633,19.065396998409376,19.601004427788475,19.53618149356808,21.128873328505364,22.310673060918596,20.299999237060547
2021-10-21,20.01486222652786,20.034807737872868,19.63590702151602,19.695741653442383,1936500,0.0,0,-0.015453660661131408,0.4931917155659839,19.529200744628906,19.98319504898209,19.07520644027572,19.601004427788475,19.53618149356808,21.128873328505364,22.310673060918596,20.18000030517578
2021-10-22,19.68576846087872,19.755575846928327,19.58604280847557,19.6159610748291,1619000,0.0,0,-0.004050651151759843,0.49119396797528814,19.526707649230957,19.97818705177997,19.075228246681945,19.601004427788475,19.41152525242747,20.996737991604533,22.191316885383102,19.15999984741211
2021-10-25,19.745603428316866,19.745603428316866,19.42648285686984,19.5461540222168,5581100,0.0,0,-0.0035586863343584074,0.4894459627139352,19.514740562438966,19.95038962585768,19.07909149902025,19.601004427788475,19.381607764301137,20.95934067093603,22.131639356143747,19.149999618530277
2021-10-26,19.63590678030762,19.63590678030762,19.316786211142237,19.346702575683597,3608400,0.0,0,-0.010204127436348909,0.4844515937371957,19.51224737167359,19.951167117936258,19.07332762541092,19.685770216909837,19.381607764301137,20.56801085873657,21.812518823929317,19.8700008392334
2021-10-27,19.316787748076948,19.47634804535501,19.08741815639455,19.366649627685547,5040500,0.0,0,0.0010310310981376247,0.4849510783958811,19.514241981506352,19.950090549706587,19.078393413306117,19.57108618953599,19.381607764301137,20.47345433995949,21.79257250370995,19.75
2021-10-28,19.33672993957318,20.89244557702677,19.33672993957318,20.63315963745117,7709800,0.0,0,0.06539644358284291,0.5166651542346361,19.58903589248657,20.214933673500582,18.96313811147256,19.98993186671066,19.800453441475803,20.36382228632477,21.79257250370995,20.100000381469727
2021-10-29,20.64313286465749,20.73288576510364,20.10461546198061,20.19436836242676,3321800,0.0,0,-0.021266315132266955,0.505677590246821,19.628925991058352,20.301169419392824,18.95668256272388,19.98993186671066,19.800453441475803,20.34146327023719,21.79257250370995,20.57999992370605
2021-11-01,20.294093494730863,21.18164781832809,20.20434059660208,21.10186767578125,3349200,0.0,0,0.04493823709004752,0.5284018496884566,19.713193798065188,20.63663025101864,18.789757345111735,20.134532987361318,19.945054562126465,20.316531799366725,21.79257250370995,20.709999084472656
2021-11-02,21.191621964417788,21.191621964417788,20.81266673798194,20.872501373291016,3076400,0.0,0,-0.010869478759620854,0.5226583970067236,19.78848638534546,20.826402896589702,18.75056987410122,20.13952006040617,19.95004163517131,20.311545344153153,21.79257250370995,20.770000457763672
2021-11-03,20.77277571303671,21.1218145728724,20.72291383396394,20.872501373291016,4097300,0.0,0,0.0,0.5226583970067236,19.87474880218506,20.970939585771553,18.778558018598567,20.13952006040617,19.95004163517131,20.311545344153153,21.79257250370995,20.68000030517578
2021-11-04,20.91239043269168,21.15173087531074,20.58329708632688,20.77277565002441,2259000,0.0,0,-0.004777852040015462,0.5201612125183538,19.943060684204102,21.083891845306812,18.802229523101392,20.13952006040617,19.95004163517131,20.244230915169183,21.79257250370995,20.440000534057617
2021-11-05,21.10186817713871,21.35118136628459,20.982198911529547,21.281373977661133,3332200,0.0,0,0.024483888730398196,0.5328967817675222,20.03181619644165,21.294037490319447,18.769594902563853,20.21929976133957,20.02982133610471,20.024834959213905,21.79257250370995,20.11000061035156
2021-11-08,21.38109967111378,21.48082532736818,20.59326907902356,20.76280212402344,4302500,0.0,0,-0.0243674047635285,0.5199114701890113,20.090155506134035,21.37431961726841,18.805991394999662,20.284121741881364,20.094643316646508,20.017355275074294,21.79257250370995,19.989999771118164
2021-11-09,20.732885559389363,21.161702643577783,20.732885559389363,21.032060623168945,7537300,0.0,0,0.012968312154454376,0.5266538444271037,20.16295499801636,21.487187071354686,18.838722924678034,20.408777633470677,20.094643316646508,19.969985967040824,21.71300145296174,20.309999465942383
2021-11-10,20.92236264302823,21.670302219989654,20.86252800946175,21.111841201782227,9339000,0.0,0,0.00379328397928802,0.5286515920177995,20.255200862884525,21.57387327564929,18.93652845011976,20.887458840985133,20.189381762957247,19.969985967040824,21.71300145296174,20.440000534057617
2021-11-11,21.10186837963813,21.37112708300565,20.82263692035604,21.012115478515625,4128100,0.0,0,-0.004723686689069195,0.5261544075294299,20.324509906768803,21.649367544206374,18.999652269331232,20.937321408295865,20.3788601881921,19.76554924330943,21.52851019947427,19.8700008392334
2021-11-12,21.1018680112436,21.1018680112436,20.822636556836304,21.032060623168945,3961900,0.0,0,0.0009492211611779044,0.5266538444271038,20.390328598022464,21.71848773595859,19.062169460086338,21.126799653158265,20.3788601881921,19.76554924330943,21.52851019947427,20.1299991607666
2021-11-15,21.11184187803108,21.650357401596363,21.091896365500464,21.59052276611328,3468300,0.0,0,0.026552897167343437,0.5406380298009628,20.48456897735596,21.871859344103633,19.097278610608285,21.126799653158265,20.3788601881921,19.76554924330943,21.52851019947427,20.63999938964844
2021-11-16,21.63041315130848,21.899669954071644,21.48082561597145,21.780000686645508,2869800,0.0,0,0.008775976505284833,0.5453826564483595,20.581302547454836,22.045344223738336,19.117260871171336,21.24148352019926,20.493544055233095,19.563606254750816,21.52851019947427,21.040000915527344
2021-11-17,21.700000762939453,21.940000534057617,21.56999969482422,21.90999984741211,2253400,0.06,0,0.005968739975582782,0.5486379037118924,20.676558017730716,22.22462175191757,19.128494283543862,21.266634806540587,20.513709345226083,19.598509902398824,21.463860455411975,21.209999084472656
2021-11-18,22.06999969482422,22.09000015258789,21.09000015258789,21.170000076293945,2233500,0.0,0,-0.03377452196584885,0.5301079207816778,20.750270938873292,22.243339157560882,19.257202720185703,21.341634615805724,20.58870915449122,19.56111266956611,21.463860455411975,21.190000534057617
2021-11-19,21.100000381469727,21.1299991607666,20.899999618530277,20.959999084472656,1419700,0.0,0,-0.009919744499975125,0.5248493856501105,20.81747283935547,22.217378254805187,19.417567423905755,21.411442855988625,20.58870915449122,19.556126489059842,21.170443005905877,20.86000061035156
2021-11-22,20.959999084472656,21.350000381469727,20.899999618530277,21.170000076293945,2782200,0.0,0,0.010019131726816788,0.5301079207816779,20.898665142059325,22.175934058468915,19.621396225649736,21.456318354712096,20.58870915449122,19.471360540820662,21.021249061137038,20.700000762939453
2021-11-23,21.209999084472656,21.420000076293945,21.1299991607666,21.399999618530277,3299600,0.0,0,0.010864409135920683,0.5358672301192423,21.00132999420166,22.074931641759555,19.927728346643768,21.456318354712096,20.58870915449122,19.471360540820662,21.021249061137038,20.51000022888184
2021-11-24,21.290000915527344,21.3700008392334,21.059999465942383,21.09000015258789,3781900,0.0,0,-0.014485956610670092,0.528104680674655,21.087497520446778,21.851630390814073,20.323364650079483,21.456318354712096,20.58870915449122,19.556127401693864,21.021249061137038,21.11000061035156
2021-11-26,20.530000686645508,20.56999969482422,20.170000076293945,20.299999237060547,1931800,0.0,0,-0.03745855428220113,0.508322642826919,21.070839500427248,21.887190474669115,20.25448852618538,21.130000114440918,20.58870915449122,19.568592960678277,21.021249061137038,21.38999938964844
2021-11-29,20.6200008392334,20.6200008392334,20.059999465942383,20.18000030517578,3353800,0.0,0,-0.0059112776549119506,0.5053178065468904,21.070121097564698,21.88960934412305,20.250632851006348,21.074999809265137,20.58870915449122,19.568592960678277,21.021249061137038,20.479999542236328
2021-11-30,19.790000915527344,19.90999984741211,18.899999618530277,19.15999984741211,5431000,0.0,0,-0.05054511607227585,0.47977645936158997,20.97302770614624,22.143897880911567,19.802157531380914,20.494999885559082,20.494999885559082,19.506264840107974,21.021249061137038,20.36000061035156
2021-12-01,19.399999618530277,19.670000076293945,19.13999938964844,19.149999618530277,4551200,0.0,0,-0.000521932618030907,0.47952604837808577,20.886902618408204,22.304951152892176,19.46885408392423,20.494999885559082,20.494999885559082,19.491306096044806,21.021249061137038,21.0
2021-12-02,19.26000022888184,20.059999465942383,19.11000061035156,19.8700008392334,3251600,0.0,0,0.03759797572039747,0.4975552571023032,20.83677759170532,22.323297546055393,19.35025763735525,20.15999984741211,20.494999885559082,19.533688990605487,20.951624966832398,20.25
2021-12-03,19.989999771118164,20.09000015258789,19.56999969482422,19.75,2403900,0.0,0,-0.0060392971396586725,0.4945503730612631,20.7856388092041,22.346773397048306,19.224504221359897,20.15999984741211,20.494999885559082,19.476346976918563,20.812376930729517,20.88999938964844
2021-12-06,20.0,20.440000534057617,19.96999931335449,20.100000381469727,2592300,0.0,0,0.01772153830226464,0.5033145664398675,20.72657012939453,22.297682003144402,19.15545825564466,20.15999984741211,20.494999885559082,19.89519265409323,20.762644719938443,20.57999992370605
2021-12-07,20.18000030517578,20.780000686645508,20.13999938964844,20.57999992370605,4206600,0.0,0,0.0238805737873935,0.5153340070820047,20.71743001937866,22.2897317940183,19.14512824473902,20.135000228881836,20.494999885559082,19.89519265409323,20.71792668776328,20.68000030517578
2021-12-08,20.559999465942383,20.96999931335449,20.559999465942383,20.709999084472656,2108000,0.0,0,0.00631677168360234,0.5185892543455377,20.70132694244385,22.266919552026042,19.135734332861656,19.934999465942383,20.494999885559082,20.03979377474389,20.71792668776328,20.51000022888184
2021-12-09,20.56999969482422,20.780000686645508,20.459999084472656,20.770000457763672,2518300,0.0,0,0.002897217573321953,0.5200917202465636,20.68423490524292,22.23883422528523,19.12963558520061,19.934999465942383,20.494999885559082,20.04478084778874,20.71792668776328,19.920000076293945
2021-12-10,20.959999084472656,21.0,20.6200008392334,20.68000030517578,3429700,0.0,0,-0.004333180096500633,0.5178380691560364,20.667629146575926,22.214862508651077,19.120395784500776,19.949999809265137,20.494999885559082,20.04478084778874,20.71792668776328,19.6200008392334
2021-12-13,20.68000030517578,20.959999084472656,20.34000015258789,20.440000534057617,2584900,0.0,0,-0.011605404621686466,0.5118283488349678,20.63802614212036,22.178808706314097,19.097243577926623,20.05500030517578,20.494999885559082,20.04478084778874,20.707954070935948,19.170000076293945
2021-12-14,20.43000030517578,20.770000457763672,20.09000015258789,20.11000061035156,7292800,0.0,0,-0.01614480993560663,0.5035649774233718,20.564000034332274,22.055572281846995,19.072427786817553,20.05500030517578,20.494999885559082,20.12456054872214,20.33897030886515,18.86000061035156
2021-12-15,20.11000061035156,20.15999984741211,19.46999931335449,19.989999771118164,3784700,0.0,0,-0.0059672220582441815,0.5005600933823319,20.47449998855591,21.87451556445438,19.074484412657437,20.234999656677246,20.494999885559082,20.189382529263938,20.32401094058592,19.13999938964844
2021-12-16,20.200000762939453,20.76000022888184,20.200000762939453,20.309999465942383,2613400,0.0,0,0.016007988918867344,0.5085730538104234,20.39449996948242,21.62859516467539,19.160404774289454,20.234999656677246,20.494999885559082,20.251710475058594,20.20932676028062,19.38999938964844
2021-12-17,20.25,20.6299991607666,20.209999084472656,20.440000534057617,5465400,0.0,0,0.006400840548185682,0.5118283488349678,20.357999992370605,21.53970443031504,19.17629555442617,20.234999656677246,20.494999885559082,20.53842030197119,20.20932676028062,18.530000686645508
2021-12-20,20.01000022888184,20.15999984741211,19.530000686645508,19.8700008392334,2664800,0.0,0,-0.027886481405637542,0.49755525710230325,20.30350008010864,21.469386155822622,19.13761400439466,20.234999656677246,20.494999885559082,20.658090798243983,20.189381762957247,18.040000915527344
2021-12-21,20.059999465942383,20.399999618530277,20.01000022888184,20.1299991607666,4079800,0.0,0,0.01308496781841284,0.5040657516293691,20.251500034332274,21.348146734012442,19.154853334652106,20.234999656677246,20.494999885559082,20.752829920675183,20.189381762957247,18.299999237060547
2021-12-22,20.09000015258789,20.65999984741211,20.030000686645508,20.63999938964844,5660100,0.0,0,0.025335332843720693,0.5168364252220193,20.213500022888184,21.193608829211417,19.23339121656495,20.234999656677246,20.494999885559082,20.752829920675183,20.189381762957247,18.86000061035156
2021-12-23,20.739999771118164,21.15999984741211,20.739999771118164,21.040000915527344,2843100,0.0,0,0.019379919462571005,0.5268526735181451,20.211000061035158,21.18227335831147,19.239726763758846,20.3149995803833,20.494999885559082,20.867513787716177,20.30406562999824,19.100000381469727
2021-12-27,20.899999618530277,21.299999237060547,20.88999938964844,21.209999084472656,2099800,0.0,0,0.008079760529851265,0.5311095169546837,20.256500053405762,21.321949984141657,19.191050122669868,20.38499927520752,20.494999885559082,20.890172075883335,20.324230919991226,19.049999237060547
2021-12-28,21.170000076293945,21.51000022888184,21.149999618530277,21.190000534057617,1256400,0.0,0,-0.0009428831342892519,0.5306087427486866,20.307000064849852,21.447122956511706,19.166877173188,20.489999771118164,20.20499992370606,20.96517188514847,20.399230729256363,18.549999237060547
2021-12-29,21.190000534057617,21.209999084472656,20.799999237060547,20.86000061035156,1353500,0.0,0,-0.01557337967857364,0.5223453713370907,20.392000102996825,21.424711530999446,19.359288674994204,20.520000457763672,20.20499992370606,21.000076005239922,20.399230729256363,18.38999938964844
2021-12-30,20.86000061035156,21.07999992370605,20.690000534057617,20.700000762939453,1434300,0.0,0,-0.007670174627545712,0.518338891123045,20.469500160217287,21.335233944333627,19.603766376100946,20.520000457763672,20.20499992370606,21.022513754601658,20.399230729256363,18.170000076293945
2021-12-31,20.61000061035156,20.709999084472656,20.3799991607666,20.51000022888184,2731300,0.0,0,-0.009178769422935718,0.5135811779584863,20.501500129699707,21.321877489252707,19.681122770146708,20.520000457763672,20.20499992370606,21.022513754601658,20.399230729256363,18.56999969482422
2022-01-03,20.700000762939453,21.15999984741211,20.63999938964844,21.11000061035156,3502800,0.0,0,0.02925404070082882,0.5286055026416635,20.569500160217284,21.353718741208777,19.785281579225792,20.76000022888184,20.20499992370606,21.022513754601658,20.399230729256363,18.8799991607666
2022-01-04,21.25,21.670000076293945,21.229999542236328,21.38999938964844,2326000,0.0,0,0.013263797783102937,0.535616819135738,20.63400011062622,21.46449682441255,19.803503396839893,20.850000381469727,20.28499984741211,20.85935463446607,20.399230729256363,18.46999931335449
2022-01-05,20.09000015258789,20.780000686645508,19.88999938964844,20.479999542236328,5237700,0.0,0,-0.042543238587117616,0.5128299450079733,20.629000091552733,21.461964237521144,19.796035945584322,20.77999973297119,20.28499984741211,20.831854481878178,20.399230729256363,17.989999771118164
2022-01-06,20.770000457763672,20.799999237060547,20.149999618530277,20.36000061035156,2648700,0.0,0,-0.005859322976902059,0.5098251087279446,20.61150016784668,21.45167569275897,19.77132464293439,20.77999973297119,20.390000343322754,20.494999885559082,20.399230729256363,17.950000762939453
2022-01-07,20.3799991607666,21.01000022888184,20.3799991607666,21.0,4806200,0.0,0,0.03143415375552827,0.5258510295841278,20.623000144958496,21.477867114940274,19.768133174976718,20.77999973297119,20.390000343322754,20.494999885559082,20.399230729256363,18.36000061035156
2022-01-10,20.940000534057617,21.06999969482422,20.049999237060547,20.25,6954800,0.0,0,-0.0357142857142857,0.5070706356704089,20.60150012969971,21.47121376986193,19.731786489537487,20.77999973297119,20.56999969482422,20.327499866485596,20.399230729256363,18.299999237060547
2022-01-11,20.270000457763672,20.899999618530277,20.1200008392334,20.88999938964844,3343300,0.0,0,0.0316049081307872,0.523096556526592,20.624000072479248,21.49916275813681,19.748837386821688,20.77999973297119,20.56999969482422,20.327499866485596,20.399230729256363,17.739999771118164
2022-01-12,21.049999237060547,21.15999984741211,20.450000762939453,20.57999992370605,3557700,0.0,0,-0.014839611057911428,0.5153340070820046,20.647500038146973,21.490500900086868,19.804499176207077,20.77999973297119,20.56999969482422,20.327499866485596,20.399230729256363,
2022-01-13,20.59000015258789,20.86000061035156,20.420000076293945,20.68000030517578,2000500,0.0,0,0.0048591050456971985,0.5178380691560361,20.682000064849852,21.468538714469393,19.89546141523031,20.77999973297119,20.56999969482422,20.31500005722046,20.399230729256363,
2022-01-14,20.56999969482422,20.63999938964844,20.209999084472656,20.51000022888184,2556400,0.0,0,-0.008220506469305722,0.5135811779584861,20.692000102996825,21.464166114340177,19.919834091653474,20.77999973297119,20.56999969482422,20.214999675750732,20.399230729256363,
2022-01-18,20.34000015258789,20.559999465942383,19.8700008392334,19.920000076293945,4126000,0.0,0,-0.028766462506278567,0.49880726425881294,20.666000080108642,21.503358214831703,19.82864194538558,20.515000343322754,20.56999969482422,20.214999675750732,20.399230729256363,
2022-01-19,19.989999771118164,20.040000915527344,19.59000015258789,19.6200008392334,2521900,0.0,0,-0.015060202606001272,0.49129512579773,20.653500080108643,21.544367623332487,19.762632536884798,20.375,20.56999969482422,20.22249984741211,20.399230729256363,
2022-01-20,19.65999984741211,19.8700008392334,19.149999618530277,19.170000076293945,2179100,0.0,0,-0.022935817721251195,0.48002687034509406,20.60550012588501,21.688962361867542,19.522037889902474,20.15499973297119,20.40999984741211,20.27500009536743,20.399230729256363,
2022-01-21,19.049999237060547,19.25,18.75,18.86000061035156,3165200,0.0,0,-0.016171072754753824,0.47226432090050674,20.516500186920165,21.842261662408436,19.190738711431894,19.954999923706055,20.210000038146973,20.27500009536743,20.399230729256363,
2022-01-24,18.5,19.170000076293945,18.31999969482422,19.13999938964844,3665000,0.0,0,0.014846170213971277,0.47927563739458123,20.42150011062622,21.852876022402565,18.990124198849873,19.739999771118164,19.994999885559082,20.364999771118164,20.399230729256363,
2022-01-25,18.63999938964844,19.51000022888184,18.5,19.38999938964844,5256800,0.0,0,0.013061651409205899,0.4855357686991542,20.33050012588501,21.781283133769865,18.879717118000155,19.739999771118164,19.994999885559082,20.364999771118164,20.399230729256363,
2022-01-26,18.18000030517578,19.1299991607666,18.13999938964844,18.530000686645508,5688800,0.0,0,-0.04435269366032335,0.464000949488911,20.197500133514403,21.791028478423,18.603971788605804,19.5,19.90499973297119,20.364999771118164,20.399230729256363,
2022-01-27,18.690000534057617,18.850000381469727,17.8700008392334,18.040000915527344,5113100,0.0,0,-0.026443591633070196,0.4517310978632694,20.056500148773193,21.87621106454967,18.236789232996717,19.255000114440918,19.770000457763672,20.364999771118164,20.494999885559082,
2022-01-28,17.84000015258789,18.31999969482422,17.81999969482422,18.299999237060547,5791600,0.0,0,0.01441232307862128,0.45824159239033513,19.936500072479248,21.884115584946016,17.98888456001248,19.1899995803833,19.744999885559082,20.364999771118164,20.494999885559082,
2022-01-31,18.18000030517578,18.8799991607666,18.149999618530277,18.86000061035156,5263800,0.0,0,0.030601169215183077,0.47226432090050674,19.854000091552734,21.83730290209168,17.87069728101379,18.93000030517578,19.744999885559082,20.364999771118164,20.494999885559082,
2022-02-01,18.82999992370605,19.13999938964844,18.649999618530277,19.100000381469727,3063700,0.0,0,0.012725332097096587,0.47827404122157546,19.753500080108644,21.674081546677396,17.832918613539892,18.84500026702881,19.744999885559082,20.40499973297119,20.494999885559082,
2022-02-02,19.09000015258789,19.200000762939453,18.93000030517578,19.049999237060547,2393200,0.0,0,-0.00261786091154681,0.47702198630405396,19.636500072479247,21.423076217629536,17.84992392732896,18.664999961853027,19.744999885559082,20.4399995803833,20.494999885559082,
2022-02-03,18.899999618530277,18.940000534057617,18.520000457763672,18.549999237060547,4436800,0.0,0,-0.02624672021126817,0.46450172369490805,19.54000005722046,21.34250468166901,17.73749543277191,18.664999961853027,19.744999885559082,20.34749984741211,20.494999885559082,
2022-02-04,18.459999084472656,18.520000457763672,18.18000030517578,18.38999938964844,4799300,0.0,0,-0.008625329056210718,0.4604952434808624,19.441499996185303,21.26940385579855,17.613596136572056,18.664999961853027,19.744999885559082,20.362500190734863,20.494999885559082,
2022-02-07,18.520000457763672,18.649999618530277,18.1200008392334,18.170000076293945,9561300,0.0,0,-0.011962986441333534,0.45498634512680225,19.3,21.059558582301428,17.540441417698574,18.510000228881836,19.744999885559082,20.362500190734863,20.494999885559082,
2022-02-08,18.25,18.57999992370605,18.11000061035156,18.56999969482422,3928400,0.0,0,0.02201428821412854,0.4650025456619166,19.21599998474121,20.945966538253543,17.486033431228876,18.510000228881836,19.744999885559082,20.362500190734863,20.494999885559082,
2022-02-09,18.739999771118164,19.13999938964844,18.729999542236328,18.8799991607666,2557400,0.0,0,0.016693563329932992,0.4727650951065039,19.11549997329712,20.667330237982053,17.563669708612185,18.510000228881836,19.744999885559082,20.48250007629395,20.494999885559082,
2022-02-10,18.57999992370605,19.040000915527344,18.440000534057617,18.46999931335449,5350800,0.0,0,-0.021716094578230094,0.4624984835878851,19.00999994277954,20.429072650788562,17.59092723477052,18.655000686645508,19.489999771118164,20.567500114440918,20.494999885559082,
2022-02-11,18.51000022888184,18.6200008392334,17.889999389648438,17.989999771118164,8227700,0.0,0,-0.02598806497460271,0.4504790429457479,18.87549991607666,20.13529580842581,17.61570402372751,18.545000076293945,19.489999771118164,20.53249979019165,20.494999885559082,
2022-02-14,17.950000762939453,18.170000076293945,17.790000915527344,17.950000762939453,5226200,0.0,0,-0.0022234023728520125,0.44947744677274226,18.74749994277954,19.82167393486779,17.673325950691293,18.4950008392334,19.475000381469727,20.585000038146973,20.494999885559082,
2022-02-15,18.1299991607666,18.46999931335449,18.049999237060547,18.36000061035156,6546800,0.0,0,0.02284121615518897,0.4597440582913609,18.669499969482423,19.60846001633327,17.730539922631575,18.46500015258789,19.475000381469727,20.585000038146973,20.494999885559082,
2022-02-16,18.32999992370605,18.440000534057617,18.030000686645508,18.299999237060547,4305800,0.0,0,-0.0032680485455530706,0.45824159239033513,18.60349988937378,19.445502148191448,17.76149763055611,18.46500015258789,19.475000381469727,20.674999713897705,20.494999885559082,
2022-02-17,18.1200008392334,18.25,17.690000534057617,17.739999771118164,4507600,0.0,0,-0.0306010649884777,0.444218911641175,18.53199987411499,19.411867376716895,17.652132371513087,18.414999961853027,19.425000190734863,20.674999713897705,20.494999885559082,
