Date,Open,High,Low,Close,Volume,Dividends,Stock Splits,daily_return,cum_return,middle_band,upper_band,lower_band,Conversion,Baseline,SpanA,SpanB,Lagging
2016-02-18,32.83000183105469,32.91999816894531,31.8799991607666,32.0099983215332,2549000,0,0,,,,,,,,,,30.780000686645508
2016-02-19,31.8799991607666,31.8799991607666,31.100000381469727,31.8799991607666,1565500,0,0,-0.004061204860456025,0.995938795139544,,,,,,,,30.780000686645508
2016-02-22,32.2400016784668,32.650001525878906,32.060001373291016,32.43000030517578,1574900,0,0,0.017252232085565478,1.0131209623763098,,,,,,,,31.290000915527344
2016-02-23,32.41999816894531,32.68000030517578,32.20000076293945,32.220001220703125,1459100,0,0,-0.006475457369611526,1.0065605407741822,,,,,,,,30.450000762939453
2016-02-24,31.940000534057617,32.689998626708984,31.670000076293945,32.58000183105469,1580700,0,0,0.011173202877479804,1.017807045904718,,,,,,,,30.31999969482422
2016-02-25,32.83000183105469,33.470001220703125,32.619998931884766,33.0,2012700,0,0,0.012891287456742173,1.0309278891089733,,,,,,,,28.51000022888184
2016-02-26,33.25,33.25,32.70000076293945,32.93000030517578,1675300,0,0,-0.002121202873461181,1.028741081908264,,,,,,,,28.36000061035156
2016-02-29,33.04999923706055,33.29999923706055,32.90999984741211,32.91999816894531,1863000,0,0,-0.0003037393300265867,1.0284286127812745,,,,,,,,28.40999984741211
2016-03-01,33.099998474121094,33.68000030517578,32.220001220703125,33.540000915527344,2194900,0,0,0.01883362032404068,1.047797646804777,,,,32.390000343322754,,,,27.309999465942383
2016-03-02,33.47999954223633,33.599998474121094,33.06999969482422,33.59000015258789,1965800,0,0,0.0014907345168675423,1.0493596349235614,,,,32.390000343322754,,,,26.700000762939453
2016-03-03,33.52000045776367,33.88999938964844,33.11000061035156,33.779998779296875,2668100,0,0,0.005656404461026554,1.0552952374437643,,,,32.77999973297119,,,,26.26000022888184
2016-03-04,33.77000045776367,34.27000045776367,33.33000183105469,33.720001220703125,1804800,0,0,-0.0017761267247445867,1.0534208993700447,,,,32.97000026702881,,,,27.07999992370605
2016-03-07,33.439998626708984,33.65999984741211,32.5099983215332,32.66999816894531,2230700,0,0,-0.031138879411224396,1.0206185530152974,,,,32.97000026702881,,,,28.299999237060547
2016-03-08,32.54999923706055,32.54999923706055,31.399999618530277,31.450000762939453,2517400,0,0,-0.037343050945302325,0.9825055423943264,,,,32.83500003814697,,,,28.309999465942383
2016-03-09,31.5,31.51000022888184,30.549999237060547,31.3799991607666,2938000,0,0,-0.0022258060564290805,0.98031867560759,,,,32.40999984741211,,,,28.690000534057617
2016-03-10,31.520000457763672,32.2599983215332,31.420000076293945,32.02000045776367,2117300,0,0,0.02039519802783296,1.0003124691269898,,,,32.40999984741211,,,,29.36000061035156
2016-03-11,32.16999816894531,32.7599983215332,31.93000030517578,32.33000183105469,1738000,0,0,0.009681491844446555,1.009996986138741,,,,32.40999984741211,,,,29.51000022888184
2016-03-14,32.16999816894531,32.459999084472656,31.479999542236328,31.530000686645508,1968900,0,0,-0.02474485304979901,0.9850047591359979,,,,32.40999984741211,,,,30.040000915527344
2016-03-15,31.600000381469727,32.77000045776367,31.56999969482422,32.369998931884766,1373700,0,0,0.026641237771841686,1.0112465051305357,,,,32.40999984741211,,,,30.799999237060547
2016-03-16,32.34000015258789,32.58000183105469,31.11000061035156,31.38999938964844,2156200,0,0,-0.03027493279497806,0.9806310851485524,32.48699998855591,34.01540462810438,30.958595349007435,32.40999984741211,,,,32.72999954223633
2016-03-17,31.280000686645508,33.13999938964844,31.200000762939453,33.11000061035156,3533600,0,0,0.05479456050165865,1.0343643344735318,32.54200010299682,34.077011403509346,31.0069888024843,32.10499954223633,,,,33.540000915527344
2016-03-18,33.04999923706055,33.36000061035156,32.939998626708984,32.939998626708984,3080300,0,0,-0.0051344602992676736,1.029053431863199,32.59500007629394,34.10771931903799,31.0822808335499,31.954999923706055,,,,34.060001373291016
2016-03-21,32.97999954223633,33.18000030517578,32.38999938964844,32.5,1351500,0,0,-0.013357578781203028,1.015307769577019,32.59850006103515,34.109986131483836,31.08701399058647,31.954999923706055,,,,33.72999954223633
2016-03-22,32.29999923706055,32.29999923706055,30.8799991607666,31.059999465942383,3778200,0,0,-0.044307708740234375,0.9703218086409034,32.540499973297116,34.18992415050584,30.891075796088394,32.11999988555908,,,,33.400001525878906
2016-03-23,30.799999237060547,30.8700008392334,29.86000061035156,30.229999542236328,3595100,0,0,-0.02672247063674804,0.9443924126013007,32.4229998588562,34.35789667907482,30.48810303863758,31.610000610351562,,,,33.04999923706055
2016-03-24,30.149999618530277,30.299999237060547,29.57999992370605,30.21999931335449,2299500,0,0,-0.0003308047976602335,0.9440800030603382,32.283999824523924,34.42401129575645,30.143988353291395,31.47000026702881,31.925000190734863,,,33.900001525878906
2016-03-28,30.420000076293945,31.3700008392334,30.420000076293945,30.780000686645508,2414400,0,0,0.018530820185808095,0.9615745798380665,32.17649984359741,34.391425653573755,29.96157403362107,31.47000026702881,31.925000190734863,,,32.65999984741211
2016-03-29,30.71999931335449,30.88999938964844,30.0,30.780000686645508,2744000,0,0,0.0,0.9615745798380665,32.06949996948242,34.337129292956476,29.80187064600837,31.47000026702881,31.925000190734863,,,32.79999923706055
2016-03-30,31.01000022888184,31.540000915527344,31.01000022888184,31.290000915527344,1802200,0,0,0.016569207846155454,0.977507108910983,31.95699996948242,34.14254534608321,29.771454592881632,31.47000026702881,31.925000190734863,,,31.540000915527344
2016-03-31,31.299999237060547,31.780000686645508,30.309999465942383,30.450000762939453,4379700,0,0,-0.026845641674975163,0.9512653033304178,31.8,33.944047205026,29.655952794974002,31.47000026702881,31.925000190734863,,,31.43000030517578
2016-04-01,30.450000762939453,30.670000076293945,29.88999938964844,30.31999969482422,2371400,0,0,-0.004269328895172286,0.9472040388839345,31.627000045776366,33.65828665204802,29.595713439504713,31.380000114440918,31.925000190734863,,,32.15999984741211
2016-04-04,30.31999969482422,30.31999969482422,28.36000061035156,28.51000022888184,5050500,0,0,-0.05969655290766229,0.8906592228623482,31.366499996185304,33.58695047124202,29.146049521128585,30.329999923706055,31.315000534057617,,,31.979999542236328
2016-04-05,28.18000030517578,28.600000381469727,27.959999084472656,28.36000061035156,2774000,0,0,-0.005261298397967851,0.8859731989199673,31.151000118255617,33.646328299252346,28.65567193725889,29.869999885559082,31.114999771118164,,,30.68000030517578
2016-04-06,28.38999938964844,28.489999771118164,27.81999969482422,28.40999984741211,3288500,0,0,0.0017630196045306246,0.8875351870387519,30.999000072479248,33.76201023113924,28.235989913819257,29.800000190734863,31.045000076293945,,,31.440000534057617
2016-04-07,27.780000686645508,27.8700008392334,26.850000381469727,27.309999465942383,6609700,0,0,-0.03871877463490825,0.8531709121512473,30.795500087738038,33.98751416930559,27.603486006170485,29.315000534057617,30.5600004196167,,,30.989999771118164
2016-04-08,27.6200008392334,27.690000534057617,26.51000022888184,26.700000762939453,3265200,0,0,-0.022336093552972947,0.8341144068407618,30.529500102996828,34.13380526048629,26.925194945507368,29.145000457763672,30.390000343322754,,,31.040000915527344
2016-04-11,26.690000534057617,27.209999084472656,26.200000762939453,26.26000022888184,3430700,0,0,-0.016479420280330115,0.8203686849685546,30.226000022888183,34.18184515624553,26.270154889530833,28.99000072479248,30.235000610351562,,,30.07999992370605
2016-04-12,26.290000915527344,27.3799991607666,25.88999938964844,27.07999992370605,3810600,0,0,0.031226187649546988,0.8459856714671948,30.00349998474121,34.13942122079536,25.867578748687063,28.835000038146973,29.774999618530273,,,29.030000686645508
2016-04-13,27.3700008392334,28.3799991607666,27.34000015258789,28.299999237060547,3760900,0,0,0.04505167344134664,0.8840987416741932,29.8,33.8488014893586,25.7511985106414,28.27999973297119,29.625,,,29.440000534057617
2016-04-14,28.38999938964844,29.0,28.25,28.309999465942383,3290400,0,0,0.0003533649876830136,0.8844111512151555,29.6460000038147,33.675220443322445,25.616779564306952,28.104999542236328,29.625,,,29.979999542236328
2016-04-15,28.209999084472656,28.790000915527344,28.049999237060547,28.690000534057617,3108000,0,0,0.013422856774419456,0.896282475427616,29.425,33.139265804037464,25.710734195962537,27.44499969482422,29.625,,,29.670000076293945
2016-04-18,28.649999618530277,29.51000022888184,28.540000915527344,29.36000061035156,3059700,0,0,0.023353086923040944,0.9172134379838754,29.24600009918213,32.58799999364164,25.90400020472262,27.69999980926514,29.625,,,29.57999992370605
2016-04-19,29.549999237060547,29.770000457763672,29.200000762939453,29.51000022888184,3196900,0,0,0.005108978726567015,0.9218994619262565,29.09650011062622,32.088454165670534,26.104546055581906,27.829999923706055,29.625,,,29.71999931335449
2016-04-20,29.850000381469727,30.149999618530277,29.63999938964844,30.040000915527344,2950300,0,0,0.017960036683658975,0.9384568100810975,29.045500183105467,31.933709303640757,26.157291062570177,28.01999950408936,29.625,,,30.190000534057617
2016-04-21,30.3799991607666,30.899999618530277,29.90999984741211,30.799999237060547,6072500,0,0,0.025299543887176368,0.9621993393339637,29.07400016784668,32.01970566351757,26.128294672175794,28.39499950408936,29.625,,,30.68000030517578
2016-04-22,32.869998931884766,33.599998474121094,31.770000457763672,32.72999954223633,9867500,0,0,0.06266234912283641,1.0224930102610712,29.199500179290773,32.52372691668947,25.87527344189208,29.744998931884766,29.744998931884766,,,31.170000076293945
2016-04-25,32.79999923706055,33.83000183105469,32.70000076293945,33.540000915527344,5067300,0,0,0.02474797997616074,1.0477976468047765,29.337500190734865,33.116077531677064,25.558922849792665,30.58500099182129,29.860000610351562,,,31.46999931335449
2016-04-26,33.5099983215332,34.20000076293945,33.5099983215332,34.060001373291016,4171800,0,0,0.015503889194079745,1.0640425854186553,29.50150022506714,33.77436819266857,25.228632257465712,31.125,30.045000076293945,,,31.65999984741211
2016-04-27,34.04999923706055,34.099998474121094,33.470001220703125,33.72999954223633,2274600,0,0,-0.009688837866972833,1.0537332493249794,29.62350015640259,34.224114465485364,25.02288584731981,31.125,30.045000076293945,,,31.84000015258789
2016-04-28,33.400001525878906,34.15999984741211,33.31999969482422,33.400001525878906,2333600,0,0,-0.009783516775450973,1.043424032403358,29.77100019454956,34.651899364179386,24.890101024919737,31.3700008392334,30.045000076293945,,,31.559999465942383
2016-04-29,33.40999984741211,33.47999954223633,32.5099983215332,33.04999923706055,2533800,0,0,-0.010479109964925293,1.0324898772277573,29.907500171661376,34.9928516479763,24.82214869534645,31.700000762939453,30.045000076293945,,,31.290000915527344
2016-05-02,33.099998474121094,34.029998779296875,33.060001373291016,33.900001525878906,2640200,0,0,0.02571867801634342,1.059044151935312,30.17700023651123,35.50570876226895,24.848291710753507,31.920000076293945,30.045000076293945,31.697500228881836,,30.34000015258789
2016-05-03,33.61000061035156,33.75,32.560001373291016,32.65999984741211,3055800,0,0,-0.036578218957311615,1.0203062030603618,30.392000198364258,35.757374421018966,25.02662597570955,32.05500030517578,30.045000076293945,31.697500228881836,,30.649999618530277
2016-05-04,32.59000015258789,33.209999084472656,32.310001373291016,32.79999923706055,2512400,0,0,0.004286570431797809,1.0246798174617802,30.61150016784668,35.99392817205487,25.229072163638484,32.98500061035156,30.045000076293945,31.697500228881836,,29.75
2016-05-05,32.4900016784668,32.599998474121094,31.3700008392334,31.540000915527344,3481500,0,0,-0.03841458386710994,0.9853171686769597,30.82300024032593,35.9960174606159,25.649983020035954,32.785000801086426,30.045000076293945,31.697500228881836,,29.049999237060547
2016-05-06,31.479999542236328,31.530000686645508,30.489999771118164,31.43000030517578,2455400,0,0,-0.0034876539999530998,0.9818807233124011,31.059500217437744,35.87316632680207,26.24583410807342,32.34500026702881,30.045000076293945,31.697500228881836,,29.06999969482422
2016-05-09,31.559999465942383,32.38999938964844,31.46999931335449,32.15999984741211,1838400,0,0,0.023226202200071766,1.0046860835284077,31.354500198364256,35.64482270884204,27.064177687886474,32.32499980926514,30.045000076293945,31.65250015258789,,29.239999771118164
2016-05-10,32.16999816894531,32.54999923706055,31.809999465942383,31.979999542236328,1595500,0,0,-0.005597024441225673,0.99906283096314,31.59950017929077,35.41381141061614,27.785188947965402,32.32499980926514,30.045000076293945,30.822500228881836,,28.96999931335449
2016-05-11,31.559999465942383,31.700000762939453,30.63999938964844,30.68000030517578,2505600,0,0,-0.040650383229168696,0.9584505440144702,31.718500232696535,35.248581779113714,28.188418686279356,32.25999927520752,30.045000076293945,30.492499828338623,,28.989999771118164
2016-05-12,30.86000061035156,31.670000076293945,30.729999542236328,31.440000534057617,1876500,0,0,0.024771845545047855,0.9821931328533637,31.875000286102296,35.04187632696551,28.708124245239084,32.25999927520752,30.045000076293945,30.422500133514404,,29.540000915527344
2016-05-13,31.239999771118164,32.22999954223633,30.649999618530277,30.989999771118164,2155500,0,0,-0.014313001122630009,0.968135001440194,31.990000247955322,34.833049600038215,29.14695089587243,32.11999988555908,30.045000076293945,29.937500476837158,,29.440000534057617
2016-05-16,30.920000076293945,31.309999465942383,30.530000686645508,31.040000915527344,1841600,0,0,0.0016134606253137562,0.9696970491450059,32.07400026321411,34.68902385544425,29.458976670983976,31.84999942779541,30.045000076293945,29.767500400543213,,29.059999465942383
2016-05-17,31.0,31.229999542236328,29.989999771118164,30.07999992370605,3216800,0,0,-0.030927866092332,0.9397063886589196,32.10250024795532,34.61442454569933,29.59057595021131,31.29499912261963,30.045000076293945,29.61250066757202,,29.299999237060547
2016-05-18,29.989999771118164,30.0,28.770000457763672,29.030000686645508,3713000,0,0,-0.03490688961847499,0.906904161476227,32.05200023651123,34.76273378803989,29.341266684982582,30.65999984741211,30.770000457763672,29.304999828338623,,28.200000762939453
2016-05-19,28.979999542236328,29.729999542236328,28.899999618530277,29.440000534057617,1826100,0,0,0.01412331511244913,0.9197126547255472,31.984000301361085,34.880876358776476,29.08712424394569,30.65999984741211,31.125,28.952499866485596,,27.26000022888184
2016-05-20,29.440000534057617,30.059999465942383,29.200000762939453,29.979999542236328,2407200,0,0,0.0183423572820256,0.9365823528353234,31.846500301361083,34.84898482682977,28.844015775892395,30.65999984741211,31.125,28.864999771118164,,28.15999984741211
2016-05-23,30.100000381469727,30.32999992370605,29.63999938964844,29.670000076293945,1583600,0,0,-0.01034020916196643,0.9268978954095995,31.653000259399413,34.692973786783014,28.61302673201581,30.5,31.3700008392334,28.53499984741211,,30.040000915527344
2016-05-24,29.549999237060547,29.940000534057617,29.46999931335449,29.57999992370605,2178000,0,0,-0.003033372172445814,0.9240862691269655,31.429000186920167,34.384672154375664,28.47332821946467,30.5,31.485000610351562,28.66249990463257,,29.71999931335449
2016-05-25,29.65999984741211,30.020000457763672,29.399999618530277,29.71999931335449,1388100,0,0,0.004732907032100497,0.9284598835283839,31.228500175476075,34.07339999463613,28.383600356316023,30.5,31.485000610351562,28.727499961853027,,29.3799991607666
2016-05-26,29.93000030517578,30.43000030517578,29.850000381469727,30.190000534057617,2236500,0,0,0.01581430792604155,0.9431428340234784,31.06800012588501,33.76131325101224,28.37468700075778,30.039999961853027,31.485000610351562,28.822499752044678,,29.01000022888184
2016-05-27,30.15999984741211,30.82999992370605,30.13999938964844,30.68000030517578,1705300,0,0,0.016230532045383494,0.9584505440144703,30.949500179290773,33.48590020152257,28.41310015705898,30.0,31.485000610351562,29.009999752044678,,29.520000457763672
2016-05-31,30.86000061035156,31.209999084472656,30.600000381469727,31.170000076293945,2387900,0,0,0.015971309199612316,0.973758254005462,30.813000106811522,32.959545838689465,28.66645437493358,29.989999771118164,31.485000610351562,29.744998931884766,,30.040000915527344
2016-06-01,30.96999931335449,31.68000030517578,30.799999237060547,31.46999931335449,2108200,0,0,0.009624614575753698,0.9831303018902234,30.753500080108644,32.75121537948024,28.755784780737045,30.289999961853027,31.485000610351562,30.222500801086426,,30.790000915527344
2016-06-02,31.43000030517578,31.770000457763672,31.239999771118164,31.65999984741211,2350900,0,0,0.006037513130068284,0.9890659639964536,30.69650011062622,32.512284812562626,28.880715408689813,30.485000610351562,31.46500015258789,30.585000038146973,,31.1200008392334
2016-06-03,31.5,32.029998779296875,31.309999465942383,31.84000015258789,1889000,0,0,0.005685417120761427,0.9946892165617215,30.711500072479247,32.55992889878071,28.863071246177782,30.714999198913574,31.46500015258789,30.585000038146973,,32.52000045776367
2016-06-06,31.5,31.600000381469727,30.76000022888184,31.559999465942383,2260700,0,0,-0.008793991372602061,0.9859419281728574,30.71800003051758,32.577490826398474,28.85850923463668,30.714999198913574,31.399999618530273,30.707500457763672,,32.52000045776367
2016-06-07,31.399999618530277,31.600000381469727,31.209999084472656,31.290000915527344,5632200,0,0,-0.008555087293534491,0.9775071089109829,30.67450008392334,32.43398356995025,28.91501659789643,30.714999198913574,31.399999618530273,30.8725004196167,,32.0
2016-06-08,31.309999465942383,31.489999771118164,30.270000457763672,30.34000015258789,4006800,0,0,-0.030361161238190437,0.9478288579658591,30.592500114440917,32.24979230009287,28.93520792878896,30.9399995803833,31.260000228881836,30.982500076293945,30.079999923706055,32.38999938964844
2016-06-09,30.299999237060547,30.729999542236328,29.850000381469727,30.649999618530277,3048900,0,0,0.010217516953965555,0.9575133153915831,30.591000080108643,32.248024143660565,28.93397601655672,30.9399995803833,30.989999771118164,31.050000190734863,30.079999923706055,32.58000183105469
2016-06-10,30.3799991607666,30.5,29.6200008392334,29.75,2247100,0,0,-0.02936377258504619,0.9293971121512711,30.506500053405762,32.15395910626944,28.859041000542085,30.824999809265137,30.684999465942383,31.515000343322754,30.079999923706055,31.940000534057617
2016-06-13,29.530000686645508,29.81999969482422,29.01000022888184,29.049999237060547,1697700,0,0,-0.02352943740972957,0.9075289209721243,30.40950002670288,32.15813684579186,28.6608632076139,30.519999504089355,30.65999984741211,31.415000438690186,30.079999923706055,32.279998779296875
2016-06-14,28.96999931335449,29.3700008392334,28.809999465942383,29.06999969482422,2016200,0,0,0.0006884839342149451,0.908153740054049,30.310999965667726,32.12783811937347,28.494161811961984,30.41999912261963,30.65999984741211,31.195000171661377,30.079999923706055,32.18000030517578
2016-06-15,29.36000061035156,29.8700008392334,29.18000030517578,29.239999771118164,1700000,0,0,0.0058479559022566185,0.9134645830783545,30.26899995803833,32.14380615961076,28.394193756465892,30.41999912261963,30.65999984741211,31.18499994277954,30.079999923706055,24.989999771118164
2016-06-16,29.13999938964844,29.170000076293945,28.56999969482422,28.96999931335449,1417500,0,0,-0.009233941856263916,0.9050297042304527,30.26599988937378,32.14899006843246,28.3830097103151,30.085000038146973,30.399999618530273,31.18499994277954,30.079999923706055,24.3799991607666
2016-06-17,28.90999984741211,29.40999984741211,28.809999465942383,28.989999771118164,1700500,0,0,0.0006903851652648729,0.9056545233123775,30.243499851226808,32.17607744050501,28.3109222619486,30.085000038146973,30.399999618530273,31.152499675750732,30.079999923706055,24.36000061035156
2016-06-20,29.43000030517578,29.780000686645508,29.34000015258789,29.540000915527344,1733600,0,0,0.018972098956590244,0.9228366905491435,30.221499919891357,32.17570722677022,28.267292613012494,30.02999973297119,30.399999618530273,31.152499675750732,30.079999923706055,24.32999992370605
2016-06-21,29.63999938964844,29.82999992370605,29.299999237060547,29.440000534057617,1224500,0,0,-0.003385253160813617,0.9197126547255473,30.20999994277954,32.17986809084339,28.24013179471569,29.649999618530273,30.299999237060547,31.082499980926514,30.079999923706055,24.049999237060547
2016-06-22,29.440000534057617,29.46999931335449,29.049999237060547,29.059999465942383,1645900,0,0,-0.012907644742588653,0.9078413305130868,30.183999919891356,32.200133275596976,28.16786656418574,29.53499984741211,30.299999237060547,30.947499752044678,30.079999923706055,24.020000457763672
2016-06-23,29.38999938964844,29.68000030517578,29.170000076293945,29.299999237060547,2223800,0,0,0.00825876722397867,0.9153389807381015,30.16299991607666,32.20688888539243,28.119110946760895,29.22000026702881,30.299999237060547,30.669999599456787,30.079999923706055,23.809999465942383
2016-06-24,28.100000381469727,28.90999984741211,28.100000381469727,28.200000762939453,3648700,0,0,-0.03754261101583045,0.8809747654366242,30.063499927520752,32.2807978723794,27.846201982662098,28.985000610351562,30.0649995803833,30.71500015258789,30.045000076293945,22.8799991607666
2016-06-27,28.0,28.07999992370605,26.920000076293945,27.26000022888184,2700400,0,0,-0.03333335136972637,0.8516089240324629,29.892499923706055,32.404560739690325,27.380439107721784,28.395000457763672,29.47499942779541,30.892499923706055,30.045000076293945,23.520000457763672
2016-06-28,27.65999984741211,28.229999542236328,27.479999542236328,28.15999984741211,2236600,0,0,0.033015392919062636,0.8797251272727749,29.741999912261964,32.29067903193483,27.1933207925891,28.375,29.47499942779541,30.892499923706055,30.045000076293945,23.420000076293945
2016-06-29,28.57999992370605,30.149999618530277,28.459999084472656,30.040000915527344,3492800,0,0,0.06676140192834579,0.9384568100810977,29.670499992370605,32.097290811265005,27.243709173476205,28.53499984741211,29.47499942779541,30.9350004196167,30.045000076293945,23.520000457763672
2016-06-30,30.01000022888184,30.06999969482422,29.36000061035156,29.71999931335449,2777700,0,0,-0.010652516392149924,0.928459883528384,29.573499965667725,31.821048170294162,27.32595176104129,28.53499984741211,29.47499942779541,30.99250030517578,30.045000076293945,23.649999618530277
2016-07-01,29.71999931335449,30.239999771118164,29.209999084472656,29.3799991607666,2025800,0,0,-0.01144011307009385,0.9178381974797731,29.45049991607666,31.440277010952947,27.46072282120037,28.579999923706055,29.47499942779541,30.99250030517578,30.045000076293945,23.459999084472656
2016-07-05,29.299999237060547,29.3799991607666,28.799999237060547,29.01000022888184,1823000,0,0,-0.01259356509372711,0.9062793423943024,29.322999954223633,31.064541831909608,27.581458076537658,28.579999923706055,29.47499942779541,30.762500286102295,30.045000076293945,23.61000061035156
2016-07-06,28.920000076293945,29.61000061035156,28.649999618530277,29.520000457763672,2598000,0,0,0.01758015252871603,0.9222118714672187,29.23449993133545,30.726764352764405,27.742235509906493,28.579999923706055,29.47499942779541,30.74250030517578,30.045000076293945,24.780000686645508
2016-07-07,29.5,30.270000457763672,29.5,30.040000915527344,1674200,0,0,0.017615191385504048,0.9384568100810976,29.21949996948242,30.67209359877628,27.766906340188562,28.59500026702881,29.47499942779541,30.737500190734863,30.045000076293945,25.31999969482422
2016-07-08,30.420000076293945,31.149999618530277,30.399999618530277,30.790000915527344,1802700,0,0,0.02496671029102182,0.9618869893790288,29.226500034332275,30.707978617305407,27.745021451359143,29.03499984741211,29.47499942779541,30.887500286102295,30.045000076293945,25.18000030517578
2016-07-11,30.790000915527344,31.670000076293945,30.790000915527344,31.1200008392334,1781800,0,0,0.010717762711713208,0.9721962658866775,29.295000076293945,30.981805608444354,27.608194544143537,29.574999809265137,29.47499942779541,30.975000381469727,30.045000076293945,24.75
2016-07-12,31.1200008392334,32.63999938964844,31.100000381469727,32.52000045776367,3680200,0,0,0.0449871330583409,1.0159325886589436,29.4685001373291,31.662662059768163,27.27433821489004,30.549999237060547,29.77999973297119,31.089999675750732,30.045000076293945,24.559999465942383
2016-07-13,32.529998779296875,32.630001068115234,31.649999618530277,32.52000045776367,2073400,0,0,0.0,1.0159325886589436,29.641000175476073,32.19924737354808,27.082752977404066,30.644999504089355,29.77999973297119,31.057499408721924,30.045000076293945,24.920000076293945
2016-07-14,32.40999984741211,32.65999984741211,31.75,32.0,2522500,0,0,-0.015990173752889025,0.9996876500450648,29.779000186920165,32.52859409237607,27.029406281464258,30.65499973297119,29.789999961853027,31.057499408721924,30.045000076293945,25.040000915527344
2016-07-15,31.989999771118164,32.66999816894531,31.8700008392334,32.38999938964844,2694400,0,0,0.012187480926513672,1.0118713242124602,29.950000190734862,32.89755552356204,27.002444857907683,30.659998893737793,29.79499912261963,31.09999990463257,30.045000076293945,24.8799991607666
2016-07-18,32.31999969482422,32.709999084472656,32.13999938964844,32.58000183105469,2314900,0,0,0.005866083513017095,1.0178070459047177,30.129500293731688,33.255196778670026,27.00380380879335,30.679999351501465,29.8149995803833,30.964999675750732,30.045000076293945,25.18000030517578
2016-07-19,32.599998474121094,32.630001068115234,31.88999938964844,31.940000534057617,1890600,0,0,-0.019643992051192383,0.9978132523853178,30.249500274658203,33.45952275493834,27.039477794378065,31.104999542236328,29.8149995803833,30.75499963760376,30.045000076293945,24.899999618530277
2016-07-20,32.150001525878906,32.619998931884766,32.0099983215332,32.279998779296875,1926400,0,0,0.010644904181410952,1.0084348788479016,30.391500186920165,33.696621155557985,27.08637921828235,31.554999351501465,29.8149995803833,30.589999675750732,30.045000076293945,24.90999984741211
2016-07-21,32.29999923706055,32.540000915527344,31.850000381469727,32.18000030517578,3722300,0,0,-0.003097846279511929,1.0053109026103326,30.547500228881837,33.88122253888965,27.21377791887402,31.75,29.8149995803833,30.53999948501587,30.045000076293945,24.71999931335449
2016-07-22,27.36000061035156,27.38999938964844,24.15999984741211,24.989999771118164,32840600,0,0,-0.22343071677663062,0.7806935670567445,30.332000255584717,34.43761064856952,26.226389862599916,28.434999465942383,28.434999465942383,30.53999948501587,30.045000076293945,24.93000030517578
2016-07-25,25.18000030517578,25.38999938964844,24.100000381469727,24.3799991607666,9285000,0,0,-0.024409788552961942,0.7616370021602318,30.141000175476073,34.93185678343683,25.350143567515317,28.40499973297119,28.40499973297119,30.242499828338623,30.045000076293945,24.709999084472656
2016-07-26,24.5,24.76000022888184,24.25,24.36000061035156,4185100,0,0,-0.0008202851149898827,0.7610122426643342,29.99600019454956,35.2824209660528,24.70957942304632,28.40499973297119,28.40499973297119,30.242499828338623,30.045000076293945,24.309999465942383
2016-07-27,24.6299991607666,24.709999084472656,24.1299991607666,24.32999992370605,3578800,0,0,-0.001231555250157057,0.7600750140414472,29.80450019836426,35.601688438066425,24.007311958662093,28.40499973297119,28.40499973297119,30.214999675750732,30.045000076293945,24.459999084472656
2016-07-28,24.5,24.59000015258789,24.030000686645508,24.049999237060547,3004400,0,0,-0.01150845407001766,0.7513277256525831,29.505000114440918,35.82392470013626,23.186075528745572,28.369999885559082,28.369999885559082,29.97499942779541,30.045000076293945,24.3700008392334
2016-07-29,24.040000915527344,24.270000457763672,23.700000762939453,24.020000457763672,3488700,0,0,-0.0012473505300842902,0.7503905566157233,29.220000171661376,35.97824847723193,22.46175186609082,28.165000915527344,28.204999923706055,29.917499542236328,30.045000076293945,24.299999237060547
2016-08-01,23.81999969482422,24.15999984741211,23.549999237060547,23.809999465942383,3298100,0,0,-0.008742755529524304,0.7438300754275684,28.941500186920166,36.102003107631894,21.780997266208438,28.084999084472656,28.1299991607666,29.759999752044678,30.045000076293945,24.31999969482422
2016-08-02,23.75,23.809999465942383,22.809999465942383,22.8799991607666,3796500,0,0,-0.039059232508847574,0.7147766435643694,28.635000133514403,36.27180408996955,20.998196177059256,27.675000190734863,27.75999927520752,29.52500009536743,30.770000457763672,24.11000061035156
2016-08-03,22.549999237060547,23.8700008392334,22.5,23.520000457763672,2953500,0,0,0.02797208568497278,0.7347704370837692,28.335000133514406,36.27782089644776,20.39217937058105,24.94499969482422,27.604999542236328,28.93499994277954,30.5600004196167,23.479999542236328
2016-08-04,23.59000015258789,23.989999771118164,23.299999237060547,23.420000076293945,2640400,0,0,-0.004251716816472961,0.731646401260173,28.004000091552733,36.18580467669577,19.8221955064097,23.94499969482422,27.604999542236328,28.924999713897705,30.5600004196167,23.71999931335449
2016-08-05,23.63999938964844,23.950000762939453,23.46999931335449,23.520000457763672,2218900,0,0,0.004269871099229716,0.7347704370837692,27.64050006866455,35.94131505747712,19.339685079851982,23.630000114440918,27.604999542236328,29.00499963760376,30.5600004196167,23.09000015258789
2016-08-08,23.690000534057617,24.040000915527344,23.600000381469727,23.649999618530277,1942500,0,0,0.005527175095087822,0.7388316419442255,27.267000007629395,35.580314797737806,18.953685217520984,23.604999542236328,27.604999542236328,29.00499963760376,30.5600004196167,22.8700008392334
2016-08-09,23.61000061035156,23.82999992370605,23.350000381469727,23.459999084472656,2107200,0,0,-0.008033849349779798,0.7328959798379951,26.813999938964844,34.915391501498945,18.71260837643074,23.545000076293945,27.604999542236328,29.027499675750732,30.5600004196167,23.25
2016-08-10,23.59000015258789,23.88999938964844,23.520000457763672,23.61000061035156,2018300,0,0,0.006393927183832915,0.7375820633664032,26.368499946594238,34.13526231965054,18.601737573537932,23.385000228881836,27.604999542236328,29.027499675750732,30.5600004196167,22.84000015258789
2016-08-11,23.950000762939453,24.93000030517578,23.84000015258789,24.780000686645508,4948400,0,0,0.04955527513967861,0.7741331454546172,26.007499980926514,33.348726229365205,18.666273732487824,23.71500015258789,27.604999542236328,29.027499675750732,30.5600004196167,23.1299991607666
2016-08-12,24.6200008392334,25.43000030517578,24.5,25.31999969482422,4410900,0,0,0.021791726925565857,0.7910028435643935,25.653999996185302,32.380618555812724,18.92738143655788,23.96500015258789,27.604999542236328,29.03499984741211,30.5600004196167,23.229999542236328
2016-08-15,25.34000015258789,25.920000076293945,25.100000381469727,25.18000030517578,4118700,0,0,-0.005529201869503009,0.7866292291629751,25.283999919891357,31.203484784144223,19.364515055638492,24.210000038146973,27.604999542236328,29.25499963760376,30.5600004196167,21.21999931335449
2016-08-16,25.0,25.200000762939453,24.549999237060547,24.75,4569900,0,0,-0.01707705718682595,0.7731959168317302,24.924499893188475,29.98590962668522,19.86309015969173,24.609999656677246,27.604999542236328,29.524999618530273,30.539999961853027,21.93000030517578
2016-08-17,24.75,24.940000534057617,24.520000457763672,24.559999465942383,2066400,0,0,-0.007676789254853267,0.7672602547255,24.538499927520753,28.293908358567087,20.78309149647442,24.635000228881836,27.604999542236328,30.16499948501587,30.539999961853027,22.09000015258789
2016-08-18,24.76000022888184,25.26000022888184,24.729999542236328,24.920000076293945,3264200,0,0,0.014658005626212667,0.7785067598560357,24.17549991607666,25.514648519218888,22.836351312934433,24.635000228881836,27.604999542236328,30.212499618530273,30.47499942779541,22.020000457763672
2016-08-19,24.90999984741211,25.350000381469727,24.86000061035156,25.040000915527344,2218300,0,0,0.004815442972151196,0.7822556147615566,24.17799997329712,25.523461942254496,22.832538004339742,24.635000228881836,27.604999542236328,30.22249984741211,30.47499942779541,22.15999984741211
2016-08-22,25.13999938964844,25.420000076293945,24.63999938964844,24.8799991607666,2112600,0,0,-0.006389846202502492,0.7772571216921862,24.202999973297118,25.581089237209202,22.824910709385033,24.72000026702881,27.604999542236328,30.22749900817871,30.335000038146973,22.479999542236328
2016-08-23,25.229999542236328,25.479999542236328,25.149999618530277,25.18000030517578,2447000,0,0,0.01205792421738705,0.786629229162975,24.24399995803833,25.686339880777286,22.801660035299374,24.880000114440918,27.565000534057617,30.247499465942383,30.0649995803833,21.90999984741211
2016-08-24,25.18000030517578,25.479999542236328,24.82999992370605,24.899999618530277,1603800,0,0,-0.011119963592214455,0.777881940774111,24.27249994277954,25.743069157531263,22.801930728027816,25.210000038146973,27.559999465942383,30.459999561309814,29.8149995803833,22.899999618530277
2016-08-25,24.899999618530277,25.299999237060547,24.82999992370605,24.90999984741211,1816600,0,0,0.00040161562389706695,0.7781943503150732,24.31549997329712,25.807900111699006,22.82309983489523,25.22000026702881,27.520000457763672,30.684999465942383,29.8149995803833,23.049999237060547
2016-08-26,24.81999969482422,25.100000381469727,24.520000457763672,24.71999931335449,1354200,0,0,-0.0076274803380763645,0.7722586882088429,24.35049991607666,25.846404844198478,22.854594987954844,25.0,24.94499969482422,30.78249979019165,29.8149995803833,23.1299991607666
2016-08-29,24.799999237060547,25.049999237060547,24.790000915527344,24.93000030517578,980300,0,0,0.00849518598925858,0.7788191693969979,24.40649995803833,25.901117581442954,22.91188233463371,25.0,24.210000038146973,28.434999465942383,28.434999465942383,23.020000457763672
2016-08-30,24.82999992370605,24.950000762939453,24.649999618530277,24.709999084472656,1530200,0,0,-0.008824758042921044,0.7719462786678807,24.497999954223634,25.819933155289547,23.17606675315772,25.0,24.210000038146973,28.40499973297119,28.40499973297119,22.8700008392334
2016-08-31,24.670000076293945,24.86000061035156,24.100000381469727,24.309999465942383,1984200,0,0,-0.016187763389340915,0.7594501949595228,24.53749990463257,25.784477653379092,23.290522155886045,24.789999961853027,24.210000038146973,28.40499973297119,28.40499973297119,22.899999618530277
2016-09-01,24.299999237060547,24.540000915527344,24.0,24.459999084472656,2052300,0,0,0.006170284731614961,0.7641362189019035,24.589499855041502,25.726486286521297,23.452513423561708,24.739999771118164,24.210000038146973,28.40499973297119,28.40499973297119,23.040000915527344
2016-09-02,24.489999771118164,24.700000762939453,24.209999084472656,24.3700008392334,1293000,0,0,-0.0036794050943521617,0.7613246522052969,24.63199987411499,25.663457735854177,23.6005420123758,24.739999771118164,24.210000038146973,28.369999885559082,28.369999885559082,22.59000015258789
2016-09-06,24.40999984741211,24.5,24.1200008392334,24.299999237060547,1614100,0,0,-0.0028724497235205204,0.7591377854185605,24.664499855041505,25.606276913312747,23.722722796770263,24.739999771118164,24.210000038146973,28.1850004196167,28.204999923706055,23.07999992370605
2016-09-07,24.25,24.350000381469727,24.09000015258789,24.31999969482422,2383800,0,0,0.0008230641313424769,0.7597626045004853,24.70749988555908,25.488602959204076,23.926396811914085,24.649999618530273,24.210000038146973,28.10749912261963,28.1299991607666,22.75
2016-09-08,24.25,24.399999618530277,24.01000022888184,24.11000061035156,1803400,0,0,-0.008634830884366784,0.7532021828983575,24.732499885559083,25.392983958671103,24.072015812447063,24.550000190734863,24.210000038146973,27.71749973297119,27.75999927520752,22.82999992370605
2016-09-09,24.0,24.0,23.479999542236328,23.479999542236328,1904700,0,0,-0.026130280056680832,0.7335207989199201,24.667499828338624,25.525336723823184,23.809662932854064,24.264999389648438,24.609999656677246,26.274999618530273,27.604999542236328,22.1200008392334
2016-09-12,23.31999969482422,23.81999969482422,23.229999542236328,23.71999931335449,2306200,0,0,0.010221455527988477,0.7410184491449346,24.587499809265136,25.48496152900909,23.69003808952118,24.09000015258789,24.574999809265137,25.774999618530273,27.604999542236328,22.670000076293945
2016-09-13,23.450000762939453,23.649999618530277,22.770000457763672,23.09000015258789,3374600,0,0,-0.02655983048076671,0.7213371247525245,24.482999801635742,25.552443251865174,23.41355635140631,23.815000534057617,24.34500026702881,25.617499828338623,27.604999542236328,22.920000076293945
2016-09-14,23.09000015258789,23.149999618530277,22.600000381469727,22.8700008392334,2560300,0,0,-0.009527904369885154,0.7144642936094345,24.38899984359741,25.661640453712607,23.116359233482214,23.65000057220459,24.260000228881836,25.604999542236328,27.604999542236328,22.940000534057617
2016-09-15,22.700000762939453,23.34000015258789,22.440000534057617,23.25,3294800,0,0,0.01661561638925324,0.7263355582358677,24.323499870300292,25.686825822058395,22.96017391854219,23.570000648498535,24.18000030517578,25.574999809265137,27.604999542236328,18.979999542236328
2016-09-16,23.1299991607666,23.1299991607666,22.6200008392334,22.84000015258789,3539600,0,0,-0.0176344020392305,0.7135270649865475,24.21949987411499,25.69867237904313,22.74032736918685,23.47000026702881,24.18000030517578,25.494999885559082,27.604999542236328,19.34000015258789
2016-09-19,22.979999542236328,23.3700008392334,22.81999969482422,23.1299991607666,2530900,0,0,0.01269697925750024,0.7225867033303467,24.123999786376952,25.62565013151515,22.622349441238754,23.420000076293945,24.18000030517578,25.65999984741211,27.604999542236328,19.770000457763672
2016-09-20,23.299999237060547,23.34000015258789,23.09000015258789,23.229999542236328,2423700,0,0,0.004323406186687029,0.7257107391539429,24.04149980545044,25.549302694540604,22.533696916360274,23.420000076293945,24.18000030517578,25.78499984741211,27.604999542236328,20.07999992370605
2016-09-21,22.09000015258789,22.350000381469727,20.899999618530277,21.21999931335449,13164900,0,0,-0.08652605546665193,0.6629178514851639,23.843499755859373,25.70426981776305,21.982729693955697,22.449999809265137,23.1899995803833,25.90749979019165,27.604999542236328,20.32999992370605
2016-09-22,21.299999237060547,21.979999542236328,21.049999237060547,21.93000030517578,5713100,0,0,0.03345904876511763,0.685098452205273,23.69499979019165,25.666780986771023,21.723218593612273,22.359999656677246,23.1899995803833,26.107499599456787,27.604999542236328,20.799999237060547
2016-09-23,21.899999618530277,22.600000381469727,21.84000015258789,22.09000015258789,3794200,0,0,0.007295934572985274,0.6900968856886162,23.553999805450438,25.561459455330603,21.546540155570273,22.274999618530277,23.1899995803833,26.119999885559082,27.604999542236328,21.030000686645508
2016-09-26,22.0,22.209999084472656,21.8799991607666,22.020000457763672,2137100,0,0,-0.0031688408483789843,0.687910078487907,23.418999862670894,25.4578945469671,21.380105178374688,22.135000228881836,23.1899995803833,26.119999885559082,27.604999542236328,20.71999931335449
2016-09-27,22.0,22.239999771118164,21.81999969482422,22.15999984741211,2478300,0,0,0.006357828643871688,0.6922836928893255,23.280499839782713,25.265036542532773,21.295963137032654,22.135000228881836,23.1899995803833,26.119999885559082,27.604999542236328,20.420000076293945
2016-09-28,22.280000686645508,22.739999771118164,22.18000030517578,22.479999542236328,2581500,0,0,0.014440419540959093,0.7022805598560118,23.168999862670894,25.06755404082768,21.270445684514108,22.135000228881836,23.1899995803833,26.16249990463257,27.604999542236328,19.6200008392334
2016-09-29,22.3700008392334,22.450000762939453,21.899999618530277,21.90999984741211,2733900,0,0,-0.02535585882701108,0.6844736331233484,23.048999881744383,24.947298506105533,21.150701257383233,22.135000228881836,23.1899995803833,26.222500324249268,27.604999542236328,19.950000762939453
2016-09-30,22.5,23.13999938964844,22.36000061035156,22.899999618530277,3755600,0,0,0.04518483697000586,0.7154014626462946,22.970999908447265,24.75450243972453,21.18749737717,22.119999885559082,23.09999942779541,26.384999752044678,27.604999542236328,20.540000915527344
2016-10-03,22.899999618530277,23.1299991607666,22.84000015258789,23.049999237060547,2403900,0,0,0.006550201791658328,0.7200874865886753,22.904999828338624,24.56897169281454,21.24102796386271,22.01999950408936,23.0,26.37000036239624,27.604999542236328,20.93000030517578
2016-10-04,23.07999992370605,23.25,22.71999931335449,23.1299991607666,2260500,0,0,0.003470712640086804,0.7225867033303469,22.846499824523924,24.386543281644904,21.306456367402944,22.149999618530273,22.97499942779541,24.97249984741211,27.604999542236328,21.200000762939453
2016-10-05,23.13999938964844,23.43000030517578,22.96999931335449,23.020000457763672,2253100,0,0,-0.004755672589453086,0.7191503175518155,22.7814998626709,24.167768631327625,21.39523109401417,22.625,22.925000190734863,24.605000019073486,27.604999542236328,21.40999984741211
2016-10-06,22.8799991607666,22.950000762939453,22.56999969482422,22.8700008392334,1475600,0,0,-0.006516056279211924,0.7144642936094348,22.71949987411499,23.964864612179834,21.474135136050148,22.625,22.880000114440918,24.605000019073486,27.604999542236328,21.709999084472656
2016-10-07,22.93000030517578,22.950000762939453,22.739999771118164,22.899999618530277,1721700,0,0,0.0013117087099276947,0.7154014626462946,22.69049987792969,23.8893249766087,21.491674779250676,22.625,22.800000190734863,24.5,27.604999542236328,21.989999771118164
2016-10-10,22.940000534057617,23.38999938964844,22.93000030517578,23.040000915527344,2077300,0,0,0.006113593857171029,0.7197751366337402,22.65649995803833,23.771358822216936,21.541641093859727,22.664999961853027,22.800000190734863,24.47499990463257,27.604999542236328,22.18000030517578
2016-10-11,22.899999618530277,22.989999771118164,22.440000534057617,22.59000015258789,1746400,0,0,-0.019531282337588163,0.7057170052205705,22.63149995803833,23.72844166608832,21.53455824998834,22.664999961853027,22.699999809265137,24.47499990463257,27.604999542236328,22.239999771118164
2016-10-12,22.63999938964844,23.309999465942383,22.540000915527344,23.07999992370605,1734400,0,0,0.02169100344437247,0.7210247152115621,22.641999912261962,23.75195715067828,21.532042673845645,22.895000457763672,22.649999618530277,24.47499990463257,27.604999542236328,22.540000915527344
2016-10-13,22.8799991607666,22.920000076293945,22.309999465942383,22.75,1956600,0,0,-0.014298090329155522,0.7107154387039135,22.616999912261964,23.692682882924355,21.541316941599572,22.869999885559082,22.649999618530277,24.429999828338623,27.604999542236328,22.229999542236328
2016-10-14,22.940000534057617,23.149999618530277,22.76000022888184,22.82999992370605,1895700,0,0,0.0035164801629032905,0.7132146554455849,22.616499900817868,23.69177255256165,21.541227249074087,22.869999885559082,22.449999809265137,24.380000114440918,27.604999542236328,22.280000686645508
2016-10-17,22.770000457763672,22.88999938964844,22.020000457763672,22.1200008392334,2972400,0,0,-0.031099390575792696,0.6910341143115033,22.56599998474121,23.634843756186296,21.497156213296126,22.725000381469727,22.359999656677246,24.437499523162842,27.604999542236328,22.3700008392334
2016-10-18,22.31999969482422,22.76000022888184,22.290000915527344,22.670000076293945,3987400,0,0,0.02486434069591148,0.708216221962242,22.53800001144409,23.563816348163577,21.512183674724604,22.704999923706055,22.274999618530277,24.332499980926514,27.604999542236328,22.71999931335449
2016-10-19,22.799999237060547,23.200000762939453,22.790000915527344,22.920000076293945,3718500,0,0,0.011027789993764747,0.716026281728219,22.623000049591063,23.46047154100948,21.785528558172647,22.704999923706055,22.164999961853027,24.080000400543213,27.604999542236328,22.13999938964844
2016-10-20,22.90999984741211,23.100000381469727,22.559999465942383,22.940000534057617,5581700,0,0,0.0008726203183724301,0.7166511008101437,22.673500061035156,23.457249051056547,21.889751071013766,22.704999923706055,22.164999961853027,23.955000400543213,27.604999542236328,22.280000686645508
2016-10-21,19.229999542236328,19.920000076293945,18.809999465942383,18.979999542236328,24659100,0,0,-0.17262427635701738,0.5929397231323328,22.518000030517577,24.308502925112276,20.727497135922878,21.059999465942383,21.119999885559082,23.875000476837158,27.574999809265137,21.479999542236328
2016-10-24,19.1200008392334,19.3799991607666,19.020000457763672,19.34000015258789,6248800,0,0,0.018967366650902706,0.6041862282628685,22.38400001525879,24.647889641211396,20.12011038930618,21.059999465942383,21.119999885559082,23.825000286102295,27.574999809265137,22.780000686645508
2016-10-25,19.040000915527344,19.790000915527344,19.020000457763672,19.770000457763672,4630300,0,0,0.022233728117020846,0.6176195405941134,22.264500045776366,24.80199177311288,19.72700831843985,21.005000114440918,21.119999885559082,23.800000190734863,27.574999809265137,26.399999618530277
2016-10-26,19.799999237060547,20.540000915527344,19.75,20.07999992370605,4222400,0,0,0.015680296346206823,0.6273039980198372,22.144500064849854,24.85302373004946,19.435976399650247,21.005000114440918,21.119999885559082,23.800000190734863,27.574999809265137,26.15999984741211
2016-10-27,20.190000534057617,20.600000381469727,20.07999992370605,20.32999992370605,2507100,0,0,0.012450199250491734,0.6351140577858142,22.06550006866455,24.88781037869741,19.243189758631694,21.005000114440918,21.119999885559082,22.81999969482422,26.804999351501465,26.13999938964844
2016-10-28,20.36000061035156,21.0,20.36000061035156,20.799999237060547,3140000,0,0,0.023118510335381037,0.6497969486948814,21.960500049591065,24.807227110809087,19.113772988373043,21.005000114440918,21.119999885559082,22.774999618530273,26.804999351501465,26.5
2016-10-31,20.809999465942383,21.229999542236328,20.700000762939453,21.030000686645508,2893600,0,0,0.011057762404873328,0.656982248964961,21.859500122070312,24.687514483237205,19.03148576090342,21.005000114440918,21.119999885559082,22.732499599456787,26.804999351501465,27.32999992370605
2016-11-01,21.059999465942383,21.46999931335449,20.540000915527344,20.71999931335449,2726500,0,0,-0.014740911230111231,0.6472977319532097,21.739000129699708,24.545263842911638,18.932736416487778,20.954999923706055,21.119999885559082,22.66249990463257,26.804999351501465,27.540000915527344
2016-11-02,20.489999771118164,21.100000381469727,20.34000015258789,20.420000076293945,2589700,0,0,-0.014478728137176544,0.6379256840684482,21.60900011062622,24.4066334219228,18.81136679932964,20.139999389648438,21.119999885559082,22.66249990463257,26.804999351501465,27.209999084472656
2016-11-03,20.1299991607666,20.18000030517578,19.59000015258789,19.6200008392334,2758500,0,0,-0.03917723967049758,0.6129335166517325,21.44650011062622,24.30977623525428,18.583223985998163,20.244999885559082,21.119999885559082,22.66249990463257,26.804999351501465,26.40999984741211
2016-11-04,19.649999618530277,20.280000686645508,19.649999618530277,19.950000762939453,2636100,0,0,0.016819567257416512,0.6232427931593811,21.29900016784668,24.15137114102175,18.446629194671605,20.244999885559082,21.119999885559082,22.66249990463257,26.765000343322754,26.15999984741211
2016-11-07,20.01000022888184,20.81999969482422,20.01000022888184,20.540000915527344,2644300,0,0,0.029573941354624766,0.6416745389739692,21.17400016784668,23.926537187456926,18.42146314823643,20.52999973297119,21.119999885559082,22.609999656677246,26.75999927520752,26.020000457763672
2016-11-08,20.459999084472656,21.040000915527344,20.309999465942383,20.93000030517578,2018000,0,0,0.018987311210566515,0.6538582131413647,21.091000175476072,23.765927971530964,18.41607237942118,20.52999973297119,21.119999885559082,22.509999752044678,26.72000026702881,25.61000061035156
2016-11-09,20.25,21.46999931335449,20.01000022888184,21.200000762939453,2760300,0,0,0.012900165018005394,0.6622930919892664,20.997000217437744,23.511363803104892,18.482636631770596,20.52999973297119,21.119999885559082,22.562499523162842,24.14499950408936,25.170000076293945
2016-11-10,21.3700008392334,22.020000457763672,21.200000762939453,21.40999984741211,2758600,0,0,0.009905616835625963,0.6688535135913941,20.930000209808348,23.32103114691195,18.538969272704747,20.80500030517578,21.09999942779541,22.77500009536743,23.40999984741211,25.34000015258789
2016-11-11,21.709999084472656,21.8700008392334,21.459999084472656,21.709999084472656,1965600,0,0,0.014012108323149253,0.6782255614761558,20.87400016784668,23.13175470278883,18.616245632904533,20.80500030517578,21.09999942779541,22.75250005722046,23.40999984741211,25.18000030517578
2016-11-14,21.76000022888184,22.450000762939453,21.75,21.989999771118164,2027400,0,0,0.012897314530324833,0.6869728498650199,20.86750011444092,23.11142521792116,18.62357501096068,21.020000457763672,21.09999942779541,22.71250009536743,23.40999984741211,25.1299991607666
2016-11-15,22.149999618530277,22.440000534057617,21.729999542236328,22.18000030517578,1952800,0,0,0.008640315417700162,0.6929085119712501,20.84300012588501,23.016513598018097,18.66948665375192,21.020000457763672,21.059999465942383,22.732500076293945,23.40999984741211,24.049999237060547
2016-11-16,22.1200008392334,22.600000381469727,22.1200008392334,22.239999771118164,2347700,0,0,0.002705115649993095,0.694782909630997,20.809000110626222,22.86857525916543,18.749424962087016,21.125,21.059999465942383,22.682499885559082,23.40999984741211,24.479999542236328
2016-11-17,22.229999542236328,22.739999771118164,22.200000762939453,22.540000915527344,1900000,0,0,0.013489260229164746,0.7041550171017857,20.78900012969971,22.77089068655677,18.80710957284265,21.375,21.005000114440918,22.772500038146973,23.40999984741211,24.59000015258789
2016-11-18,22.479999542236328,22.559999465942383,22.11000061035156,22.229999542236328,1528600,0,0,-0.013753387786131888,0.6944705000900345,20.951500129699706,22.843401152739883,19.05959910665953,21.375,21.005000114440918,22.759999752044678,23.40999984741211,24.600000381469727
2016-11-21,22.200000762939453,22.5,22.200000762939453,22.280000686645508,2000600,0,0,0.0022492643022407055,0.6960325477948462,21.098500156402586,22.921596925836074,19.2754033869691,21.375,21.005000114440918,22.65999984741211,23.40999984741211,24.649999618530277
2016-11-22,22.299999237060547,22.63999938964844,22.25,22.3700008392334,1586700,0,0,0.0040395040311571595,0.6988441740774801,21.228500175476075,23.024433860651033,19.432566490301117,21.97000026702881,21.005000114440918,22.542500019073486,23.40999984741211,24.57999992370605
2016-11-23,22.299999237060547,22.84000015258789,22.299999237060547,22.71999931335449,1829600,0,0,0.015645885605299004,0.709778210081026,21.360500144958497,23.18752089515398,19.533479394763013,22.149999618530273,21.005000114440918,22.489999771118164,23.40999984741211,24.88999938964844
2016-11-25,22.649999618530277,22.68000030517578,22.040000915527344,22.13999938964844,1176200,0,0,-0.02552816642759015,0.6916588738074005,21.451000118255614,23.243492284035057,19.65850795247617,22.28499984741211,20.954999923706055,22.43499994277954,23.40999984741211,25.61000061035156
2016-11-28,22.13999938964844,22.40999984741211,21.96999931335449,22.280000686645508,2347800,0,0,0.006323455323242966,0.6960325477948461,21.525000190734865,23.326152345151257,19.723848036318472,22.28499984741211,20.824999809265137,22.43499994277954,23.40999984741211,25.21999931335449
2016-11-29,22.209999084472656,22.25,21.32999992370605,21.479999542236328,3593200,0,0,-0.03590669298716387,0.6710403207921032,21.547500133514404,23.334388488815584,19.760611778213224,22.085000038146973,20.93000030517578,21.089999675750732,22.364999771118164,25.030000686645508
2016-11-30,21.479999542236328,23.09000015258789,21.420000076293945,22.780000686645508,6723100,0,0,0.06052146983769591,0.7116526673268002,21.650500202178954,23.47224553391837,19.828754870439536,22.210000038146973,21.05500030517578,21.089999675750732,22.364999771118164,25.149999618530277
2016-12-01,24.71999931335449,26.479999542236328,24.649999618530277,26.399999618530277,13015700,0,0,0.15891127404605165,0.824742299369973,21.949500179290773,24.635023322915252,19.263977035666294,23.90499973297119,23.03499984741211,21.0625,22.364999771118164,25.6200008392334
2016-12-02,25.8700008392334,26.56999969482422,25.57999992370605,26.15999984741211,4738400,0,0,-0.009090900552502723,0.8172446491449582,22.276500129699706,25.32066154362947,19.23233871576994,23.949999809265137,23.079999923706055,21.0625,22.364999771118164,25.239999771118164
2016-12-05,26.059999465942383,26.350000381469727,25.979999542236328,26.13999938964844,3107900,0,0,-0.0007645434969544285,0.8166198300630336,22.586000061035158,25.872822149187538,19.299177972882777,23.949999809265137,23.079999923706055,21.0625,22.144999504089355,25.51000022888184
2016-12-06,26.200000762939453,26.51000022888184,25.959999084472656,26.5,3280400,0,0,0.01377202061045657,0.8278663351935692,22.88400001525879,26.447022258105306,19.32097777241227,23.949999809265137,23.079999923706055,21.0625,22.144999504089355,25.459999084472656
2016-12-07,26.559999465942383,27.40999984741211,26.51000022888184,27.32999992370605,2924600,0,0,0.03132075183796412,0.8537957312331719,23.203999996185303,27.141730694525545,19.26626929784506,24.369999885559082,23.5,21.0625,22.144999504089355,25.270000457763672
2016-12-08,27.21999931335449,27.76000022888184,27.200000762939453,27.540000915527344,2412700,0,0,0.0076839001978605825,0.860356212421327,23.5210000038147,27.774083122174318,19.26791688545508,24.545000076293945,23.675000190734863,21.03749990463257,22.144999504089355,25.229999542236328
2016-12-09,27.56999969482422,27.649999618530277,26.920000076293945,27.209999084472656,1737200,0,0,-0.011982636894853127,0.8500468763276511,23.810999965667726,28.23809278606486,19.38390714527059,24.545000076293945,23.675000190734863,20.62999963760376,22.144999504089355,24.549999237060547
2016-12-12,26.989999771118164,26.989999771118164,26.170000076293945,26.40999984741211,1568000,0,0,-0.029400928481363553,0.8250547089109354,24.046000003814697,28.501230222712874,19.59076978491652,24.59000015258789,23.70499992370606,20.682499885559082,22.144999504089355,24.96999931335449
2016-12-13,26.21999931335449,26.76000022888184,26.13999938964844,26.15999984741211,1381800,0,0,-0.009466111376161046,0.8172446491449583,24.254500007629396,28.695466669173065,19.813533346085727,26.20499992370606,23.88500022888184,20.682499885559082,22.144999504089355,24.86000061035156
2016-12-14,26.229999542236328,26.299999237060547,25.770000457763672,26.020000457763672,1373000,0,0,-0.005351658656920333,0.8128710347435398,24.44650001525879,28.843454103149,20.049545927368577,26.670000076293945,23.88500022888184,20.824999809265137,22.054999351501465,25.899999618530277
2016-12-15,26.100000381469727,26.200000762939453,25.479999542236328,25.61000061035156,2034500,0,0,-0.01575710377398476,0.8000625414942195,24.61500005722046,28.91705946770633,20.31294064673459,26.619999885559082,23.88500022888184,20.824999809265137,21.954999923706055,25.780000686645508
2016-12-16,25.670000076293945,25.670000076293945,25.149999618530277,25.170000076293945,2477900,0,0,-0.01718080919841003,0.7863168196220123,24.74650001525879,28.945251863358976,20.547748167158602,26.45499992370606,24.480000495910645,20.824999809265137,21.929999351501465,24.979999542236328
2016-12-19,25.21999931335449,25.57999992370605,25.030000686645508,25.34000015258789,1454100,0,0,0.006754075318976982,0.7916276626463178,24.90200004577637,28.942115952736643,20.861884138816094,26.395000457763672,24.545000076293945,20.952499866485596,21.880000114440918,24.96999931335449
2016-12-20,25.350000381469727,25.46999931335449,24.90999984741211,25.18000030517578,1658300,0,0,-0.006314121801446415,0.7866292291629746,25.047000026702882,28.902270890430046,21.19172916297572,26.335000038146973,24.545000076293945,20.952499866485596,21.835000038146973,24.920000076293945
2016-12-21,25.190000534057617,25.200000762939453,24.670000076293945,25.1299991607666,1153200,0,0,-0.0019857483639069695,0.7850671814581628,25.18499994277954,28.83719668510838,21.5328032004507,26.15999984741211,24.545000076293945,21.05999994277954,21.755000114440918,25.1200008392334
2016-12-22,24.959999084472656,24.959999084472656,23.959999084472656,24.049999237060547,2185000,0,0,-0.04297652048441647,0.751327725652583,25.251499938964844,28.76612294794117,21.73687692998852,25.47499942779541,24.545000076293945,21.039999961853027,21.755000114440918,24.290000915527344
2016-12-23,24.46999931335449,24.86000061035156,24.399999618530277,24.479999542236328,1485100,0,0,0.017879431135829682,0.7647610379838279,25.368499946594238,28.602704771111277,22.134295122077198,25.359999656677246,24.545000076293945,21.09249973297119,21.65499973297119,23.65999984741211
2016-12-27,24.450000762939453,25.01000022888184,24.450000762939453,24.59000015258789,1183300,0,0,0.004493489068975398,0.7681974833483864,25.483999919891357,28.41657975749574,22.551420082286974,25.1299991607666,24.545000076293945,21.19000005722046,21.604999542236328,23.51000022888184
2016-12-28,24.65999984741211,24.850000381469727,24.32999992370605,24.600000381469727,1043500,0,0,0.0004066786831957714,0.7685098928893489,25.63999996185303,27.9676836418419,23.312316281864156,25.079999923706055,24.545000076293945,21.19000005722046,21.604999542236328,23.26000022888184
2016-12-29,24.709999084472656,24.93000030517578,24.440000534057617,24.649999618530277,744400,0,0,0.002032489279886862,0.7700718810081335,25.733499908447264,27.715190448324616,23.751809368569912,24.8149995803833,24.545000076293945,21.19000005722046,21.40499973297119,22.59000015258789
2016-12-30,24.709999084472656,24.850000381469727,24.51000022888184,24.57999992370605,1171400,0,0,-0.0028397442558824038,0.7678850738074241,25.642499923706055,27.660622683986904,23.624377163425205,24.769999504089355,24.545000076293945,21.487500190734863,21.3149995803833,22.540000915527344
2017-01-03,25.0,25.239999771118164,24.6200008392334,24.88999938964844,1147700,0,0,0.01261185788871444,0.7775695312331483,25.57899990081787,27.608003971933016,23.549995829702723,24.714999198913574,24.545000076293945,21.577499866485596,21.229999542236328,23.280000686645508
2017-01-04,24.959999084472656,25.670000076293945,24.959999084472656,25.61000061035156,1391300,0,0,0.028927329785414235,0.8000625414942195,25.552499961853027,27.565104974794867,23.539894948911186,24.8149995803833,24.545000076293945,21.619999885559082,21.119999885559082,27.780000686645508
2017-01-05,25.239999771118164,25.299999237060547,24.68000030517578,25.21999931335449,1482000,0,0,-0.015228476677170866,0.7878788077407968,25.488499927520753,27.45696432332736,23.520035531714147,24.8149995803833,24.545000076293945,21.554999828338623,21.119999885559082,26.989999771118164
2017-01-06,25.36000061035156,25.489999771118164,24.93000030517578,25.030000686645508,1419900,0,0,-0.007533649162645761,0.781943205220594,25.373499965667726,27.156258603986238,23.590741327349214,25.0,24.59000015258789,21.507500171661377,21.119999885559082,26.63999938964844
2017-01-09,24.989999771118164,25.18000030517578,24.84000015258789,25.149999618530277,1091800,0,0,0.004794204098795385,0.7856920005400878,25.25399990081787,26.731010314523886,23.776989487111855,25.0,25.859999656677246,21.632500171661377,21.119999885559082,26.38999938964844
2017-01-10,25.25,25.86000061035156,25.25,25.6200008392334,977400,0,0,0.01868792158377719,0.800374951035182,25.174499988555908,26.361733474321586,23.98726650279023,25.095000267028805,25.859999656677246,23.46999979019165,22.644999504089355,25.56999969482422
2017-01-11,25.540000915527344,25.76000022888184,25.15999984741211,25.239999771118164,1245400,0,0,-0.01483220357796855,0.7885036268227216,25.11599998474121,26.15903296743732,24.072967002045104,25.15000057220459,25.859999656677246,23.514999866485596,22.6899995803833,26.280000686645508
2017-01-12,25.020000457763672,25.61000061035156,24.90999984741211,25.51000022888184,1132300,0,0,0.010697324097151295,0.7969385056706234,25.0835000038147,26.029364767507357,24.13763524012204,25.1850004196167,25.859999656677246,23.514999866485596,22.6899995803833,26.459999084472656
2017-01-13,25.6200008392334,25.86000061035156,25.239999771118164,25.459999084472656,1080000,0,0,-0.001960060523738205,0.7953764579658115,25.055499935150145,25.917372093076633,24.193627777223657,25.24000072479248,25.859999656677246,23.514999866485596,22.6899995803833,26.5
2017-01-17,25.170000076293945,25.59000015258789,25.06999969482422,25.270000457763672,1801300,0,0,-0.0074626328963561805,0.7894408554456085,25.038499927520753,25.868433897511423,24.208565957530084,25.270000457763672,25.859999656677246,23.93499994277954,23.109999656677246,26.21999931335449
2017-01-18,25.399999618530277,25.440000534057617,24.729999542236328,25.229999542236328,2069400,0,0,-0.001582940831132973,0.7881912172817591,25.041499900817872,25.87376932554769,24.209230476088052,25.270000457763672,25.804999351501465,24.110000133514404,23.28499984741211,26.5
2017-01-19,25.34000015258789,25.479999542236328,24.399999618530277,24.549999237060547,1699400,0,0,-0.026952053805527232,0.7669478451845372,25.001999855041504,25.848871149144472,24.155128560938536,25.130000114440918,25.47499942779541,24.110000133514404,23.28499984741211,26.479999542236328
2017-01-20,24.76000022888184,25.11000061035156,24.63999938964844,24.96999931335449,1419600,0,0,0.01710794661288273,0.7800687479748197,24.991499805450438,25.834438713154217,24.14856089774666,25.130000114440918,25.359999656677246,24.147500038146973,23.28499984741211,25.670000076293945
2017-01-23,24.780000686645508,25.0,24.32999992370605,24.86000061035156,1617600,0,0,-0.004405234522537604,0.7766323621962884,24.977999877929687,25.82027470516998,24.135725050689395,25.095000267028805,25.1299991607666,25.04500007629395,23.28499984741211,25.739999771118164
2017-01-24,24.979999542236328,25.959999084472656,24.940000534057617,25.899999618530277,2091700,0,0,0.041834230999401756,0.8091221798380189,25.070499897003174,25.890611204255357,24.25038858975099,25.144999504089355,25.079999923706055,25.27750015258789,23.28499984741211,25.86000061035156
2017-01-25,26.07999992370605,26.399999618530277,25.57999992370605,25.780000686645508,1558200,0,0,-0.004633163461474132,0.8053733845185251,25.135499954223633,25.964219671073522,24.306780237373744,25.364999771118164,25.179999351501465,25.25250005722046,23.28499984741211,25.59000015258789
2017-01-26,25.6200008392334,25.729999542236328,24.940000534057617,24.979999542236328,1672000,0,0,-0.031031851167622082,0.7803811575157822,25.154999923706054,25.948701512726643,24.361298334685465,25.364999771118164,25.179999351501465,25.46750020980835,23.28499984741211,25.459999084472656
2017-01-27,24.899999618530277,25.600000381469727,24.88999938964844,24.96999931335449,1788000,0,0,-0.0004003294261447632,0.7800687479748197,25.173499870300294,25.93061208388479,24.4163876567158,25.364999771118164,25.179999351501465,25.47000026702881,23.28499984741211,25.26000022888184
2017-01-30,24.75,25.030000686645508,24.31999969482422,24.920000076293945,1935500,0,0,-0.0020023723842796937,0.7785067598560353,25.186999893188478,25.9150551910401,24.458944595336856,25.359999656677246,25.179999351501465,25.44000005722046,23.28499984741211,25.940000534057617
2017-01-31,24.5,25.1299991607666,24.15999984741211,25.1200008392334,2926000,0,0,0.008025712773962246,0.7847548315032279,25.213999938964843,25.88744458050923,24.540555297420457,25.27999973297119,25.179999351501465,25.352499961853027,23.28499984741211,25.729999542236328
2017-02-01,25.06999969482422,25.07999992370605,24.25,24.290000915527344,2178800,0,0,-0.03304139713282683,0.7588254354636251,25.18400001525879,25.95942720993589,24.40857282058169,25.27999973297119,25.27999973297119,25.009999752044678,23.28499984741211,26.239999771118164
2017-02-02,24.059999465942383,24.3700008392334,23.6200008392334,23.65999984741211,2277600,0,0,-0.025936642419494782,0.7391440514851877,25.086499977111817,26.084374675413642,24.088625278809992,25.010000228881836,25.010000228881836,24.952499866485596,23.28499984741211,26.459999084472656
2017-02-03,23.520000457763672,23.93000030517578,23.100000381469727,23.51000022888184,2184600,0,0,-0.0063397979500273705,0.734458027542807,25.001000022888185,26.211413712703823,23.790586333072547,24.75,24.75,24.837499618530273,23.28499984741211,26.15999984741211
2017-02-06,23.5,23.57999992370605,23.13999938964844,23.26000022888184,1947000,0,0,-0.010633772759086502,0.7266479677768298,24.9125,26.342923640721196,23.482076359278807,24.75,24.75,24.8125,23.28499984741211,27.40999984741211
2017-02-07,23.229999542236328,23.229999542236328,22.56999969482422,22.59000015258789,2777500,0,0,-0.028804818129881782,0.70571700522057,24.78450002670288,26.533518265860927,23.035481787544832,24.149999618530273,24.484999656677246,24.679999828338623,23.28499984741211,27.649999618530277
2017-02-08,22.700000762939453,22.770000457763672,22.309999465942383,22.540000915527344,4168100,0,0,-0.002213334958956148,0.7041550171017855,24.630500030517577,26.59024667638657,22.670753384648584,23.954999923706055,24.354999542236328,24.65749979019165,23.28499984741211,27.920000076293945
2017-02-09,22.540000915527344,23.530000686645508,22.530000686645508,23.280000686645508,4509200,0,0,0.03283051202577347,0.7272727868587544,24.532500076293946,26.55621497908647,22.508785173501423,23.719999313354492,24.354999542236328,24.62999963760376,23.28499984741211,27.3799991607666
2017-02-10,26.299999237060547,28.5,26.26000022888184,27.780000686645508,13166300,0,0,0.19329896337079622,0.8678538626463417,24.646000099182128,27.091910628162154,22.200089570202103,25.40499973297119,25.40499973297119,24.679999828338623,23.28499984741211,26.8700008392334
2017-02-13,27.799999237060547,27.799999237060547,26.899999618530277,26.989999771118164,4599300,0,0,-0.028437757235445837,0.8431740451845611,24.722500133514405,27.35607945037797,22.08892081665084,25.40499973297119,25.40499973297119,24.679999828338623,23.28499984741211,27.530000686645508
2017-02-14,26.780000686645508,26.8700008392334,26.5,26.63999938964844,3076300,0,0,-0.012967780082912661,0.8322399495949878,24.791000080108642,27.547731639431493,22.03426852078579,25.40499973297119,25.40499973297119,24.795000076293945,23.390000343322754,27.440000534057617
2017-02-15,26.36000061035156,26.850000381469727,26.32999992370605,26.38999938964844,1866200,0,0,-0.00938438459939095,0.8244298898290107,24.84900007247925,27.688710854572168,22.00928929038633,25.40499973297119,25.40499973297119,25.429999828338623,23.390000343322754,28.8700008392334
2017-02-16,26.38999938964844,26.530000686645508,25.520000457763672,25.56999969482422,2727600,0,0,-0.03107236505453914,0.7988129033303701,24.90000009536743,27.753150923137966,22.046849267596897,25.40499973297119,25.40499973297119,25.477499961853027,23.675000190734863,28.8799991607666
2017-02-17,25.56999969482422,26.290000915527344,25.5,26.280000686645508,2409800,0,0,0.027766953472627698,0.8209935040504792,24.965500164031983,27.882207211234668,22.048793116829298,25.40499973297119,25.40499973297119,25.505000114440918,23.675000190734863,29.959999084472656
2017-02-21,26.420000076293945,26.76000022888184,26.299999237060547,26.459999084472656,2092200,0,0,0.0068492539240538886,0.8266166970297197,25.045500087738038,28.033918573971878,22.057081601504198,25.40499973297119,25.40499973297119,25.522500038146973,23.675000190734863,28.540000915527344
2017-02-22,26.36000061035156,26.61000061035156,26.299999237060547,26.5,1260600,0,0,0.0015117504501660495,0.8278663351935692,25.075500106811525,28.109823596665272,22.041176616957777,25.515000343322754,25.40499973297119,25.550000190734863,23.675000190734863,27.76000022888184
2017-02-23,26.559999465942383,26.799999237060547,26.200000762939453,26.21999931335449,1783900,0,0,-0.010566063647000412,0.819119046804705,25.097500038146972,28.158489191181264,22.03651088511268,27.0,25.40499973297119,25.56500005722046,23.675000190734863,27.450000762939453
2017-02-24,26.15999984741211,26.780000686645508,25.850000381469727,26.5,2303600,0,0,0.010678897558280998,0.8278663351935692,25.173500061035156,28.29459187123996,22.052408250830354,26.649999618530273,25.40499973297119,25.53749990463257,23.675000190734863,26.799999237060547
2017-02-27,26.38999938964844,26.61000061035156,26.149999618530277,26.479999542236328,1900900,0,0,-0.0007547342552328695,0.8272415161116445,25.249000072479248,28.419948789862985,22.07805135509551,26.1850004196167,25.40499973297119,25.302499771118164,23.675000190734863,26.209999084472656
2017-02-28,26.309999465942383,26.36000061035156,25.6200008392334,25.670000076293945,1639000,0,0,-0.030589104227528807,0.8019369391539665,25.28650007247925,28.458751680433974,22.114248464524525,26.175000190734863,25.40499973297119,25.244999885559082,23.70499992370606,26.09000015258789
2017-03-01,26.0,26.25,25.479999542236328,25.739999771118164,1926000,0,0,0.002726906685476038,0.8041237463546757,25.317500019073485,28.494805762495655,22.140194275651314,26.139999389648438,25.40499973297119,25.112499713897705,23.88500022888184,25.56999969482422
2017-03-02,25.729999542236328,26.25,25.68000030517578,25.86000061035156,2132900,0,0,0.004662037307709754,0.8078726012601964,25.3960000038147,28.54503101074965,22.246968996879747,26.139999389648438,25.40499973297119,25.112499713897705,23.88500022888184,24.850000381469727
2017-03-03,25.979999542236328,26.34000015258789,25.489999771118164,25.59000015258789,2258200,0,0,-0.010440852722006122,0.7994377224122947,25.492500019073486,28.538318692111382,22.44668134603559,26.139999389648438,25.40499973297119,25.272499561309814,23.88500022888184,25.38999938964844
2017-03-06,25.40999984741211,25.549999237060547,25.190000534057617,25.459999084472656,1202800,0,0,-0.005080151127005217,0.7953764579658115,25.589999961853028,28.49587631012929,22.684123613576766,25.994999885559082,25.40499973297119,25.272499561309814,24.480000495910645,25.18000030517578
2017-03-07,25.309999465942383,25.46999931335449,25.15999984741211,25.26000022888184,1221700,0,0,-0.007855414877559475,0.7891284459046463,25.689999961853026,28.39703370244367,22.98296622126238,25.979999542236328,25.40499973297119,25.272499561309814,24.545000076293945,25.15999984741211
2017-03-08,25.270000457763672,26.11000061035156,25.270000457763672,25.940000534057617,1543800,0,0,0.026920043508086744,0.8103718180018682,25.857499980926512,28.156233191932998,23.558766769920027,25.97000026702881,25.40499973297119,25.269999504089355,24.545000076293945,24.96999931335449
2017-03-09,25.940000534057617,26.15999984741211,25.65999984741211,25.729999542236328,1238700,0,0,-0.008095643311401224,0.8038113368137133,26.016999912261962,27.737270063919965,24.29672976060396,25.885000228881836,25.40499973297119,25.229999542236328,24.545000076293945,25.549999237060547
2017-03-10,25.61000061035156,26.280000686645508,25.559999465942383,26.239999771118164,1364700,0,0,0.01982122961349697,0.8197438658866298,26.164999866485594,27.333834453645824,24.996165279325364,25.760000228881836,25.40499973297119,25.27999973297119,24.545000076293945,24.88999938964844
2017-03-13,26.200000762939453,26.540000915527344,26.13999938964844,26.459999084472656,1745100,0,0,0.008384120246702098,0.8266166970297197,26.098999786376954,27.01485936757398,25.183140205179928,25.850000381469727,25.40499973297119,25.010000228881836,24.545000076293945,25.90999984741211
2017-03-14,26.34000015258789,26.780000686645508,26.15999984741211,26.15999984741211,1345900,0,0,-0.011337840039329139,0.8172446491449582,26.05749979019165,26.877299966946143,25.237699613437155,25.97000026702881,25.40499973297119,24.75,24.545000076293945,26.149999618530277
2017-03-15,26.3799991607666,27.6299991607666,26.229999542236328,27.40999984741211,2524600,0,0,0.04778287489644839,0.8562949479748436,26.095999813079835,27.079529552178634,25.112470073981036,26.394999504089355,25.40499973297119,24.75,24.545000076293945,25.479999542236328
2017-03-16,27.440000534057617,28.030000686645508,27.280000686645508,27.649999618530277,3556000,0,0,0.008755920191689803,0.8637925981998585,26.158999824523924,27.351507692509994,24.966491956537855,26.59500026702881,25.40499973297119,24.31749963760376,24.545000076293945,26.059999465942383
2017-03-17,27.63999938964844,28.290000915527344,27.63999938964844,27.920000076293945,3450500,0,0,0.009764935316046941,0.8722274770477603,26.276499843597414,27.663264360550397,24.88973532664443,26.725000381469727,25.515000343322754,24.15499973297119,24.545000076293945,25.799999237060547
2017-03-20,27.82999992370605,27.86000061035156,27.170000076293945,27.3799991607666,1354600,0,0,-0.019341006950277295,0.8553577193519567,26.331499767303466,27.800203009102063,24.86279652550487,26.780000686645508,26.829999923706055,24.03749942779541,24.545000076293945,25.489999771118164
2017-03-21,27.479999542236328,27.489999771118164,26.40999984741211,26.8700008392334,1455800,0,0,-0.01862667411122465,0.8394252498650675,26.351999855041505,27.838836369144005,24.865163340939006,26.925000190734863,26.725000381469727,25.40499973297119,24.914999961853027,25.25
2017-03-22,26.34000015258789,27.57999992370605,26.1200008392334,27.530000686645508,1706200,0,0,0.02456270289535789,0.8600438028803647,26.40349988937378,27.9770641211647,24.82993565758286,26.925000190734863,26.725000381469727,25.40499973297119,24.914999961853027,25.25
2017-03-23,27.649999618530277,27.850000381469727,27.31999969482422,27.440000534057617,1323100,0,0,-0.003269166376430488,0.8572321765977309,26.464499950408936,28.098962597881336,24.830037302936535,27.20500087738037,26.725000381469727,25.40499973297119,24.960000038146973,25.46999931335449
2017-03-24,28.5,28.959999084472656,27.8700008392334,28.8700008392334,3537400,0,0,0.05211371273119747,0.9019057279928842,26.582999992370606,28.52834971526924,24.637650269471973,27.539999961853027,27.059999465942383,25.40499973297119,25.40499973297119,25.13999938964844
2017-03-27,28.51000022888184,29.239999771118164,28.43000030517578,28.8799991607666,1959600,0,0,0.00034632217674257504,0.9022180779478193,26.702999973297118,28.891790300375625,24.51420964621861,27.68000030517578,27.199999809265137,25.40499973297119,25.40499973297119,24.450000762939453
2017-03-28,28.989999771118164,30.0,28.989999771118164,29.959999084472656,2360200,0,0,0.03739612032860551,0.9359575337533991,26.917499923706053,29.47363528212118,24.361364565290927,28.0600004196167,27.579999923706055,25.40499973297119,25.40499973297119,24.239999771118164
2017-03-29,28.030000686645508,29.280000686645508,27.670000076293945,28.540000915527344,6743400,0,0,-0.0473964690366514,0.8915964514852355,27.057499980926515,29.64719075288387,24.46780920896916,28.0600004196167,27.579999923706055,25.40499973297119,25.40499973297119,24.56999969482422
2017-03-30,28.229999542236328,28.51000022888184,27.520000457763672,27.76000022888184,2602400,0,0,-0.027330086251719066,0.8672290435644173,27.152499961853028,29.698053788478763,24.606946135227293,28.0600004196167,27.579999923706055,25.460000038146973,25.40499973297119,24.309999465942383
2017-03-31,27.799999237060547,27.940000534057617,27.270000457763672,27.450000762939453,3027900,0,0,-0.011167127643603503,0.8575445861386933,27.245499992370604,29.688681960704752,24.802318024036456,28.0600004196167,27.579999923706055,26.202499866485596,25.40499973297119,24.299999237060547
2017-04-03,27.600000381469727,27.600000381469727,26.71999931335449,26.799999237060547,2680200,0,0,-0.023679472051471917,0.8372383830783311,27.3125,29.62475680163432,25.00024319836568,28.0600004196167,27.579999923706055,26.027499675750732,25.40499973297119,24.979999542236328
2017-04-04,26.700000762939453,26.770000457763672,26.020000457763672,26.209999084472656,3157200,0,0,-0.02201493169343094,0.818806637263743,27.35999994277954,29.5351771624154,25.184822723143682,28.010000228881836,27.579999923706055,25.795000076293945,25.40499973297119,24.1299991607666
2017-04-05,26.280000686645508,26.6200008392334,25.96999931335449,26.09000015258789,2512800,0,0,-0.004578364596580786,0.8150578419442494,27.367499923706056,29.523789619911863,25.21121022750025,27.984999656677246,27.579999923706055,25.789999961853027,25.40499973297119,23.850000381469727
2017-04-06,26.21999931335449,26.399999618530277,25.51000022888184,25.56999969482422,3300700,0,0,-0.019931025478054365,0.7988129033303705,27.35949993133545,29.541345411757256,25.177654450913643,27.755000114440918,27.579999923706055,25.772499561309814,25.40499973297119,24.3799991607666
2017-04-07,25.43000030517578,25.46999931335449,24.63999938964844,24.850000381469727,5550900,0,0,-0.028157971136004045,0.7763199526553263,27.289999961853027,29.690171426178722,24.889828497527333,27.31999969482422,27.31999969482422,25.772499561309814,25.40499973297119,24.15999984741211
2017-04-10,25.209999084472656,25.780000686645508,24.959999084472656,25.38999938964844,3764700,0,0,0.021730342047856954,0.7931896507651026,27.236499977111816,29.754408741360532,24.7185912128631,26.960000038146973,27.31999969482422,25.772499561309814,25.40499973297119,23.350000381469727
2017-04-11,25.399999618530277,25.520000457763672,25.07999992370605,25.18000030517578,1895500,0,0,-0.008270936964192122,0.7866292291629748,27.1875,29.82396458633078,24.55103541366922,26.57499980926514,27.31999969482422,25.699999809265137,25.40499973297119,22.989999771118164
2017-04-12,25.350000381469727,25.46999931335449,25.040000915527344,25.15999984741211,1976200,0,0,-0.0007942993455627434,0.7860044100810502,27.075,29.853652271026824,24.296347728973174,26.289999961853027,27.31999969482422,25.69249963760376,25.40499973297119,23.450000762939453
2017-04-13,25.200000762939453,25.40999984741211,24.8799991607666,24.96999931335449,1678900,0,0,-0.007551690588629478,0.7800687479748198,26.94099998474121,29.85259002010586,24.02940994937656,26.119999885559082,27.31999969482422,25.6875,25.40499973297119,23.15999984741211
2017-04-17,25.01000022888184,25.88999938964844,25.01000022888184,25.549999237060547,5487900,0,0,0.02322787103145263,0.7981880842484457,26.82249994277954,29.758142779550774,23.886857106008307,25.704999923706055,27.31999969482422,25.644999980926514,25.40499973297119,23.649999618530277
2017-04-18,25.600000381469727,25.600000381469727,24.75,24.88999938964844,3688700,0,0,-0.025831697343253524,0.7775695312331484,26.697999954223633,29.73898103734389,23.657018871103375,25.630000114440918,27.31999969482422,25.582499980926514,25.40499973297119,24.11000061035156
2017-04-19,25.100000381469727,26.07999992370605,24.959999084472656,25.90999984741211,3836400,0,0,0.04098033277525426,0.8094345893789813,26.64999990463257,29.709054624204366,23.59094518506077,25.51999950408936,27.31999969482422,25.62750005722046,25.40499973297119,24.149999618530277
2017-04-20,25.989999771118164,26.43000030517578,25.709999084472656,26.149999618530277,6765300,0,0,0.00926282410388124,0.8169322396039961,26.580999851226807,29.619508512628368,23.542491189825245,25.53499984741211,27.31999969482422,25.6875,25.40499973297119,24.8799991607666
2017-04-21,26.420000076293945,26.51000022888184,25.15999984741211,25.479999542236328,9863900,0,0,-0.02562141820526742,0.7960012770477364,26.482999801635742,29.530884429297984,23.4351151739735,25.630000114440918,27.31999969482422,25.899999618530273,25.40499973297119,24.8700008392334
2017-04-24,25.959999084472656,26.290000915527344,25.63999938964844,26.059999465942383,4627900,0,0,0.02276294874906215,0.814120613321362,26.34249973297119,29.187481791137436,23.497517674804946,25.630000114440918,27.31999969482422,26.0,25.40499973297119,25.520000457763672
2017-04-25,26.11000061035156,26.25,25.75,25.799999237060547,2894100,0,0,-0.009976985196090582,0.8059981440144226,26.18849973678589,28.78766261371714,23.58933685985464,25.630000114440918,27.31999969482422,26.12000036239624,25.40499973297119,26.21999931335449
2017-04-26,25.82999992370605,26.09000015258789,25.479999542236328,25.489999771118164,2850400,0,0,-0.012015483531374826,0.7963136865886986,25.964999771118165,27.908274079091942,24.02172546314439,25.630000114440918,27.31999969482422,26.80500030517578,25.40499973297119,26.40999984741211
2017-04-27,25.56999969482422,25.600000381469727,24.959999084472656,25.25,2619400,0,0,-0.0094154481472416,0.7888160363636839,25.800499725341798,27.35922019352675,24.241779257156846,25.630000114440918,27.31999969482422,26.825000286102295,25.40499973297119,27.229999542236328
2017-04-28,25.13999938964844,25.350000381469727,24.729999542236328,25.25,3145900,0,0,0.0,0.7888160363636839,25.674999713897705,26.959856538719492,24.390142889075918,25.619999885559082,27.31999969482422,26.825000286102295,25.40499973297119,26.75
2017-05-01,25.43000030517578,25.76000022888184,25.0,25.46999931335449,2359000,0,0,0.00871284409324713,0.7956888675067738,25.57599964141846,26.567310341432975,24.584688941403943,25.619999885559082,27.31999969482422,26.96500062942505,25.40499973297119,26.399999618530277
2017-05-02,25.56999969482422,25.71999931335449,24.940000534057617,25.13999938964844,2324200,0,0,-0.012956416670691473,0.7853795909991255,25.492999649047853,26.32387838941487,24.662120908680837,25.619999885559082,27.31999969482422,27.299999713897705,25.63499927520752,26.700000762939453
2017-05-03,25.0,25.01000022888184,24.239999771118164,24.450000762939453,3773400,0,0,-0.027446246756596904,0.7638238689469683,25.40499973297119,26.285370314913525,24.524629151028858,25.375,27.119999885559082,27.44000005722046,25.774999618530273,27.31999969482422
2017-05-04,24.600000381469727,24.739999771118164,23.950000762939453,24.239999771118164,2955600,0,0,-0.008588997352490968,0.7572633877588134,25.312499713897704,26.271664346285274,24.353335081510135,25.1200008392334,26.61500072479248,27.820000171661377,26.15499973297119,27.290000915527344
2017-05-05,24.26000022888184,24.57999992370605,24.059999465942383,24.56999969482422,1971800,0,0,0.013613858367244935,0.767572664266462,25.262499713897704,26.26646645676757,24.258532971027837,25.100000381469727,26.230000495910645,27.820000171661377,26.15499973297119,27.76000022888184
2017-05-08,24.6200008392334,24.790000915527344,24.15999984741211,24.309999465942383,2469700,0,0,-0.01058202002894637,0.7594501949595226,25.23549966812134,26.309760044463797,24.16123929177888,25.020000457763672,25.945000648498535,27.820000171661377,26.15499973297119,27.920000076293945
2017-05-09,24.36000061035156,24.729999542236328,24.229999542236328,24.299999237060547,2480600,0,0,-0.0004113627766979544,0.7591377854185603,25.180999660491942,26.32736188276371,24.034637438220173,24.855000495910645,25.77500057220459,27.820000171661377,26.15499973297119,27.88999938964844
2017-05-10,24.200000762939453,25.1200008392334,24.200000762939453,24.979999542236328,2770000,0,0,0.0279835525319152,0.7803811575157823,25.170999622344972,26.320743257782294,24.02125598690765,24.855000495910645,25.360000610351562,27.820000171661377,26.15499973297119,27.459999084472656
2017-05-11,24.850000381469727,24.86000061035156,23.799999237060547,24.1299991607666,3367300,0,0,-0.03402723767198401,0.7538269423942547,25.119499588012694,26.356540368952864,23.882458807072524,24.77999973297119,25.210000038146973,27.795000076293945,26.15499973297119,27.440000534057617
2017-05-12,24.0,24.290000915527344,23.479999542236328,23.850000381469727,4525500,0,0,-0.011603762496276038,0.7450797135914179,25.063499641418456,26.419568908421994,23.70743037441492,24.59999942779541,24.994999885559082,27.78249979019165,26.15499973297119,26.350000381469727
2017-05-15,23.850000381469727,24.65999984741211,23.770000457763672,24.3799991607666,3544100,0,0,0.022222170684268017,0.7616370021602319,25.00499963760376,26.373096074543845,23.636903200663674,24.300000190734863,24.994999885559082,27.667500019073486,26.15499973297119,26.8700008392334
2017-05-16,24.270000457763672,24.51000022888184,24.07999992370605,24.15999984741211,4163700,0,0,-0.009023762138126945,0.7547641710171419,24.968499660491943,26.38553700260184,23.551462318382047,24.300000190734863,24.994999885559082,27.31999969482422,26.15499973297119,27.899999618530277
2017-05-17,24.15999984741211,24.170000076293945,23.309999465942383,23.350000381469727,3249000,0,0,-0.03352646817293525,0.7294595940594638,24.840499687194825,26.354487628836445,23.326511745553205,24.21500015258789,24.90999984741211,27.139999866485596,26.15499973297119,28.850000381469727
2017-05-18,23.36000061035156,23.61000061035156,22.63999938964844,22.989999771118164,3456600,0,0,-0.015417584773885218,0.7182130889289281,24.68249969482422,26.275253708147062,23.089745681501377,23.880000114440918,24.57499980926514,26.947499752044678,26.15499973297119,28.65999984741211
2017-05-19,23.01000022888184,23.59000015258789,22.850000381469727,23.450000762939453,2227800,0,0,0.02000874277515985,0.73258362988306,24.580999755859374,26.21615974758919,22.945839764129556,23.880000114440918,24.57499980926514,26.804999828338623,26.15499973297119,28.899999618530277
2017-05-22,23.479999542236328,23.739999771118164,23.020000457763672,23.15999984741211,2441200,0,0,-0.01236677637920014,0.7235239319532335,24.43599977493286,26.034348735125125,22.837650814740595,23.880000114440918,24.57499980926514,26.71999979019165,26.15499973297119,29.049999237060547
2017-05-23,23.450000762939453,23.770000457763672,22.989999771118164,23.649999618530277,3232300,0,0,0.021157157786981573,0.7388316419442253,24.328499794006348,25.830740740214665,22.82625884779803,23.75,24.57499980926514,26.512499809265137,26.15499973297119,29.200000762939453
2017-05-24,23.57999992370605,24.190000534057617,23.209999084472656,24.11000061035156,3166800,0,0,0.019450359375940973,0.753202182898357,24.25949983596802,25.664618368737976,22.85438130319806,23.649999618530273,24.57499980926514,26.47499990463257,26.15499973297119,29.5
2017-05-25,24.299999237060547,24.649999618530277,24.01000022888184,24.149999618530277,3408300,0,0,0.0016590214502749667,0.7544517614761793,24.204499816894533,25.53347827588897,22.875521357900094,23.649999618530273,24.57499980926514,26.419999599456787,26.15499973297119,29.729999542236328
2017-05-26,24.25,24.90999984741211,24.149999618530277,24.8799991607666,2781300,0,0,0.030227724793676414,0.7772571216921856,24.18599977493286,25.46508198630481,22.90691756356091,23.774999618530273,24.57499980926514,26.427499771118164,26.15499973297119,29.049999237060547
2017-05-30,24.96999931335449,25.09000015258789,24.709999084472656,24.8700008392334,2672900,0,0,-0.0004018618115135819,0.7769447717372506,24.155999851226806,25.336536642245626,22.975463060207986,23.864999771118164,24.46500015258789,26.47499990463257,26.15499973297119,28.56999969482422
2017-05-31,24.979999542236328,26.049999237060547,24.979999542236328,25.520000457763672,5657500,0,0,0.026135890494417335,0.7972509152115855,24.174999904632568,25.429037126152693,22.920962683112442,24.344999313354492,24.44499969482422,26.47499990463257,26.15499973297119,29.21999931335449
2017-06-01,25.84000015258789,26.25,25.6299991607666,26.21999931335449,5131600,0,0,0.027429421749005645,0.8191190468047048,24.26349983215332,25.803372458398357,22.723627205908286,24.550000190734863,24.44499969482422,26.47499990463257,26.265000343322754,28.959999084472656
2017-06-02,26.309999465942383,26.440000534057617,25.8799991607666,26.40999984741211,3758100,0,0,0.007246397369692126,0.8250547089109351,24.37199983596802,26.176181623359444,22.567818048576594,24.71500015258789,24.539999961853027,26.47499990463257,27.31999969482422,28.01000022888184
2017-06-05,26.850000381469727,27.38999938964844,26.59000015258789,27.229999542236328,4688300,0,0,0.031048833758496652,0.8506716954095757,24.504999828338622,26.702073143909203,22.30792651276804,25.1899995803833,25.01499938964844,26.47499990463257,27.31999969482422,28.309999465942383
2017-06-06,26.950000762939453,27.239999771118164,26.540000915527344,26.75,3630500,0,0,-0.017627600084671458,0.8356763949595462,24.626999855041504,27.030808341537497,22.22319136854551,25.299999237060547,25.01499938964844,26.46999979019165,27.31999969482422,28.3799991607666
2017-06-07,26.959999084472656,27.100000381469727,26.38999938964844,26.399999618530277,3157300,0,0,-0.013084126410083052,0.824742299369973,24.73199987411499,27.25146028243822,22.21253946579176,25.69999980926514,25.01499938964844,26.46999979019165,27.31999969482422,28.76000022888184
2017-06-08,26.489999771118164,26.850000381469727,26.209999084472656,26.700000762939453,2674200,0,0,0.011363679876669641,0.8341144068407618,24.817999935150148,27.480409145446533,22.155590724853763,25.76999950408936,25.01499938964844,26.46999979019165,27.31999969482422,28.670000076293945
2017-06-09,26.84000015258789,27.57999992370605,26.76000022888184,27.31999969482422,3094900,0,0,0.0232209331149289,0.8534833216922096,24.977499961853027,27.833292152237686,22.12170777146837,26.144999504089355,25.109999656677246,26.24749994277954,27.119999885559082,28.739999771118164
2017-06-12,27.1200008392334,27.770000457763672,27.1200008392334,27.290000915527344,2806500,0,0,-0.001098051963102975,0.8525461526553498,25.14949998855591,28.12609599463037,22.17290398248145,26.375,25.204999923706055,25.86750078201294,26.975000381469727,28.56999969482422
2017-06-13,27.43000030517578,27.950000762939453,27.21999931335449,27.76000022888184,2653400,0,0,0.017222400058150233,0.8672290435644171,25.31850004196167,28.481215522446107,22.155784561477233,26.789999961853027,25.295000076293945,25.665000438690186,26.975000381469727,28.309999465942383
2017-06-14,27.950000762939453,27.950000762939453,27.670000076293945,27.920000076293945,2263500,0,0,0.005763683216603255,0.8722274770477603,25.506500053405762,28.816614979883788,22.196385126927737,26.914999961853027,25.295000076293945,25.482500553131104,26.975000381469727,28.5
2017-06-15,27.649999618530277,28.18000030517578,27.51000022888184,27.88999938964844,2966800,0,0,-0.001074523157719387,0.8712902484248733,25.733500003814697,29.043614890622685,22.42338511700671,27.19499969482422,25.40999984741211,25.315000534057617,26.975000381469727,28.1200008392334
2017-06-16,27.8700008392334,27.8700008392334,27.290000915527344,27.459999084472656,3148800,0,0,-0.01541772372126271,0.8578569360936283,25.95699996948242,29.093193843864363,22.82080609510048,27.19499969482422,25.40999984741211,25.107500553131104,26.975000381469727,29.38999938964844
2017-06-19,27.530000686645508,27.700000762939453,27.149999618530277,27.440000534057617,2568600,0,0,-0.0007282793547632727,0.8572321765977309,26.15649995803833,29.13117165137477,23.181828264701892,27.19499969482422,25.40999984741211,24.994999885559082,26.899999618530273,28.670000076293945
2017-06-20,27.270000457763672,27.36000061035156,26.229999542236328,26.350000381469727,2862600,0,0,-0.0397230368576349,0.8231803112511886,26.31599998474121,28.949990341672493,23.68200962780993,27.19499969482422,25.40999984741211,24.797499656677246,26.739999771118164,28.170000076293945
2017-06-21,26.239999771118164,26.8799991607666,26.190000534057617,26.8700008392334,1644700,0,0,0.019734362437784148,0.8394252498650675,26.477000045776368,28.813250894528665,24.14074919702407,27.1850004196167,25.40999984741211,24.647500038146973,26.739999771118164,28.51000022888184
2017-06-22,26.780000686645508,28.200000762939453,26.690000534057617,27.899999618530277,3791500,0,0,0.03833266643568378,0.8716026579658357,26.6664999961853,28.808804712261868,24.524195280108735,27.195000648498535,25.420000076293945,24.647500038146973,26.739999771118164,28.09000015258789
2017-06-23,27.780000686645508,28.850000381469727,27.520000457763672,28.850000381469727,5299500,0,0,0.03405020702252948,0.9012809089109594,26.901500034332276,28.91388776063086,24.889112308033692,27.520000457763672,25.744999885559082,24.5625,26.65499973297119,27.93000030517578
2017-06-26,28.920000076293945,29.190000534057617,28.59000015258789,28.65999984741211,3671700,0,0,-0.00658580698597333,0.8953452468047292,27.09050006866455,29.015143052260047,25.165857085069053,27.690000534057617,26.020000457763672,24.227499961853027,26.31999969482422,27.520000457763672
2017-06-27,28.75,29.26000022888184,28.75,28.899999618530277,1685900,0,0,0.008374032533005726,0.902842897029744,27.292000007629394,29.082299321767024,25.501700693491763,27.725000381469727,26.125,24.227499961853027,26.31999969482422,27.76000022888184
2017-06-28,29.0,29.350000381469727,28.90999984741211,29.049999237060547,3224100,0,0,0.0051902982875504655,0.9075289209721246,27.46849994659424,29.22041494215131,25.716584951037166,27.770000457763672,26.170000076293945,24.227499961853027,26.31999969482422,27.940000534057617
2017-06-29,29.100000381469727,29.440000534057617,28.8799991607666,29.200000762939453,1630000,0,0,0.00516356384917005,0.9122150045005325,27.617500019073486,29.425938445769972,25.809061592377,27.815000534057617,26.324999809265137,24.16249990463257,26.31999969482422,27.799999237060547
2017-06-30,29.459999084472656,29.75,29.229999542236328,29.5,1651400,0,0,0.010273946206238005,0.9215870523852941,27.77200002670288,29.668217278056797,25.875782775348963,27.97000026702881,26.880000114440918,24.112499713897705,26.31999969482422,28.690000534057617
2017-07-03,29.68000030517578,29.899999618530277,29.520000457763672,29.729999542236328,1241500,0,0,0.007796594652078825,0.9287722930693464,27.89700002670288,29.95811766062817,25.83588239277759,28.045000076293945,27.024999618530277,24.112499713897705,26.31999969482422,28.76000022888184
2017-07-05,29.6299991607666,29.6299991607666,28.959999084472656,29.049999237060547,2162400,0,0,-0.022872529957820187,0.9075289209721245,28.011999988555907,30.060784177959313,25.9632157991525,28.295000076293945,27.304999351501465,24.174999713897705,26.31999969482422,28.61000061035156
2017-07-06,28.81999969482422,29.1299991607666,28.5,28.56999969482422,1798700,0,0,-0.01652322047650756,0.8925336205220951,28.120499992370604,30.040778129221145,26.200221855520063,28.710000038146973,27.4399995803833,24.164999961853027,26.31999969482422,29.32999992370605
2017-07-07,28.5,29.350000381469727,28.43000030517578,29.21999931335449,1925500,0,0,0.02275112444779004,0.9128397639964299,28.246499919891356,30.106530571982347,26.386469267800365,29.164999961853027,27.764999389648438,24.394999504089355,26.31999969482422,28.71999931335449
2017-07-10,28.989999771118164,29.190000534057617,28.76000022888184,28.959999084472656,2427200,0,0,-0.008898023100329278,0.9047172946894905,28.32849988937378,30.162046849292384,26.494952929455177,29.164999961853027,27.889999389648438,24.49749994277954,26.31999969482422,28.040000915527344
2017-07-11,28.799999237060547,28.799999237060547,27.649999618530277,28.01000022888184,3894000,0,0,-0.03280382892346756,0.875039103330394,28.364499855041505,30.141887515879738,26.58711219420327,28.774999618530277,28.045000076293945,24.62750005722046,26.31999969482422,27.920000076293945
2017-07-12,27.559999465942383,28.520000457763672,27.559999465942383,28.309999465942383,2148000,0,0,0.01071043322417431,0.8844111512151556,28.391999816894533,30.147780359791987,26.636219273997078,28.729999542236328,28.045000076293945,25.10249948501587,26.31999969482422,27.399999618530277
2017-07-13,28.440000534057617,28.57999992370605,28.229999542236328,28.3799991607666,1685500,0,0,0.0024726137811634796,0.8865979584158649,28.414999771118165,30.15730018923624,26.67269935300009,28.729999542236328,28.045000076293945,25.157499313354492,26.31999969482422,26.950000762939453
2017-07-14,28.5,29.0,28.3799991607666,28.76000022888184,2330100,0,0,0.01338974909627777,0.8984692826283254,28.458499813079833,30.18948103275805,26.727518593401616,28.729999542236328,28.045000076293945,25.35749959945679,26.31999969482422,26.43000030517578
2017-07-17,28.559999465942383,28.989999771118164,28.559999465942383,28.670000076293945,1540200,0,0,-0.0031293515949806228,0.8956576563456913,28.5189998626709,30.189016460315266,26.848983265026533,28.594999313354492,28.045000076293945,25.3924994468689,26.31999969482422,26.729999542236328
2017-07-18,29.07999992370605,29.18000030517578,28.559999465942383,28.739999771118164,2203500,0,0,0.0024415659099386033,0.8978444635464005,28.583999824523925,30.179728056945827,26.988271592102024,28.454999923706055,28.045000076293945,25.6274995803833,26.31999969482422,26.90999984741211
2017-07-19,28.88999938964844,28.979999542236328,28.229999542236328,28.56999969482422,2838200,0,0,-0.0059151036063954665,0.892533620522095,28.694999790191652,29.914625510051525,27.475374070331778,28.454999923706055,28.045000076293945,25.789999961853027,25.960000038146973,27.170000076293945
2017-07-20,28.709999084472656,28.790000915527344,28.239999771118164,28.309999465942383,4759000,0,0,-0.009100463131224257,0.8844111512151556,28.7669997215271,29.674235620016596,27.859763823037603,28.375,28.045000076293945,26.042500019073486,25.57499980926514,27.549999237060547
2017-07-21,28.32999992370605,29.040000915527344,26.559999465942383,28.5,9642900,0,0,0.006711428387209617,0.8903468133213857,28.796999740600587,29.622752594838722,27.97124688636245,27.869999885559082,28.045000076293945,26.105000019073486,25.295000076293945,27.270000457763672
2017-07-24,28.100000381469727,28.600000381469727,28.0,28.1200008392334,3092000,0,0,-0.01333330388654741,0.8784755486949525,28.76049976348877,29.637187552307314,27.883811974670227,27.869999885559082,28.045000076293945,26.302499771118164,25.40999984741211,26.81999969482422
2017-07-25,28.13999938964844,29.549999237060547,28.1299991607666,29.38999938964844,3273100,0,0,0.04516353173941323,0.9181506070207354,28.796999740600587,29.714209402888084,27.87979007831309,28.054999351501465,28.045000076293945,26.302499771118164,25.40999984741211,26.1200008392334
2017-07-26,29.290000915527344,29.3799991607666,28.649999618530277,28.670000076293945,1777500,0,0,-0.02449810576069933,0.8956576563456911,28.78549976348877,29.70302624774065,27.86797327923689,28.054999351501465,28.045000076293945,26.302499771118164,25.40999984741211,26.43000030517578
2017-07-27,28.6200008392334,28.729999542236328,27.959999084472656,28.170000076293945,2196000,0,0,-0.017439832531197963,0.880037536813737,28.741499805450438,29.688325212215815,27.79467439868506,28.054999351501465,28.045000076293945,26.302499771118164,25.40999984741211,26.75
2017-07-28,27.63999938964844,28.56999969482422,27.63999938964844,28.51000022888184,1704700,0,0,0.012069582948777358,0.8906592228623481,28.70699977874756,29.63435950862401,27.77964004887111,28.054999351501465,28.229999542236328,26.297500133514404,25.40999984741211,26.040000915527344
2017-07-31,28.489999771118164,28.61000061035156,27.88999938964844,28.09000015258789,2067900,0,0,-0.01473167565493283,0.8775383200720654,28.63649978637695,29.525162784538892,27.74783678821501,28.054999351501465,28.229999542236328,26.30750036239624,25.420000076293945,26.540000915527344
2017-08-01,28.1200008392334,28.399999618530277,27.799999237060547,27.93000030517578,1430000,0,0,-0.005695971753042817,0.8725398865887223,28.546499824523927,29.331434235606817,27.761565413441037,28.054999351501465,28.229999542236328,26.632500171661377,25.744999885559082,25.68000030517578
2017-08-02,27.790000915527344,28.0,27.450000762939453,27.520000457763672,2493000,0,0,-0.014679550409318565,0.8597313933394021,28.469999885559083,29.33847363428164,27.601526136836526,28.054999351501465,28.229999542236328,26.855000495910645,25.914999961853027,25.950000762939453
2017-08-03,27.520000457763672,28.190000534057617,27.520000457763672,27.76000022888184,1219100,0,0,0.008720921770568602,0.867229043564417,28.429499912261964,29.35010599706245,27.508893827461478,28.5,28.229999542236328,26.925000190734863,25.94999980926514,26.07999992370605
2017-08-04,27.770000457763672,27.96999931335449,27.57999992370605,27.940000534057617,1011800,0,0,0.0064841607958094905,0.8728522961296847,28.36549997329712,29.23328608820437,27.49771385838987,28.5,28.229999542236328,26.97000026702881,25.994999885559082,26.09000015258789
2017-08-07,28.100000381469727,28.209999084472656,27.700000762939453,27.799999237060547,1335000,0,0,-0.005010783619220582,0.868478622142239,28.307499980926515,29.163448673989677,27.451551287863353,28.414999961853027,28.229999542236328,27.070000171661377,26.039999961853027,25.739999771118164
2017-08-08,28.040000915527344,28.86000061035156,27.90999984741211,28.690000534057617,2050800,0,0,0.0320144360223793,0.8962824754276159,28.341499996185302,29.201534999713267,27.481464992657337,28.155000686645508,28.229999542236328,27.425000190734863,26.19499969482422,26.049999237060547
2017-08-09,28.36000061035156,28.8700008392334,27.920000076293945,28.76000022888184,1946600,0,0,0.002439863838312739,0.8984692826283251,28.364000034332275,29.243104329281604,27.484895739382946,28.160000801086426,28.094999313354492,27.53499984741211,26.26999950408936,26.38999938964844
2017-08-10,28.57999992370605,28.8799991607666,28.32999992370605,28.61000061035156,1358600,0,0,-0.005215563885136776,0.8937832586859441,28.375500106811522,29.261205229375626,27.489794984247418,28.164999961853027,28.054999351501465,27.799999713897705,26.26999950408936,26.06999969482422
2017-08-11,28.530000686645508,29.3700008392334,28.450000762939453,29.32999992370605,2117500,0,0,0.025166001328010612,0.9162762093609882,28.404000091552735,29.37121567351905,27.43678450958642,28.410000801086426,28.054999351501465,28.074999809265137,26.26999950408936,25.76000022888184
2017-08-14,29.399999618530277,29.46999931335449,28.649999618530277,28.71999931335449,1716400,0,0,-0.020797838797760426,0.8972196444644753,28.40650005340576,29.37673936665279,27.436260740158733,28.460000038146973,28.054999351501465,28.464999675750732,26.26999950408936,25.790000915527344
2017-08-15,28.61000061035156,28.61000061035156,27.81999969482422,28.040000915527344,1559000,0,0,-0.023676825002950208,0.8759763319532807,28.371500110626222,29.341593501080432,27.401406720172012,28.494999885559082,28.054999351501465,28.527499675750732,26.26999950408936,25.559999465942383
2017-08-16,28.239999771118164,28.32999992370605,27.920000076293945,27.920000076293945,910900,0,0,-0.004279630360744635,0.8722274770477597,28.339000129699706,29.323916388666166,27.354083870733245,28.52499961853027,28.054999351501465,28.40999984741211,26.26999950408936,24.81999969482422
2017-08-17,27.799999237060547,27.959999084472656,27.3700008392334,27.399999618530277,1380800,0,0,-0.01862465817846415,0.8559825384338811,28.2935001373291,29.361111131426775,27.225889143231427,28.420000076293945,28.054999351501465,28.387499809265137,26.26999950408936,24.57999992370605
2017-08-18,27.13999938964844,27.3700008392334,26.46999931335449,26.950000762939453,2883000,0,0,-0.01642331612612491,0.8419244666067386,28.216000175476076,29.429191643725595,27.002808707226556,27.96999931335449,28.00999927520752,28.387499809265137,26.26999950408936,24.299999237060547
2017-08-21,26.950000762939453,26.950000762939453,26.31999969482422,26.43000030517578,1958200,0,0,-0.01929500716299626,0.8256795279928597,28.131500148773192,29.575812989158244,26.68718730838814,27.894999504089355,27.934999465942383,28.387499809265137,26.26999950408936,24.989999771118164
2017-08-22,26.88999938964844,27.309999465942383,26.540000915527344,26.729999542236328,2084900,0,0,0.011350708800476283,0.8350515758776214,27.99850015640259,29.444673921612523,26.552326391192654,27.894999504089355,27.934999465942383,28.31999969482422,26.26999950408936,24.76000022888184
2017-08-23,26.690000534057617,27.06999969482422,26.6299991607666,26.90999984741211,1183600,0,0,0.006734018266306485,0.8406748284428893,27.910500144958498,29.39660057953174,26.424399710385256,27.894999504089355,27.934999465942383,28.25,26.26999950408936,25.09000015258789
2017-08-24,27.239999771118164,27.440000534057617,26.84000015258789,27.170000076293945,1195700,0,0,0.009661844309034384,0.8487972977498287,27.860500144958497,29.37563650600432,26.345363783912674,27.894999504089355,27.934999465942383,28.25,26.26999950408936,24.57999992370605
2017-08-25,27.25,27.780000686645508,27.06999969482422,27.549999237060547,1509700,0,0,0.01398598305850407,0.8606685623762619,27.812500095367433,29.302641307468534,26.322358883266332,27.46500015258789,27.934999465942383,28.210000038146973,26.26999950408936,24.81999969482422
2017-08-28,27.559999465942383,27.6299991607666,27.030000686645508,27.270000457763672,1358100,0,0,-0.010163295355747892,0.851921333573425,27.77150011062622,29.27405091298409,26.26894930826835,27.324999809265137,27.934999465942383,27.957499980926514,26.26999950408936,24.780000686645508
2017-08-29,26.88999938964844,26.979999542236328,26.68000030517578,26.81999969482422,1230400,0,0,-0.016501677865257913,0.8378632021602554,27.716000080108643,29.272655599284338,26.159344560932947,27.139999389648438,27.934999465942383,27.957499980926514,26.26999950408936,24.90999984741211
2017-08-30,26.75,26.76000022888184,25.799999237060547,26.1200008392334,3875700,0,0,-0.026099883055774487,0.815995070567136,27.646000099182128,29.35205236665165,25.939947831712605,26.789999961853027,27.63499927520752,28.049999713897705,26.26999950408936,25.51000022888184
2017-08-31,26.13999938964844,26.489999771118164,26.1299991607666,26.43000030517578,1241700,0,0,0.011868279325502495,0.8256795279928599,27.579500102996825,29.36529757474952,25.79370263124413,26.789999961853027,27.63499927520752,28.049999713897705,26.26999950408936,25.09000015258789
2017-09-01,26.57999992370605,26.940000534057617,26.51000022888184,26.75,1187400,0,0,0.01210744196478708,0.8356763949595463,27.520000076293947,29.33317422966457,25.706825922923322,26.789999961853027,27.63499927520752,28.049999713897705,26.26999950408936,25.459999084472656
2017-09-05,26.729999542236328,26.850000381469727,25.770000457763672,26.040000915527344,1917500,0,0,-0.026542021849445097,0.8134958538254645,27.432000160217285,29.351195102289342,25.51280521814523,26.77500057220459,27.619999885559082,28.142499446868896,26.26999950408936,24.84000015258789
2017-09-06,26.149999618530277,26.71999931335449,26.06999969482422,26.540000915527344,1448300,0,0,0.01920122820356185,0.8291159733574187,27.324500179290773,29.189299053349245,25.4597013052323,26.77500057220459,27.619999885559082,28.142499446868896,26.26999950408936,24.38999938964844
2017-09-07,26.549999237060547,26.549999237060547,25.450000762939453,25.68000030517578,2414200,0,0,-0.03240394049302442,0.8022493486949289,27.170500183105467,29.044460062553917,25.296540303657018,26.61500072479248,27.460000038146973,28.142499446868896,26.26999950408936,24.350000381469727
2017-09-08,25.63999938964844,26.280000686645508,25.63999938964844,25.950000762939453,1493300,0,0,0.010514036392330395,0.8106842275428308,27.037500190734864,28.8602484056877,25.21475197578203,26.539999961853027,27.460000038146973,28.142499446868896,26.375,24.18000030517578
2017-09-11,25.8799991607666,26.299999237060547,25.86000061035156,26.07999992370605,1761100,0,0,0.005009601423683119,0.8147454324032868,26.875000190734863,28.404176606755797,25.345823774713928,26.21500015258789,27.460000038146973,28.364999771118164,26.44499969482422,24.790000915527344
2017-09-12,26.270000457763672,26.479999542236328,26.07999992370605,26.09000015258789,1087500,0,0,0.000383444360087859,0.8150578419442491,26.743500232696533,28.049176758250532,25.437823707142535,26.195000648498535,27.460000038146973,28.364999771118164,26.44499969482422,25.09000015258789
2017-09-13,26.13999938964844,26.200000762939453,25.600000381469727,25.739999771118164,2577100,0,0,-0.01341511611432511,0.8041237463546758,26.628500175476074,27.85937643382681,25.397623917125337,26.195000648498535,27.460000038146973,28.322499752044678,26.554999351501465,24.030000686645508
2017-09-14,26.13999938964844,26.399999618530277,25.65999984741211,26.049999237060547,3124400,0,0,0.012043491402444317,0.8138082037803996,26.535000133514405,27.63505628539099,25.43494398163782,26.195000648498535,27.460000038146973,28.192500114440918,26.95499992370606,33.9900016784668
2017-09-15,26.020000457763672,26.700000762939453,25.950000762939453,26.38999938964844,2308000,0,0,0.013051829656262948,0.8244298898290108,26.484500122070312,27.510550265577365,25.45844997856326,26.15000057220459,27.460000038146973,28.12750005722046,27.024999618530277,33.970001220703125
2017-09-18,26.450000762939453,26.739999771118164,26.059999465942383,26.06999969482422,1393100,0,0,-0.012125793945631624,0.8144330228623244,26.44050006866455,27.458279901910856,25.422720235418247,26.09500026702881,27.460000038146973,28.109999656677246,27.304999351501465,33.470001220703125
2017-09-19,26.1200008392334,26.290000915527344,25.399999618530277,25.76000022888184,2075000,0,0,-0.01189104217764625,0.8047485654366006,26.407000064849854,27.467634432923855,25.34636569677585,26.06999969482422,27.434999465942383,28.232500076293945,27.4399995803833,33.5
2017-09-20,25.770000457763672,26.0,25.6200008392334,25.790000915527344,1467600,0,0,0.0011646229184372192,0.8056857940594875,26.360000133514404,27.442538584035034,25.277461682993774,26.06999969482422,27.005000114440918,28.25749969482422,27.764999389648438,32.7599983215332
2017-09-21,25.940000534057617,26.1299991607666,25.51000022888184,25.559999465942383,965100,0,0,-0.008918241233814128,0.7985004937894079,26.29250011444092,27.397807400952424,25.187192827929415,26.06999969482422,26.864999771118164,28.274999618530273,27.889999389648438,32.939998626708984
2017-09-22,25.40999984741211,25.450000762939453,24.540000915527344,24.81999969482422,3962100,0,0,-0.028951478348197224,0.775382724032439,26.17500009536743,27.37857240563554,24.97142778509932,25.640000343322754,26.25,28.28999948501587,28.045000076293945,33.040000915527344
2017-09-25,24.81999969482422,25.15999984741211,24.399999618530277,24.57999992370605,4212400,0,0,-0.009669612170390751,0.7678850738074242,26.026500129699706,27.247779328293163,24.80522093110625,25.56999969482422,26.09000015258789,28.237499713897705,28.045000076293945,31.920000076293945
2017-09-26,24.700000762939453,24.739999771118164,24.020000457763672,24.299999237060547,3392500,0,0,-0.011391403072196882,0.7591377854185601,25.87800006866455,27.178919524790548,24.577080612538555,25.380000114440918,25.90000057220459,27.989999294281006,28.045000076293945,32.54999923706055
2017-09-27,24.280000686645508,25.07999992370605,24.280000686645508,24.989999771118164,1899100,0,0,0.028395084597586218,0.7806935670567444,25.78650007247925,27.066560892592953,24.506439252365546,25.380000114440918,25.90000057220459,27.91499948501587,28.045000076293945,31.90999984741211
2017-09-28,24.979999542236328,25.15999984741211,24.5,24.76000022888184,2331100,0,0,-0.009203663239010673,0.7735083263726922,25.71850004196167,27.064017255048018,24.37298282887532,25.380000114440918,25.90000057220459,27.91499948501587,28.045000076293945,31.26000022888184
2017-09-29,24.809999465942383,25.290000915527344,24.729999542236328,25.09000015258789,1765700,0,0,0.013327945099173233,0.7838176028803407,25.651500034332276,26.981829459144155,24.321170609520397,25.155000686645508,25.90000057220459,27.91499948501587,28.045000076293945,31.059999465942383
2017-10-02,25.100000381469727,25.149999618530277,24.489999771118164,24.57999992370605,3599600,0,0,-0.020326832434444442,0.7678850738074241,25.54300003051758,26.850794225512495,24.235205835522663,25.074999809265137,25.90000057220459,27.91499948501587,28.045000076293945,31.21999931335449
2017-10-03,24.600000381469727,25.0,24.57999992370605,24.81999969482422,2181800,0,0,0.009764026520061142,0.7753827240324389,25.481999969482423,26.8052634684436,24.158736470521248,25.074999809265137,25.824999809265137,27.699999809265137,28.045000076293945,30.920000076293945
2017-10-04,24.84000015258789,25.13999938964844,24.709999084472656,24.780000686645508,2190000,0,0,-0.0016115636047752124,0.7741331454546168,25.39399995803833,26.65615158478099,24.131848331295668,24.735000610351562,25.5,27.62999963760376,28.045000076293945,31.18000030517578
2017-10-05,24.8700008392334,24.90999984741211,24.3700008392334,24.90999984741211,3100000,0,0,0.005246132250378066,0.7781943503150728,25.355499935150146,26.627450643109125,24.083549227191167,24.655000686645508,25.480000495910645,27.53749942779541,28.045000076293945,32.0
2017-10-06,24.799999237060547,25.540000915527344,24.670000076293945,25.51000022888184,2784600,0,0,0.02408672762525388,0.7969385056706233,25.333499908447266,26.57819571908596,24.08880409780857,24.780000686645508,25.480000495910645,27.212499618530273,27.84999942779541,32.459999084472656
2017-10-09,25.63999938964844,25.63999938964844,24.979999542236328,25.09000015258789,1327600,0,0,-0.016464134556080312,0.7838176028803406,25.283999919891357,26.48344773017275,24.084552109609966,24.960000038146973,25.480000495910645,27.212499618530273,27.84999942779541,32.29999923706055
2017-10-10,25.21999931335449,25.59000015258789,25.18000030517578,25.459999084472656,1537700,0,0,0.014746868458930695,0.7953764579658114,25.252499866485596,26.39686690148296,24.108132831488234,25.005000114440918,25.4350004196167,27.212499618530273,27.84999942779541,32.439998626708984
2017-10-11,25.399999618530277,25.40999984741211,24.739999771118164,24.84000015258789,2231800,0,0,-0.024351883510588368,0.7760075431143635,25.20749988555908,26.34228595599217,24.07271381512599,25.005000114440918,25.380000114440918,27.197500228881836,27.835000038146973,32.79999923706055
2017-10-12,24.739999771118164,24.940000534057617,24.31999969482422,24.38999938964844,1700800,0,0,-0.01811597263185072,0.761949411701194,25.124499893188478,26.24320060687501,24.005799179501945,24.979999542236328,25.380000114440918,27.197500228881836,27.835000038146973,33.619998931884766
2017-10-13,24.489999771118164,24.540000915527344,24.229999542236328,24.350000381469727,1965100,0,0,-0.0016399757761245137,0.7606998331233717,25.02249994277954,26.02594340524449,24.01905648031459,24.934999465942383,25.380000114440918,27.037500381469727,27.675000190734863,33.709999084472656
2017-10-16,24.13999938964844,24.459999084472656,23.899999618530277,24.18000030517578,2682400,0,0,-0.0069815225310351225,0.7553889900990662,24.92799997329712,25.872694857758425,23.983305088835813,24.76999950408936,25.31999969482422,27.0,27.675000190734863,33.18000030517578
2017-10-17,24.280000686645508,24.8700008392334,24.280000686645508,24.790000915527344,2259100,0,0,0.02522748563493571,0.774445554995579,24.879500007629396,25.74369118204616,24.015308833212632,24.76999950408936,25.31999969482422,26.83750009536743,27.675000190734863,33.66999816894531
2017-10-18,24.8799991607666,25.149999618530277,24.700000762939453,25.09000015258789,3073300,0,0,0.012101622669672407,0.7838176028803405,24.84449996948242,25.608184676085344,24.080815262879497,24.76999950408936,25.31999969482422,26.827500343322754,27.675000190734863,33.540000915527344
2017-10-19,25.200000762939453,25.290000915527344,24.0,24.030000686645508,6924400,0,0,-0.04224788599026974,0.7507029661566854,24.768000030517577,25.536228284993086,23.999771776042067,24.76999950408936,25.31999969482422,26.827500343322754,27.675000190734863,34.689998626708984
2017-10-20,31.049999237060547,34.33000183105469,30.06999969482422,33.9900016784668,35080800,0,0,0.4144819270586406,1.0618557782179459,25.22650012969971,29.341691547485492,21.111308711913924,29.11500072479248,29.11500072479248,26.827500343322754,27.675000190734863,34.61000061035156
2017-10-23,33.560001373291016,34.869998931884766,33.560001373291016,33.970001220703125,10971800,0,0,-0.0005884217939401415,1.0612309591360212,25.696000194549562,31.30100366816233,20.090996720936793,29.38499927520752,29.38499927520752,26.80500030517578,27.539999961853027,34.560001373291016
2017-10-24,33.900001525878906,34.29999923706055,33.290000915527344,33.470001220703125,4948300,0,0,-0.014718869061896678,1.045610839604067,26.15450029373169,32.665358751895745,19.643641835567635,29.38499927520752,29.38499927520752,26.77750015258789,27.5,35.099998474121094
2017-10-25,33.41999816894531,33.849998474121094,33.209999084472656,33.5,3722600,0,0,0.0008962885629750783,1.046548008640927,26.58000030517578,33.81148539495116,19.348515215400397,29.38499927520752,29.38499927520752,26.7524995803833,27.47499942779541,35.45000076293945
2017-10-26,33.279998779296875,33.529998779296875,32.66999816894531,32.7599983215332,3205200,0,0,-0.022089602342292403,1.0234301792979308,26.98000020980835,34.64157540196571,19.318425017650984,29.38499927520752,29.38499927520752,26.53749990463257,27.47499942779541,35.18000030517578
2017-10-27,32.540000915527344,33.0,32.529998779296875,32.939998626708984,3726900,0,0,0.005494515091518437,1.0290534318631988,27.372500133514404,35.40596839793655,19.339031869092256,29.434999465942383,29.38499927520752,26.46749973297119,27.47499942779541,34.38999938964844
2017-10-30,32.72999954223633,33.40999984741211,32.65999984741211,33.040000915527344,5490000,0,0,0.003035892318989708,1.0321775272728222,27.795500183105467,36.08590524004215,19.50509512616878,29.434999465942383,29.38499927520752,25.945000171661377,27.045000076293945,34.88999938964844
2017-10-31,32.939998626708984,33.0,31.690000534057617,31.920000076293945,2844900,0,0,-0.03389832954596095,0.997188433303393,28.150500202178954,36.50936604190899,19.791634362448917,29.434999465942383,29.38499927520752,25.829999923706055,26.97499942779541,35.369998931884766
2017-11-01,31.82999992370605,32.959999084472656,31.75,32.54999923706055,2690600,0,0,0.019736815766315807,1.0168697576958032,28.53900012969971,36.95784034783421,20.120159911565207,32.46999931335449,29.38499927520752,25.640000343322754,26.78499984741211,35.63999938964844
2017-11-02,31.81999969482422,32.40999984741211,31.63999938964844,31.90999984741211,5179200,0,0,-0.019662040081394272,0.9968760237624307,28.889000129699706,37.25657752219634,20.521422737203075,33.2549991607666,29.38499927520752,25.640000343322754,26.78499984741211,36.43999862670898
2017-11-03,31.96999931335449,32.0,31.26000022888184,31.26000022888184,2818700,0,0,-0.020369778177325326,0.9765698802880959,29.176500129699708,37.453590016059465,20.89941024333995,32.77999973297119,29.38499927520752,25.640000343322754,26.78499984741211,36.310001373291016
2017-11-06,31.299999237060547,31.36000061035156,30.959999084472656,31.059999465942383,3479800,0,0,-0.0063979770145577985,0.9703218086409032,29.47500009536743,37.56763428335354,21.38236590738132,32.404998779296875,29.38499927520752,25.52750062942505,26.78499984741211,36.70000076293945
2017-11-07,30.850000381469727,31.32999992370605,30.40999984741211,31.21999931335449,2548500,0,0,0.005151315201648687,0.9753202421242464,29.763000106811525,37.66943103362002,21.856569180003028,31.969999313354492,29.38499927520752,25.487500190734863,26.78499984741211,36.91999816894531
2017-11-08,31.11000061035156,31.1200008392334,30.739999771118164,30.920000076293945,2385500,0,0,-0.009609200629681514,0.965948194239485,30.067000102996825,37.65042612601731,22.483574079976346,31.90999984741211,29.38499927520752,25.449999809265137,26.78499984741211,38.130001068115234
2017-11-09,30.700000762939453,31.59000015258789,30.6299991607666,31.18000030517578,3021200,0,0,0.008408804276853088,0.9740706635464245,30.406500148773194,37.532263094769604,23.280737202776784,31.90999984741211,29.38499927520752,25.11750030517578,26.78499984741211,37.970001220703125
2017-11-10,30.920000076293945,32.16999816894531,30.920000076293945,32.0,2391600,0,0,0.026298899512457785,0.999687650045065,30.78900012969971,37.36788480119518,24.210115458204235,31.704999923706055,29.38499927520752,25.067500591278076,26.78499984741211,37.61000061035156
2017-11-13,31.93000030517578,32.650001525878906,31.93000030517578,32.459999084472656,1724700,0,0,0.014374971389770508,1.0140581314131698,31.20300006866455,37.06147989921285,25.344520238116253,31.684999465942383,29.38499927520752,25.130000591278076,26.744999885559082,37.58000183105469
2017-11-14,32.18000030517578,32.529998779296875,32.15999984741211,32.29999923706055,1571400,0,0,-0.004929138999533955,1.0090596979298265,31.57849998474121,36.646001338674026,26.5109986308084,31.530000686645508,29.38499927520752,25.22000026702881,26.744999885559082,38.220001220703125
2017-11-15,32.20000076293945,32.880001068115234,32.20000076293945,32.439998626708984,2481500,0,0,0.00433434653112319,1.013433312331245,31.945999908447266,36.04126398859742,27.850735828297115,31.645000457763672,29.38499927520752,25.22000026702881,26.744999885559082,38.31999969482422
2017-11-16,32.43000030517578,33.029998779296875,32.43000030517578,32.79999923706055,1257000,0,0,0.01109742988876583,1.0246798174617806,32.384499835968015,34.24763997293926,30.52135969899677,31.719999313354492,29.38499927520752,25.192500114440918,26.744999885559082,38.65999984741211
2017-11-17,33.150001525878906,33.7599983215332,32.970001220703125,33.619998931884766,2385700,0,0,0.02499999127736885,1.050296803960421,32.365999698638916,34.170818250613046,30.561181146664783,32.084999084472656,29.38499927520752,25.179999828338623,26.744999885559082,38.43999862670898
2017-11-20,33.650001525878906,33.91999816894531,33.220001220703125,33.709999084472656,2250500,0,0,0.0026769826129451335,1.053108430243055,32.35299959182739,34.11416712646786,30.591832057186924,32.27499866485596,29.38499927520752,25.15749979019165,26.744999885559082,38.52000045776367
2017-11-21,33.18000030517578,33.61000061035156,33.0,33.18000030517578,1943900,0,0,-0.015722301800387806,1.036551141674241,32.338499546051025,34.066757061033066,30.610242031068985,32.27499866485596,29.434999465942383,25.044999599456787,26.684999465942383,37.84000015258789
2017-11-22,33.20000076293945,33.83000183105469,33.20000076293945,33.66999816894531,1145900,0,0,0.014767867970546522,1.0518587920792055,32.34699945449829,34.09978890185048,30.594210007146096,32.41999912261963,29.434999465942383,25.044999599456787,26.684999465942383,38.45000076293945
2017-11-24,33.779998779296875,33.970001220703125,33.5,33.540000915527344,380000,0,0,-0.0038609224974021084,1.0477976468047767,32.385999584198,34.20792159295569,30.564077575440304,32.95000076293945,29.434999465942383,25.044999599456787,26.684999465942383,38.72999954223633
2017-11-27,33.650001525878906,34.95000076293945,33.650001525878906,34.689998626708984,3332600,0,0,0.03428734883096696,1.0837238502250384,32.473499584197995,34.54706885429476,30.39993031410123,33.55500030517578,32.510000228881836,25.044999599456787,26.684999465942383,38.25
2017-11-28,34.63999938964844,34.86000061035156,34.2599983215332,34.61000061035156,2635200,0,0,-0.002306083007331927,1.081224693069394,32.55199956893921,34.817568980550874,30.286430157327548,33.57500076293945,32.68000030517578,29.11500072479248,29.11500072479248,37.79999923706055
2017-11-29,34.650001525878906,35.31999969482422,34.16999816894531,34.560001373291016,5716900,0,0,-0.0014446471013812578,1.0796627049506096,32.683999633789064,35.09166008872843,30.276339178849696,33.875,32.864999771118164,29.38499927520752,29.38499927520752,37.9900016784668
2017-11-30,34.84000015258789,35.79999923706055,34.619998931884766,35.099998474121094,2286500,0,0,0.015624915491103009,1.0965323434743586,32.81149959564209,35.43974076890412,30.183258422380053,34.385000228881836,33.10499954223633,29.38499927520752,29.38499927520752,38.2599983215332
2017-12-01,35.27000045776367,35.65999984741211,34.619998931884766,35.45000076293945,2441700,0,0,0.00997157561349793,1.1074664986499592,32.98849964141846,35.821205783256914,30.15579349958,34.39999961853027,33.10499954223633,29.38499927520752,29.38499927520752,38.720001220703125
2017-12-04,35.63999938964844,36.43000030517578,35.119998931884766,35.18000030517578,4130500,0,0,-0.007616373820954592,1.0990316198020573,33.18449964523315,36.05431578386247,30.314683506603835,34.71500015258789,33.420000076293945,29.38499927520752,29.38499927520752,38.68999862670898
2017-12-05,35.130001068115234,35.5,34.369998931884766,34.38999938964844,2101500,0,0,-0.02245596670478467,1.0743518023402767,33.350999641418454,36.09052278837017,30.61147649446674,34.81500053405762,33.420000076293945,29.40999937057495,29.38499927520752,38.54999923706055
2017-12-06,34.72999954223633,35.02000045776367,34.279998779296875,34.88999938964844,1473900,0,0,0.01453911046449452,1.0899719218722308,33.534499645233154,36.16690124822289,30.902098042243416,34.96500015258789,33.420000076293945,29.40999937057495,29.38499927520752,37.90999984741211
2017-12-07,35.130001068115234,35.459999084472656,34.7599983215332,35.369998931884766,1234900,0,0,0.01375751076621512,1.1049672223222602,33.7569995880127,36.21228886954823,31.301710306477162,35.040000915527344,33.420000076293945,29.40999937057495,29.38499927520752,39.09000015258789
2017-12-08,35.61000061035156,35.9900016784668,35.56999969482422,35.63999938964844,1658300,0,0,0.007633600958926623,1.1134021011701618,33.97999954223633,36.26068531226691,31.69931377220575,35.29999923706055,33.420000076293945,30.927499294281006,29.38499927520752,39.619998931884766
2017-12-11,36.0099983215332,36.5099983215332,35.86000061035156,36.43999862670898,1615600,0,0,0.02244666809093432,1.1383942685868773,34.201999473571775,36.532909005616,31.87108994152755,35.33999824523926,33.459999084472656,31.31999921798706,29.38499927520752,40.369998931884766
2017-12-12,36.34000015258789,36.540000915527344,36.040000915527344,36.310001373291016,1314500,0,0,-0.0035674329944315186,1.1343331233124487,34.39449958801269,36.75420252003145,32.03479665599394,35.40999984741211,33.47500038146973,31.082499504089355,29.38499927520752,40.540000915527344
2017-12-13,36.369998931884766,36.79999923706055,36.06999969482422,36.70000076293945,1057800,0,0,0.010740825527352227,1.1465167974798443,34.61449966430664,36.97250557748952,32.25649375112376,35.53999900817871,33.60499954223633,30.894999027252197,29.38499927520752,40.95000076293945
2017-12-14,36.95000076293945,37.65999984741211,36.81999969482422,36.91999816894531,1813100,0,0,0.0059944796030635406,1.153389569036907,34.83849964141846,37.17857429818757,32.49842498464935,35.96999931335449,34.144999504089355,30.677499294281006,29.38499927520752,40.5099983215332
2017-12-15,37.59000015258789,38.40999984741211,37.54999923706055,38.130001068115234,2895200,0,0,0.032773644614849884,1.1911903488749973,35.104999732971194,37.66216068189745,32.54783878404494,36.34499931335449,34.519999504089355,30.647499561309814,29.38499927520752,40.68999862670898
2017-12-18,37.93999862670898,38.310001373291016,37.59999847412109,37.970001220703125,2342000,0,0,-0.004196166874642526,1.1861919153916543,35.32249984741211,38.07232166976609,32.57267802505813,36.34499931335449,34.66499996185303,30.647499561309814,29.38499927520752,40.88999938964844
2017-12-19,38.0,38.02999877929688,37.470001220703125,37.61000061035156,1639700,0,0,-0.009481185113980772,1.1749454102611185,35.517499923706055,38.335303826989275,32.699696020422834,36.584999084472656,35.170000076293945,30.544999599456787,29.38499927520752,40.84000015258789
2017-12-20,37.54999923706055,37.86000061035156,37.27000045776367,37.58000183105469,1267000,0,0,-0.0007976277269354792,1.1740082412242587,35.7375,38.476049247191845,32.99895075280815,36.989999771118164,35.28499984741211,30.53499937057495,29.38499927520752,40.22999954223633
2017-12-21,37.52000045776367,38.33000183105469,37.43000030517578,38.220001220703125,3044100,0,0,0.017030318213544282,1.1940019751576314,35.96500015258789,38.7348637390935,33.19513656608228,37.135000228881836,35.30500030517578,30.457499980926514,29.38499927520752,41.18999862670898
2017-12-22,37.77999877929688,38.34000015258789,37.02000045776367,38.31999969482422,1807100,0,0,0.002616391180723543,1.1971259513952004,36.204000091552736,38.91942028401358,33.48857989909189,37.22500038146973,35.420000076293945,30.514999866485596,29.38499927520752,40.95000076293945
2017-12-26,38.25,38.91999816894531,38.02999877929688,38.65999984741211,1084500,0,0,0.008872655409593255,1.2077476374438114,36.40250015258789,39.22567341026705,33.57932689490873,37.494998931884766,35.94499969482422,30.552499294281006,29.38499927520752,40.56999969482422
2017-12-27,38.619998931884766,38.869998931884766,38.33000183105469,38.43999862670898,826800,0,0,-0.005690667914419523,1.2008747467146939,36.594000053405765,39.4245010877096,33.76349901910193,37.869998931884766,35.959999084472656,30.734999179840088,29.38499927520752,39.4900016784668
2017-12-28,38.15999984741211,38.61000061035156,38.15999984741211,38.52000045776367,555900,0,0,0.0020812131611032125,1.203374023042393,36.7920000076294,39.578885807659404,34.00511420759939,37.96999931335449,35.959999084472656,30.82999897003174,29.38499927520752,40.41999816894531
2017-12-29,38.630001068115234,38.77000045776367,37.81999969482422,37.84000015258789,920300,0,0,-0.01765317489861884,1.182130650945171,36.92900009155274,39.63714669749877,34.2208534856067,37.96999931335449,36.05999946594238,30.85499906539917,29.38499927520752,40.959999084472656
2018-01-02,38.0,38.560001373291016,37.970001220703125,38.45000076293945,1426300,0,0,0.016120523464370207,1.2011872158416839,37.079000091552736,39.77502484372161,34.38297533938386,37.96999931335449,36.209999084472656,30.927499294281006,29.38499927520752,38.18000030517578
2018-01-03,38.5099983215332,39.709999084472656,38.34999847412109,38.72999954223633,1944600,0,0,0.0072821527630957394,1.2099344446445206,37.25650005340576,39.8952757281528,34.61772437865872,38.364999771118164,36.68000030517578,31.192500114440918,29.38499927520752,41.060001373291016
2018-01-04,38.72999954223633,39.04999923706055,37.77000045776367,38.25,2518000,0,0,-0.01239348174308319,1.1949391441944912,37.44950008392334,39.762663220408115,35.136336947438565,38.364999771118164,36.939998626708984,33.03250026702881,29.425000190734863,40.0
2018-01-05,38.04999923706055,38.38999938964844,37.68000030517578,37.79999923706055,1696500,0,0,-0.011764725828482425,1.1808810127813216,37.59500007629394,39.58633191187851,35.603668240709375,38.364999771118164,36.939998626708984,33.12750053405762,29.425000190734863,40.150001525878906
2018-01-08,37.77000045776367,38.68000030517578,37.77000045776367,37.9900016784668,1644300,0,0,0.005026519715375155,1.1868167344735792,37.726000213623045,39.43672767247566,36.01527275477043,38.69499969482422,36.994998931884766,33.36999988555908,29.609999656677246,40.369998931884766
2018-01-09,37.959999084472656,38.7400016784668,37.959999084472656,38.2599983215332,1244900,0,0,0.007107044778559279,1.1952514941494263,37.85700016021728,39.283548790582714,36.43045152985185,38.69499969482422,36.994998931884766,33.74499988555908,29.84999942779541,39.470001220703125
2018-01-10,38.119998931884766,38.79999923706055,38.119998931884766,38.720001220703125,1698800,0,0,0.012023076825673273,1.2096220946895857,37.971000289916994,39.28519118571392,36.65680939412007,38.69499969482422,36.994998931884766,33.7524995803833,29.84999942779541,39.18999862670898
2018-01-11,38.90999984741211,39.02999877929688,38.5099983215332,38.68999862670898,863800,0,0,-0.0007748603576517299,1.208684806480671,38.09000015258789,39.19296582372402,36.98703448145176,38.69499969482422,36.994998931884766,34.06750011444092,30.164999961853027,38.65999984741211
2018-01-12,38.75,38.95000076293945,38.13999938964844,38.54999923706055,1525500,0,0,-0.0036184904269235263,1.2043111920792529,38.18250007629395,39.0957726743674,37.26922747822049,38.69499969482422,36.994998931884766,34.11750030517578,30.164999961853027,38.959999084472656
2018-01-16,38.33000183105469,38.630001068115234,37.79999923706055,37.90999984741211,1359400,0,0,-0.016601800319445026,1.1843174581458802,38.23200016021728,38.95095796664062,37.51304235379394,38.69499969482422,37.23499870300293,34.19250011444092,30.164999961853027,38.209999084472656
2018-01-17,38.45000076293945,39.619998931884766,38.290000915527344,39.09000015258789,2162400,0,0,0.031126360061336955,1.2211809497750563,38.28000011444092,39.088903397572956,37.47109683130888,38.64999961853027,37.63999938964844,34.230000495910645,30.164999961853027,39.77000045776367
2018-01-18,39.13999938964844,39.65999984741211,39.09000015258789,39.619998931884766,3394700,0,0,0.013558423566846445,1.2377382383438704,38.3625,39.34760002747428,37.377399972525716,38.670000076293945,37.78499984741211,34.359999656677246,30.164999961853027,40.86000061035156
2018-01-19,39.79999923706055,40.45000076293945,39.5,40.369998931884766,1936400,0,0,0.018929833927795237,1.2611684176418017,38.50049991607666,39.76294019135589,37.23805964079744,39.11000061035156,38.2450008392334,34.39999866485596,30.20499897003174,41.02999877929688
2018-01-22,40.29999923706055,40.709999084472656,40.209999084472656,40.540000915527344,1174600,0,0,0.004211097055747182,1.2664793202521343,38.64849987030029,40.12324796343855,37.17375177716203,39.2549991607666,38.38999938964844,34.44250011444092,30.22000026702881,40.91999816894531
2018-01-23,40.540000915527344,41.0099983215332,40.2599983215332,40.95000076293945,1385100,0,0,0.010113464187295529,1.2792878135014547,38.78499984741211,40.555138696685965,37.01486099813825,39.404998779296875,38.91499900817871,34.57249927520752,30.34999942779541,40.95000076293945
2018-01-24,41.16999816894531,41.27999877929688,40.4900016784668,40.5099983215332,842600,0,0,-0.010744870163823306,1.2655420320432202,38.89449977874756,40.80311867742547,36.985880880069644,39.53999900817871,39.14999961853027,35.057499408721924,30.77999973297119,41.400001525878906
2018-01-25,40.83000183105469,40.959999084472656,40.380001068115234,40.68999862670898,1135400,0,0,0.0044433550390965415,1.271165284608488,38.9959997177124,41.05557959243021,36.93641984299459,39.53999900817871,39.14999961853027,35.432499408721924,31.15499973297119,40.720001220703125
2018-01-26,40.900001525878906,40.95000076293945,40.400001525878906,40.88999938964844,868500,0,0,0.004915231498881845,1.2774133562556806,39.118499755859375,41.31940500686094,36.91759450485781,39.53999900817871,39.14999961853027,35.50499963760376,31.15499973297119,41.18000030517578
2018-01-29,41.130001068115234,41.18000030517578,40.310001373291016,40.84000015258789,1702900,0,0,-0.0012227742188033464,1.2758513681368961,39.23449974060058,41.54022034818831,36.92877913301285,39.78499984741211,39.14999961853027,35.8774995803833,31.15499973297119,41.18999862670898
2018-01-30,40.630001068115234,40.880001068115234,40.220001220703125,40.22999954223633,1608300,0,0,-0.014936351813723214,1.2567948032403833,39.35399971008301,41.604731029806935,37.103268390359084,40.18499946594238,39.14999961853027,36.13749980926514,31.15499973297119,40.77000045776367
2018-01-31,40.33000183105469,41.58000183105469,40.33000183105469,41.18999862670898,2222000,0,0,0.023862766477657393,1.2867854041404418,39.49099960327148,41.83753332410317,37.144465882439796,40.540000915527344,39.30000114440918,36.22000026702881,31.15499973297119,41.380001068115234
2018-02-01,40.5099983215332,41.16999816894531,39.79999923706055,40.95000076293945,1376400,0,0,-0.005826605286990749,1.2792878135014547,39.60199966430664,42.00402012724059,37.19997920137269,40.69000053405762,39.630001068115234,36.322500228881836,31.15499973297119,40.45000076293945
2018-02-02,40.93999862670898,41.25,40.4900016784668,40.56999969482422,1641200,0,0,-0.009279635190120539,1.2674164892889943,39.717999649047854,42.07069230315102,37.36530699494469,40.69000053405762,39.630001068115234,36.71999931335449,31.409998893737793,40.93000030517578
2018-02-05,39.88999938964844,40.79999923706055,39.43999862670898,39.4900016784668,1938400,0,0,-0.02662060696281454,1.2336770930694418,39.802499771118164,41.98721939043407,37.61778015180226,40.510000228881836,39.630001068115234,36.91499900817871,31.409998893737793,40.08000183105469
2018-02-06,38.59999847412109,41.540000915527344,37.0099983215332,40.41999816894531,3474900,0,0,0.02355017601798748,1.2627304057605864,39.92399959564209,41.95529909375524,37.89270009752894,39.295000076293945,39.295000076293945,36.964999198913574,31.409998893737793,40.11000061035156
2018-02-07,40.34000015258789,41.43999862670898,40.34000015258789,40.959999084472656,2207200,0,0,0.013359746165011677,1.27960016345639,40.058999633789064,41.9850437670242,38.132955500553926,39.295000076293945,39.295000076293945,37.01499938964844,31.459999084472656,40.459999084472656
2018-02-08,41.0,41.2400016784668,38.130001068115234,38.18000030517578,4183200,0,0,-0.06787106546471411,1.1927523369937825,40.031999588012695,42.04645909665882,38.01754007936657,39.295000076293945,39.295000076293945,37.089999198913574,31.459999084472656,39.2599983215332
2018-02-09,41.02000045776367,42.72999954223633,39.209999084472656,41.060001373291016,8151700,0,0,0.0754321908091975,1.2827242588660137,40.150499725341795,42.11284473465203,38.18815471603156,39.869998931884766,39.869998931884766,37.52250003814697,31.854999542236328,40.11000061035156
2018-02-12,41.18000030517578,42.09999847412109,38.68999862670898,40.0,4740100,0,0,-0.025815911783688694,1.2496095625563313,40.22299976348877,42.04404162128075,38.4019579056968,39.869998931884766,39.869998931884766,37.652499198913574,34.88999938964844,40.65999984741211
2018-02-13,40.02000045776367,40.560001373291016,39.77000045776367,40.150001525878906,2746800,0,0,0.003750038146972612,1.2542956460847392,40.33499984741211,41.81311965124865,38.856880043575565,39.869998931884766,39.869998931884766,37.652499198913574,35.05999946594238,39.470001220703125
2018-02-14,39.7400016784668,40.630001068115234,39.5099983215332,40.369998931884766,2508400,0,0,0.005479387238978228,1.2611684176418019,40.398999786376955,41.761029120952124,39.036970451801785,39.869998931884766,39.869998931884766,37.84499931335449,35.05999946594238,38.040000915527344
2018-02-15,40.56999969482422,40.66999816894531,39.150001525878906,39.470001220703125,3247600,0,0,-0.022293726405596015,1.2330522739875172,40.39149990081787,41.7723317469092,39.01066805472654,39.869998931884766,39.869998931884766,37.84499931335449,35.05999946594238,38.790000915527344
2018-02-16,39.2599983215332,40.0,38.810001373291016,39.18999862670898,2556800,0,0,-0.007094060940826097,1.2243049260126255,40.33249988555908,41.8104743360859,38.85452543503226,39.869998931884766,39.869998931884766,37.84499931335449,35.05999946594238,38.5
2018-02-20,38.83000183105469,38.93000030517578,38.09000015258789,38.65999984741211,2972100,0,0,-0.013523827452641468,1.2077476374438119,40.23849983215332,41.883354749712055,38.59364491459459,40.40999984741211,39.869998931884766,37.84499931335449,35.05999946594238,38.36000061035156
2018-02-21,38.70000076293945,39.59999847412109,38.43000030517578,38.959999084472656,1957600,0,0,0.0077599389095865945,1.2171196853285733,40.13899974822998,41.84007284281942,38.43792665364054,40.40999984741211,39.869998931884766,37.84499931335449,35.05999946594238,38.88999938964844
2018-02-22,39.29999923706055,39.29999923706055,38.150001525878906,38.209999084472656,1678000,0,0,-0.019250513799393576,1.193689506030642,40.023999786376955,41.91204032742136,38.13595924533255,40.40999984741211,39.869998931884766,37.964999198913574,35.05999946594238,38.08000183105469
2018-02-23,38.59000015258789,39.97999954223633,38.45000076293945,39.77000045776367,3373500,0,0,0.04082704555533345,1.2424243218722786,39.97799987792969,41.843342421650185,38.112657334209196,40.09499931335449,39.869998931884766,38.144999504089355,35.05999946594238,39.0099983215332
2018-02-26,40.0099983215332,41.119998931884766,39.79999923706055,40.86000061035156,2881200,0,0,0.02740759718485508,1.2764761872188208,39.97649993896484,41.83892102761702,38.114078850312666,39.60499954223633,39.869998931884766,38.22749996185303,35.05999946594238,40.0099983215332
2018-02-27,41.2599983215332,42.45000076293945,40.900001525878906,41.02999877929688,2542000,0,0,0.004160503338373811,1.2817869706570995,39.98599987030029,41.867990908564074,38.104008832036506,40.27000045776367,39.869998931884766,38.67750072479248,35.43000030517578,41.02000045776367
2018-02-28,41.06999969482422,41.29999923706055,40.720001220703125,40.91999816894531,2760800,0,0,-0.002680980102955144,1.2783505252925407,40.020499801635744,41.94440733699925,38.09659226627224,40.27000045776367,39.869998931884766,38.82249927520752,35.55999946594238,40.2599983215332
2018-03-01,40.95000076293945,41.20000076293945,40.58000183105469,40.95000076293945,1758200,0,0,0.0007332012545617772,1.279287813501455,40.00849990844726,41.90559870846278,38.11140110843174,40.27000045776367,39.869998931884766,39.15999889373779,35.709999084472656,40.33000183105469
2018-03-02,40.13999938964844,41.52000045776367,39.86000061035156,41.400001525878906,2877900,0,0,0.010989029415274354,1.2933459449146245,40.030999946594235,41.982718646970575,38.079281246217896,40.27000045776367,39.869998931884766,39.34499931335449,35.95499897003174,41.43000030517578
2018-03-05,41.11000061035156,41.59999847412109,40.66999816894531,40.720001220703125,2182200,0,0,-0.01642512753896197,1.2721025728174025,40.038500022888186,41.99967878285128,38.077321262925096,40.30000114440918,39.869998931884766,39.34499931335449,35.95499897003174,42.18999862670898
2018-03-06,40.83000183105469,41.18000030517578,40.16999816894531,41.18000030517578,1488100,0,0,0.011296637295747036,1.2864730541855074,40.12299995422363,42.12798804147546,38.1180118669718,40.30000114440918,39.869998931884766,39.34499931335449,36.09999942779541,42.31999969482422
2018-03-07,40.619998931884766,41.27999877929688,40.47999954223633,41.18999862670898,1250800,0,0,0.00024279556724371432,1.286785404140442,40.161499977111816,42.21730602778767,38.10569392643596,40.45000076293945,39.869998931884766,39.46749973297119,36.60499954223633,41.97999954223633
2018-03-08,41.5,41.52999877929688,40.59000015258789,40.77000045776367,961400,0,0,-0.010196605558344563,1.273664560936187,40.15200004577637,42.19452854393068,38.10947154762206,41.125,39.869998931884766,39.66749954223633,36.71999931335449,42.400001525878906
2018-03-09,41.130001068115234,41.5099983215332,40.900001525878906,41.380001068115234,1387800,0,0,0.014961996652011367,1.2927211258326998,40.31200008392334,42.2059456009488,38.41805456689787,41.15500068664551,39.869998931884766,39.92000102996826,36.89000129699707,42.45000076293945
2018-03-12,41.45000076293945,41.459999084472656,40.43999862670898,40.45000076293945,1590200,0,0,-0.022474632217744928,1.2636676939695006,40.281500053405765,42.1453649100189,38.41763519679263,40.72999954223633,39.869998931884766,40.160000801086426,37.005001068115234,42.209999084472656
2018-03-13,40.83000183105469,41.31999969482422,40.66999816894531,40.93000030517578,1738200,0,0,0.011866490313545475,1.27866299441953,40.32800006866455,42.2079622659966,38.4480378713325,40.72999954223633,39.869998931884766,40.160000801086426,37.275001525878906,42.08000183105469
2018-03-14,41.2400016784668,41.41999816894531,39.970001220703125,40.08000183105469,1291100,0,0,-0.020767126014743953,1.2521088388840298,40.32450008392334,42.206051982134056,38.44294818571262,40.72999954223633,39.869998931884766,40.070000648498535,37.290000915527344,30.700000762939453
2018-03-15,40.2599983215332,40.630001068115234,40.0099983215332,40.11000061035156,1714600,0,0,0.0007484725031532413,1.2530460079208896,40.31150016784668,42.19523006755921,38.427770268134154,40.78499984741211,40.40999984741211,39.295000076293945,37.290000915527344,29.1200008392334
2018-03-16,40.06999969482422,40.650001525878906,39.75,40.459999084472656,3249000,0,0,0.008725965315262707,1.2639800439244357,40.361000061035156,42.204858581550525,38.51714154051979,40.63999938964844,40.40999984741211,39.295000076293945,37.39000129699707,29.209999084472656
2018-03-19,40.150001525878906,40.36000061035156,39.119998931884766,39.2599983215332,1762000,0,0,-0.029658941920242876,1.226491733213335,40.36450004577637,42.1996045629806,38.52939552857213,40.32499885559082,40.40999984741211,39.295000076293945,37.540000915527344,29.21999931335449
2018-03-20,39.43999862670898,40.18999862670898,39.150001525878906,40.11000061035156,1584700,0,0,0.021650594120177447,1.2530460079208898,40.43700008392334,42.101939690627724,38.77206047721895,40.32499885559082,40.27000045776367,39.869998931884766,38.19000053405762,29.13999938964844
2018-03-21,40.13999938964844,40.84999847412109,39.970001220703125,40.65999984741211,1815000,0,0,0.013712271969365197,1.2702281155716284,40.52200012207031,42.04245378809703,39.00154645604359,40.314998626708984,40.27000045776367,39.869998931884766,38.44999885559082,29.07999992370605
2018-03-22,40.18000030517578,40.63999938964844,39.45000076293945,39.470001220703125,1483700,0,0,-0.029267059300904674,1.2330522739875172,40.58500022888184,41.78446663837942,39.38553381938426,40.28999900817871,40.27000045776367,39.869998931884766,38.44999885559082,28.5
2018-03-23,39.72999954223633,39.77000045776367,38.0099983215332,38.040000915527344,2047500,0,0,-0.03623005474916752,1.1883787225923639,40.49850025177002,42.105904799835685,38.89109570370435,39.71499824523926,40.22999954223633,39.869998931884766,38.5049991607666,28.15999984741211
2018-03-26,38.59999847412109,39.08000183105469,38.16999816894531,38.790000915527344,2062200,0,0,0.01971608785355894,1.211808901890295,40.395000267028806,42.15687247769228,38.63312805636533,39.71499824523926,40.22999954223633,39.869998931884766,38.5049991607666,28.09000015258789
2018-03-27,38.84999847412109,39.20000076293945,38.31999969482422,38.5,1553800,0,0,-0.00747617707354209,1.2027492039604686,40.268500328063965,42.1878815330103,38.34911912311763,39.42999839782715,40.22999954223633,39.869998931884766,38.5049991607666,27.489999771118164
2018-03-28,38.58000183105469,39.119998931884766,38.20000076293945,38.36000061035156,1633300,0,0,-0.0036363477830763102,1.1983755895590502,40.140500450134276,42.206511290294195,38.07448960997436,39.42999839782715,40.22999954223633,40.13999938964844,38.5049991607666,28.670000076293945
2018-03-29,38.63999938964844,39.22999954223633,38.5,38.88999938964844,1382300,0,0,0.013816443453180005,1.214932878127864,40.03750038146973,42.13730552839725,37.937695234542204,39.42999839782715,40.22999954223633,40.13999938964844,38.5049991607666,29.049999237060547
2018-04-02,38.79999923706055,39.02000045776367,37.81999969482422,38.08000183105469,1750700,0,0,-0.0208279138931885,1.1896283607562133,39.871500396728514,42.03879232933623,37.704208464120796,39.334999084472656,40.135000228881836,40.13999938964844,38.744998931884766,29.790000915527344
2018-04-03,38.08000183105469,39.18999862670898,38.08000183105469,39.0099983215332,1551100,0,0,0.024422175571433113,1.2186816734473576,39.78600025177002,41.94750163301698,37.62449887052306,39.334999084472656,40.135000228881836,39.98249912261963,39.14999961853027,29.26000022888184
2018-04-04,38.5,40.09999847412109,38.5,40.0099983215332,1232700,0,0,0.025634453807397595,1.249921912511266,39.72750015258789,41.79522651400066,37.65977379117513,39.22999954223633,40.135000228881836,39.73749923706055,39.295000076293945,29.31999969482422
2018-04-05,40.220001220703125,41.09000015258789,40.220001220703125,41.02000045776367,1599900,0,0,0.025243743529149043,1.281474620702164,39.719000244140624,41.763628760546325,37.67437172773492,39.454999923706055,39.709999084472656,40.06999969482422,39.385000228881836,29.020000457763672
2018-04-06,40.630001068115234,41.459999084472656,39.97999954223633,40.2599983215332,2534100,0,0,-0.01852759940880566,1.257731972277243,39.6935001373291,41.69692572494044,37.690074549717764,39.63999938964844,39.709999084472656,40.06999969482422,39.39999961853027,28.93000030517578
2018-04-09,40.63999938964844,40.9900016784668,40.31999969482422,40.33000183105469,1268800,0,0,0.0017387857039239396,1.2599188986500067,39.64100017547607,41.51433884026168,37.767661510690466,39.63999938964844,39.709999084472656,40.06999969482422,39.77499961853027,29.459999084472656
2018-04-10,40.65999984741211,41.52000045776367,40.380001068115234,41.43000030517578,1605800,0,0,0.02727494233025496,1.294283113951484,39.69000015258789,41.69361463964586,37.686385665529926,39.670000076293945,39.709999084472656,40.06999969482422,39.869998931884766,30.1200008392334
2018-04-11,41.13999938964844,42.34999847412109,41.13999938964844,42.18999862670898,2445600,0,0,0.01834415437931458,1.3180256432043502,39.75300006866455,41.978133168454846,37.52786696887425,40.084999084472656,40.084999084472656,40.08500003814697,39.869998931884766,30.239999771118164
2018-04-12,42.27000045776367,42.59999847412109,41.93999862670898,42.31999969482422,2259800,0,0,0.0030813243030765047,1.322086907650834,39.86499996185303,42.35722725622151,37.37277266748455,40.209999084472656,40.209999084472656,40.08500003814697,39.869998931884766,30.399999618530277
2018-04-13,42.66999816894531,42.880001068115234,41.869998931884766,41.97999954223633,1980600,0,0,-0.008034030128536873,1.311465221602223,39.958499908447266,42.61709865041384,37.299901166480694,40.48000144958496,40.35000038146973,40.15999984741211,39.869998931884766,30.459999084472656
2018-04-16,42.220001220703125,42.880001068115234,42.040000915527344,42.400001525878906,1742100,0,0,0.010004811534597868,1.3245861839785327,40.05550003051758,42.91635401992039,37.194646041114765,40.69000053405762,40.35000038146973,40.49749946594238,39.869998931884766,30.15999984741211
2018-04-17,42.68999862670898,43.08000183105469,42.0099983215332,42.45000076293945,2617200,0,0,0.0011792272467261444,1.3261481720973172,40.21500015258789,43.23376490406508,37.1962354011107,41.53000068664551,40.45000076293945,40.51249980926514,39.869998931884766,30.190000534057617
2018-04-18,42.56999969482422,42.75,42.0099983215332,42.209999084472656,2224800,0,0,-0.0056537496855907365,1.3186504622862751,40.320000076293944,43.46179050364657,37.17820964894132,41.53000068664551,40.45000076293945,40.29999923706055,39.869998931884766,30.26000022888184
2018-04-19,42.310001373291016,42.58000183105469,41.369998931884766,42.08000183105469,8502000,0,0,-0.0030797738980712364,1.3145893170118463,40.39100017547607,43.62417084535828,37.15782950559387,41.70000076293945,40.45000076293945,40.29999923706055,39.869998931884766,30.809999465942383
2018-04-20,31.6299991607666,32.20000076293945,29.71999931335449,30.700000762939453,37140800,0,0,-0.2704372759726662,0.9590753630963949,39.95250015258789,45.2903890537206,34.61461125145517,36.40000057220459,36.40000057220459,40.29999923706055,39.869998931884766,29.799999237060547
2018-04-23,30.989999771118164,30.989999771118164,29.11000061035156,29.1200008392334,12968100,0,0,-0.051465794281458255,0.9097157877588609,39.50650014877319,46.62511463854153,32.38788565900485,36.095001220703125,36.095001220703125,40.59749984741211,39.869998931884766,29.850000381469727
2018-04-24,29.149999618530277,29.780000686645508,28.93000030517578,29.209999084472656,5485600,0,0,0.003090598991947857,0.9125273544554674,39.02750005722046,47.458322844238644,30.59667727020227,36.005001068115234,36.005001068115234,40.52499961853027,39.869998931884766,29.059999465942383
2018-04-25,29.1299991607666,29.489999771118164,29.030000686645508,29.21999931335449,3637400,0,0,0.0003423563572497734,0.9128397639964295,38.563500022888185,48.02922312101194,29.09777692476443,36.005001068115234,36.005001068115234,40.367499351501465,39.869998931884766,29.46999931335449
2018-04-26,29.270000457763672,29.530000686645508,28.899999618530277,29.13999938964844,3889700,0,0,-0.0027378482404509796,0.9103405472547582,38.10249996185303,48.43144248099691,27.773557442709144,35.99000072479248,35.99000072479248,40.297499656677246,39.869998931884766,29.36000061035156
2018-04-27,29.209999084472656,29.63999938964844,28.81999969482422,29.07999992370605,5856400,0,0,-0.0020590071104704677,0.908466149595011,37.61199998855591,48.659538405261166,26.56446157185065,35.95000076293945,35.95000076293945,40.29249954223633,39.869998931884766,29.549999237060547
2018-04-30,29.09000015258789,29.34000015258789,28.46999931335449,28.5,3556100,0,0,-0.019944976796001823,0.8903468133213854,37.132999897003174,48.874529034524315,25.391470759482033,35.609999656677246,35.77500057220459,40.27999973297119,39.869998931884766,28.56999969482422
2018-05-01,28.440000534057617,28.450000762939453,27.8799991607666,28.15999984741211,3574800,0,0,-0.01192982991536462,0.8797251272727744,36.59049997329712,48.92906904608943,24.25193090050481,35.230000495910645,35.480000495910645,39.97249889373779,39.869998931884766,28.31999969482422
2018-05-02,28.1299991607666,28.479999542236328,28.049999237060547,28.09000015258789,3154000,0,0,-0.002485784630806842,0.8775383200720651,35.99450006484985,48.763586984579575,23.225413145120132,30.039999961853027,35.480000495910645,39.97249889373779,39.869998931884766,28.770000457763672
2018-05-03,27.88999938964844,28.030000686645508,27.420000076293945,27.489999771118164,3135700,0,0,-0.02135992802458031,0.8587941647165147,35.31800003051758,48.38383968464795,22.25216037638721,29.204999923706055,35.250000953674316,39.82999897003174,39.869998931884766,28.76000022888184
2018-05-04,27.450000762939453,28.799999237060547,27.36000061035156,28.670000076293945,3858600,0,0,0.04292471134959874,0.8956576563456908,34.738500118255615,47.90497203122055,21.572028205290678,28.570000648498535,35.220001220703125,39.82999897003174,39.869998931884766,29.100000381469727
2018-05-07,28.770000457763672,29.1299991607666,28.65999984741211,29.049999237060547,4024000,0,0,0.01325424345153059,0.9075289209721239,34.17449998855591,47.30046260375581,21.048537373356005,28.5,35.220001220703125,39.82999897003174,39.869998931884766,28.81999969482422
2018-05-08,29.049999237060547,29.809999465942383,29.020000457763672,29.790000915527344,3256200,0,0,0.025473380306417992,0.93064675031512,33.59250001907348,46.405161990973234,20.779838047173733,28.585000038146973,35.220001220703125,39.734999656677246,39.869998931884766,28.979999542236328
2018-05-09,29.8700008392334,30.07999992370605,29.100000381469727,29.26000022888184,5198700,0,0,-0.017791227605140958,0.9140894021602789,32.94600009918213,45.247387364454546,20.64461283390971,28.720000267028805,35.220001220703125,39.734999656677246,39.869998931884766,29.43000030517578
2018-05-10,29.26000022888184,29.520000457763672,28.86000061035156,29.31999969482422,2877500,0,0,0.002050562729769112,0.9159637998200257,32.29600009918213,43.89372502658387,20.698275171780388,28.720000267028805,35.220001220703125,39.68249988555908,39.869998931884766,29.649999618530277
2018-05-11,29.38999938964844,29.56999969482422,29.0,29.020000457763672,2574400,0,0,-0.01023189768700794,0.9065917519352642,31.648000144958495,42.419158641262385,20.8768416486546,28.720000267028805,35.220001220703125,39.582499504089355,39.869998931884766,29.280000686645508
2018-05-14,29.049999237060547,29.270000457763672,28.86000061035156,28.93000030517578,3113600,0,0,-0.003101314650869158,0.9037801256526302,30.97450008392334,40.58194721709608,21.367052950750598,28.720000267028805,35.220001220703125,39.67499923706055,39.869998931884766,29.170000076293945
2018-05-15,29.049999237060547,29.670000076293945,28.8799991607666,29.459999084472656,1989700,0,0,0.018320040570551033,0.9203374142214441,30.325,38.35215282116193,22.29784717883807,28.720000267028805,35.220001220703125,39.67499923706055,39.869998931884766,30.3700008392334
2018-05-16,29.75,30.290000915527344,29.399999618530277,30.1200008392334,2301600,0,0,0.022403318916211612,0.9409560268227687,29.72050008773804,35.586170246125,23.854829929351077,28.825000762939453,35.220001220703125,39.6899995803833,39.869998931884766,30.420000076293945
2018-05-17,30.1200008392334,30.51000022888184,30.030000686645508,30.239999771118164,3394200,0,0,0.003984028172019816,0.9447048221422625,29.12849998474121,30.597355130214737,27.659644839267685,29.585000038146973,35.220001220703125,40.084999084472656,39.869998931884766,29.51000022888184
2018-05-18,30.25,30.56999969482422,30.13999938964844,30.399999618530277,2411000,0,0,0.005291000285156278,0.9497032556256056,29.113499927520753,30.52210828113825,27.704891573903254,29.71500015258789,35.220001220703125,40.209999084472656,39.869998931884766,30.350000381469727
2018-05-21,30.600000381469727,30.600000381469727,30.309999465942383,30.459999084472656,2801700,0,0,0.0019736666676075654,0.9515776532853523,29.180499839782716,30.707784380600827,27.653215298964604,29.730000495910645,35.220001220703125,40.415000915527344,39.94499969482422,29.68000030517578
2018-05-22,30.489999771118164,30.540000915527344,30.07999992370605,30.15999984741211,1821400,0,0,-0.009848957520601997,0.9422056054005907,29.227999877929687,30.8145946548023,27.641405101057074,29.730000495910645,35.220001220703125,40.52000045776367,39.94499969482422,29.809999465942383
2018-05-23,30.149999618530277,30.670000076293945,29.959999084472656,30.190000534057617,2170000,0,0,0.0009947177320055456,0.9431428340234778,29.276499938964843,30.918106867203925,27.63489301072576,29.765000343322754,35.05500030517578,40.99000072479248,40.045000076293945,30.01000022888184
2018-05-24,30.209999084472656,30.51000022888184,29.76000022888184,30.26000022888184,2071100,0,0,0.0023186384096036683,0.9453296412241871,29.332499980926514,31.027786703385313,27.637213258467714,29.765000343322754,34.970001220703125,40.99000072479248,40.045000076293945,30.450000762939453
2018-05-25,30.38999938964844,31.149999618530277,30.3700008392334,30.809999465942383,2043700,0,0,0.018175784299419684,0.9625117488749256,29.41899995803833,31.227930628943902,27.61006928713276,30.014999389648438,29.780000686645508,41.07500076293945,40.045000076293945,30.700000762939453
2018-05-29,30.51000022888184,30.739999771118164,29.6200008392334,29.799999237060547,2691000,0,0,-0.032781572424183225,0.930959100270055,29.483999919891357,31.24857742408027,27.719422415702443,30.274999618530277,29.255000114440918,36.40000057220459,36.40000057220459,30.850000381469727
2018-05-30,30.0,30.11000061035156,29.68000030517578,29.850000381469727,1545500,0,0,0.001677890794943293,0.9325211479748668,29.568499946594237,31.229075542608093,27.90792435058038,30.385000228881836,29.255000114440918,36.095001220703125,36.095001220703125,31.0
2018-05-31,29.899999618530277,29.96999931335449,29.040000915527344,29.059999465942383,2170800,0,0,-0.02646569197425408,0.9078413305130862,29.616999912261964,31.152676171133933,28.081323653389994,30.09500026702881,29.255000114440918,36.005001068115234,36.005001068115234,30.940000534057617
2018-06-01,29.32999992370605,29.549999237060547,28.700000762939453,29.46999931335449,3309300,0,0,0.01410873554531955,0.9206498237624064,29.71599988937378,30.90272065472098,28.52927912402658,29.925000190734863,29.255000114440918,36.005001068115234,36.005001068115234,31.290000915527344
2018-06-04,29.549999237060547,29.559999465942383,28.979999542236328,29.36000061035156,2715600,0,0,-0.0037325655095310495,0.917213437983875,29.75049991607666,30.8495444871721,28.65145534498122,29.925000190734863,29.255000114440918,35.99000072479248,35.99000072479248,30.979999542236328
2018-06-05,29.40999984741211,29.96999931335449,29.049999237060547,29.549999237060547,4276700,0,0,0.006471342737029762,0.9231490405040781,29.77549991607666,30.83109695360976,28.719902878543564,29.925000190734863,29.255000114440918,35.95000076293945,35.95000076293945,30.959999084472656
2018-06-06,29.459999084472656,29.899999618530277,28.450000762939453,28.56999969482422,4763500,0,0,-0.033164113960695074,0.8925336205220945,29.714499855041502,30.89476405680054,28.534235653282465,29.800000190734863,29.255000114440918,35.69250011444092,35.77500057220459,31.290000915527344
2018-06-07,28.57999992370605,28.780000686645508,28.1200008392334,28.31999969482422,3506500,0,0,-0.008750437615345552,0.8847235607561175,29.667499828338624,30.98488680282397,28.35011285385328,29.635000228881836,29.255000114440918,35.355000495910645,35.480000495910645,31.06999969482422
2018-06-08,28.25,29.100000381469727,28.229999542236328,28.770000457763672,3534400,0,0,0.01588985761965578,0.898781692169287,29.639999866485596,31.007808087013885,28.272191645957307,29.43000030517578,29.255000114440918,32.760000228881836,35.480000495910645,31.850000381469727
2018-06-11,28.82999992370605,29.06999969482422,28.65999984741211,28.76000022888184,2157800,0,0,-0.00034759223923241933,0.8984692826283248,29.626999855041504,31.023090769179827,28.23090894090318,29.11500072479248,29.255000114440918,32.227500438690186,35.250000953674316,32.650001525878906
2018-06-12,28.799999237060547,29.25,28.68000030517578,29.100000381469727,1957900,0,0,0.011821980176705438,0.9090909686769356,29.6354998588562,31.01633515152838,28.25466456618402,29.045000076293945,29.635000228881836,31.89500093460083,35.220001220703125,33.25
2018-06-13,29.15999984741211,29.40999984741211,28.71999931335449,28.81999969482422,2125200,0,0,-0.009622016597079064,0.9003436802880714,29.60349988937378,31.028561966580085,28.178437812167473,29.045000076293945,29.635000228881836,31.860000610351562,35.220001220703125,26.270000457763672
2018-06-14,29.049999237060547,29.09000015258789,28.57999992370605,28.979999542236328,1834900,0,0,0.005551694972461885,0.9053421137714146,29.546499824523927,30.97559974514903,28.117399903898825,29.045000076293945,29.635000228881836,31.90250062942505,35.220001220703125,27.31999969482422
2018-06-15,28.950000762939453,29.690000534057617,28.790000915527344,29.43000030517578,3002100,0,0,0.015527976882249828,0.9194002451845843,29.505999851226807,30.89926811836366,28.112731584089953,29.045000076293945,29.635000228881836,31.970000743865967,35.220001220703125,27.040000915527344
2018-06-18,29.18000030517578,29.71999931335449,28.93000030517578,29.649999618530277,2423400,0,0,0.007475341864532803,0.9262730763276743,29.468499851226806,30.801956056196882,28.13504364625673,29.010000228881836,29.635000228881836,31.970000743865967,35.220001220703125,27.63999938964844
2018-06-19,29.26000022888184,29.3700008392334,28.81999969482422,29.280000686645508,1923500,0,0,-0.01247888487841775,0.9147142212422034,29.40949993133545,30.66347229446367,28.15552756820723,28.920000076293945,29.635000228881836,31.970000743865967,35.220001220703125,27.68000030517578
2018-06-20,29.270000457763672,29.36000061035156,28.959999084472656,29.170000076293945,1036600,0,0,-0.003756851358331148,0.9112777758776448,29.35999994277954,30.5684091348587,28.151590750700382,28.97499942779541,29.635000228881836,31.970000743865967,35.220001220703125,28.020000457763672
2018-06-21,29.57999992370605,30.709999084472656,29.57999992370605,30.3700008392334,3693100,0,0,0.04113818168669381,0.9487660865887456,29.36899995803833,30.60467408530914,28.13332583076752,29.644999504089355,29.635000228881836,31.970000743865967,35.220001220703125,28.100000381469727
2018-06-22,30.61000061035156,30.75,30.09000015258789,30.420000076293945,2509900,0,0,0.001646336374016677,0.9503280747075301,29.376999950408937,30.637736248256537,28.116263652561337,29.664999961853027,29.635000228881836,32.02250099182129,35.220001220703125,27.71999931335449
2018-06-25,30.399999618530277,30.51000022888184,29.5,29.51000022888184,2282700,0,0,-0.029914524823465127,0.9218994619262559,29.311999988555907,30.38938292299687,28.234617054114945,29.664999961853027,29.635000228881836,32.40250062942505,35.220001220703125,27.729999542236328
2018-06-26,29.520000457763672,30.51000022888184,29.350000381469727,30.350000381469727,2522000,0,0,0.028464932093283046,0.948141267506821,29.33950004577637,30.491625819029192,28.187374272523545,29.664999961853027,29.635000228881836,32.46750068664551,35.220001220703125,28.09000015258789
2018-06-27,30.309999465942383,30.59000015258789,29.68000030517578,29.68000030517578,2020400,0,0,-0.022075784773400442,0.9272103049505613,29.33100004196167,30.470232611984915,28.191767471938423,29.770000457763672,29.635000228881836,32.475000858306885,35.220001220703125,28.1200008392334
2018-06-28,29.899999618530277,30.32999992370605,29.649999618530277,29.809999465942383,2197900,0,0,0.004380025587261693,0.9312715098110175,29.36850004196167,30.519024119437482,28.21797596448586,29.78499984741211,29.635000228881836,32.475000858306885,35.220001220703125,28.799999237060547
2018-06-29,30.450000762939453,30.809999465942383,29.940000534057617,30.01000022888184,1699400,0,0,0.006709183714275424,0.9375195814582102,29.395500087738036,30.579510332353706,28.211489843122365,29.8149995803833,29.635000228881836,32.41000032424927,35.220001220703125,28.950000762939453
2018-07-02,29.530000686645508,30.540000915527344,29.520000457763672,30.450000762939453,1602000,0,0,0.014661797091029438,0.9512653033304174,29.450000095367432,30.72060757057122,28.179392620163643,29.88499927520752,29.635000228881836,32.36750078201294,35.220001220703125,29.07999992370605
2018-07-03,30.56999969482422,31.11000061035156,30.290000915527344,30.700000762939453,1541100,0,0,0.008210180418263713,0.9590753630963944,29.507500171661377,30.891325692332178,28.123674650990576,30.230000495910645,29.61500072479248,29.897500038146973,35.220001220703125,29.440000534057617
2018-07-05,30.88999938964844,31.1299991607666,30.31999969482422,30.850000381469727,2412800,0,0,0.0048859809381942565,0.9637613870387751,29.62150020599365,31.052975544633803,28.1900248673535,30.239999771118164,29.625,29.764999866485596,35.220001220703125,29.290000915527344
2018-07-06,30.770000457763672,31.11000061035156,30.700000762939453,31.0,1677800,0,0,0.0048622242034190855,0.9684474109811558,29.75550022125244,31.176146123911487,28.334854318593393,30.239999771118164,29.625,29.820000171661377,35.220001220703125,29.13999938964844
2018-07-09,31.61000061035156,31.709999084472656,30.3799991607666,30.940000534057617,3262400,0,0,-0.0019354666433026857,0.966573013321409,29.864000225067137,31.298553117527685,28.42944733260659,30.52999973297119,29.914999961853027,29.675000190734863,35.220001220703125,29.65999984741211
2018-07-10,30.979999542236328,31.36000061035156,30.950000762939453,31.290000915527344,1731800,0,0,0.011312229328647172,0.9775071089109824,29.990500259399415,31.45949594098656,28.52150457781227,30.614999771118164,29.914999961853027,29.59000015258789,35.220001220703125,28.81999969482422
2018-07-11,30.989999771118164,31.290000915527344,30.600000381469727,30.979999542236328,2210200,0,0,-0.00990736223140154,0.9678225918992311,30.084500217437743,31.554142582937544,28.61485785193794,30.614999771118164,29.914999961853027,29.59000015258789,35.220001220703125,29.350000381469727
2018-07-12,31.09000015258789,31.13999938964844,30.56999969482422,30.959999084472656,2974700,0,0,-0.0006455925777663074,0.9671977728173065,30.191500186920166,31.58621737889639,28.796782994943943,30.614999771118164,29.914999961853027,29.59000015258789,35.220001220703125,30.0
2018-07-13,30.959999084472656,31.559999465942383,30.93000030517578,31.290000915527344,4519200,0,0,0.0106589741864751,0.9775071089109824,30.307000255584718,31.662918139688394,28.951082371481043,30.614999771118164,29.914999961853027,29.52750015258789,35.220001220703125,29.600000381469727
2018-07-16,31.68000030517578,31.780000686645508,30.82999992370605,31.06999969482422,2528700,0,0,-0.00703103912643066,0.9706342181818651,30.38900022506714,31.720736456014983,29.057263994119296,31.035000801086426,30.005000114440918,29.445000171661377,35.220001220703125,29.32999992370605
2018-07-17,31.07999992370605,31.950000762939453,31.07999992370605,31.850000381469727,2985300,0,0,0.025104624856994828,0.9950016261026833,30.49900026321411,31.929297146171578,29.068703380256643,31.135000228881836,30.265000343322754,29.34250020980835,35.220001220703125,29.36000061035156
2018-07-18,31.979999542236328,32.83000183105469,31.959999084472656,32.650001525878906,3776500,0,0,0.025117775033830725,1.0199938531054262,30.667500305175782,32.26936887908314,29.065631731268425,31.605000495910645,30.70500087738037,29.1850004196167,35.220001220703125,29.600000381469727
2018-07-19,32.5,33.459999084472656,31.46999931335449,33.25,9447600,0,0,0.018376675224518024,1.0387379488749493,30.871500301361085,32.6860935054802,29.056907097241968,31.91999912261963,31.019999504089355,29.34000015258789,35.220001220703125,29.26000022888184
2018-07-20,24.11000061035156,26.5,23.799999237060547,26.270000457763672,53680300,0,0,-0.20992479826274668,0.8206810945095163,30.666500282287597,33.37815602288156,27.954844541693628,28.6299991607666,28.6299991607666,29.34000015258789,35.220001220703125,29.790000915527344
2018-07-23,26.170000076293945,27.46999931335449,25.950000762939453,27.31999969482422,11665300,0,0,0.0399695172730854,0.8534833216922091,30.51150026321411,33.595000316509356,27.428000209918864,28.6299991607666,28.6299991607666,29.34000015258789,35.220001220703125,29.76000022888184
2018-07-24,27.459999084472656,27.5,26.68000030517578,27.040000915527344,8345100,0,0,-0.010248857336185191,0.8447360928893722,30.388000297546387,33.805623269634026,26.970377325458745,28.6299991607666,28.6299991607666,29.34000015258789,35.220001220703125,28.850000381469727
2018-07-25,27.0,27.84000015258789,26.940000534057617,27.63999938964844,4075600,0,0,0.022189291930702515,0.8634801886588955,30.25250024795532,33.87637185263066,26.62862864327998,28.6299991607666,28.6299991607666,29.322500228881836,35.220001220703125,28.86000061035156
2018-07-26,27.209999084472656,28.11000061035156,27.0,27.68000030517578,4064200,0,0,0.001447211158127626,0.8647298268227448,30.152500247955324,33.94245793315863,26.36254256275202,28.6299991607666,28.6299991607666,29.27750015258789,35.220001220703125,29.479999542236328
2018-07-27,27.739999771118164,29.06999969482422,27.56999969482422,28.020000457763672,4071200,0,0,0.012283242371363468,0.8753515128713557,30.063000297546388,33.96519674998839,26.160803845104386,28.6299991607666,28.6299991607666,29.304999828338623,35.220001220703125,29.57999992370605
2018-07-30,28.040000915527344,28.46999931335449,27.850000381469727,28.100000381469727,2806500,0,0,0.0028551007280190888,0.8778507296130273,29.967500305175783,33.963598329511036,25.97140228084053,28.6299991607666,28.6299991607666,29.639999866485596,35.220001220703125,28.690000534057617
2018-07-31,28.100000381469727,28.149999618530277,27.68000030517578,27.71999931335449,2280400,0,0,-0.013523169500233356,0.8659794054005668,29.831000232696532,33.9380301967007,25.723970268692362,28.6299991607666,28.6299991607666,29.65000009536743,35.220001220703125,28.399999618530277
2018-08-01,27.670000076293945,28.059999465942383,27.56999969482422,27.729999542236328,1862600,0,0,0.00036075862660722713,0.8662918149415293,29.682500171661378,33.86799179960402,25.497008543718735,26.434999465942383,28.6299991607666,29.65000009536743,35.220001220703125,28.229999542236328
2018-08-02,27.5,28.1299991607666,27.25,28.09000015258789,1893600,0,0,0.01298235183174934,0.8775383200720649,29.544500160217286,33.749080804458735,25.33991951597584,27.510000228881836,28.6299991607666,29.65000009536743,35.220001220703125,28.780000686645508
2018-08-03,28.170000076293945,28.559999465942383,27.850000381469727,28.1200008392334,2179900,0,0,0.001068020166697714,0.8784755486949519,29.400500202178954,33.59294515127761,25.208055253080296,27.875,28.6299991607666,29.702500343322754,35.220001220703125,28.700000762939453
2018-08-06,28.030000686645508,28.90999984741211,28.030000686645508,28.799999237060547,2618600,0,0,0.024182019115675413,0.8997188612061467,29.2935001373291,33.43161632919482,25.155383945463385,28.005000114440918,28.6299991607666,29.710000038146973,35.220001220703125,26.420000076293945
2018-08-07,28.84000015258789,28.989999771118164,28.61000061035156,28.950000762939453,1897800,0,0,0.005208386453214864,0.9044049447345548,29.176500129699708,33.21216321435931,25.14083704504011,28.03499984741211,28.6299991607666,29.72499990463257,35.05500030517578,26.649999618530277
2018-08-08,29.0,29.18000030517578,28.65999984741211,29.07999992370605,3851500,0,0,0.004490471756153358,0.9084661495950107,29.081500148773195,33.03046465405969,25.132535643486694,28.21500015258789,28.6299991607666,29.759999752044678,34.970001220703125,27.209999084472656
2018-08-09,29.07999992370605,29.6299991607666,29.049999237060547,29.440000534057617,1938500,0,0,0.012379663387072304,0.9197126547255466,29.00550022125244,32.863410524627454,25.147589917877426,28.4399995803833,28.6299991607666,29.922500610351562,29.780000686645508,27.5
2018-08-10,29.270000457763672,29.530000686645508,28.8799991607666,29.290000915527344,1541500,0,0,-0.005095095645692882,0.9150266307831658,28.905500221252442,32.620898441747855,25.19010200075703,28.4399995803833,28.6299991607666,29.932499885559082,29.255000114440918,27.979999542236328
2018-08-13,29.299999237060547,29.51000022888184,29.06999969482422,29.13999938964844,1251800,0,0,-0.005121253710831497,0.9103405472547579,28.80900020599365,32.39095164507225,25.22704876691505,28.4399995803833,28.6299991607666,29.932499885559082,29.255000114440918,27.84000015258789
2018-08-14,29.299999237060547,29.809999465942383,29.299999237060547,29.65999984741211,1519600,0,0,0.01784490283649043,0.9265854858686365,28.699500179290773,32.02493725841158,25.37406310016996,28.52999973297119,28.6299991607666,30.22249984741211,29.53499984741211,26.57999992370605
2018-08-15,29.5,29.5,28.649999618530277,28.81999969482422,2052900,0,0,-0.028320976294987532,0.9003436802880713,28.508000087738036,31.293266766472676,25.722733409003396,28.829999923706055,28.6299991607666,30.264999866485596,29.53499984741211,26.979999542236328
2018-08-16,29.15999984741211,29.549999237060547,29.059999465942383,29.350000381469727,1941400,0,0,0.01839003095967029,0.9169010284429124,28.313000106811522,30.102062485031762,26.52393772859128,28.920000076293945,28.6299991607666,30.264999866485596,29.53499984741211,27.100000381469727
2018-08-17,29.32999992370605,30.030000686645508,29.21999931335449,30.0,1631900,0,0,0.022146494380989923,0.9372071719172472,28.49950008392334,30.170310961916858,26.828689205929823,29.320000648498535,28.6299991607666,30.264999866485596,29.53499984741211,27.350000381469727
2018-08-20,30.030000686645508,30.100000381469727,29.479999542236328,29.600000381469727,1771400,0,0,-0.013333320617675781,0.9247110882088894,28.613500118255615,30.257470145109743,26.969530091401488,29.375,28.6299991607666,30.264999866485596,29.53499984741211,27.459999084472656
2018-08-21,29.59000015258789,29.780000686645508,29.149999618530277,29.32999992370605,1875600,0,0,-0.009121636969055658,0.9162762093609875,28.72800006866455,30.228939756762774,27.227060380566325,29.375,28.6299991607666,30.520000457763672,29.570000648498535,27.739999771118164
2018-08-22,29.299999237060547,29.700000762939453,29.299999237060547,29.36000061035156,2147600,0,0,0.001022866918634291,0.9172134379838746,28.814000129699707,30.25077799339465,27.377222266004765,29.375,28.6299991607666,30.700000286102295,29.655000686645508,27.93000030517578
2018-08-23,29.299999237060547,29.81999969482422,29.149999618530277,29.600000381469727,1983500,0,0,0.008174378955344785,0.9247110882088894,28.910000133514405,30.285488521181154,27.534511745847656,29.375,28.6299991607666,31.155000686645508,30.095001220703125,27.309999465942383
2018-08-24,29.46999931335449,29.59000015258789,28.63999938964844,29.26000022888184,3271200,0,0,-0.011486491493450601,0.9140894021602786,28.972000122070312,30.29148412812066,27.652516116019964,29.369999885559082,26.949999809265137,31.469999313354492,30.789999961853027,26.739999771118164
2018-08-27,29.3700008392334,30.200000762939453,29.31999969482422,29.790000915527344,2875200,0,0,0.018113488807233624,0.9306467503151197,29.056500148773193,30.357927403269738,27.755072894276648,29.420000076293945,28.075000762939453,28.6299991607666,28.6299991607666,26.6299991607666
2018-08-28,29.96999931335449,30.020000457763672,29.489999771118164,29.76000022888184,1600900,0,0,-0.0010070723639981072,0.9297095216922326,29.15850019454956,30.337715838707553,27.97928455039157,29.420000076293945,28.440000534057617,28.6299991607666,28.6299991607666,26.38999938964844
2018-08-29,29.450000762939453,29.75,28.479999542236328,28.850000381469727,3179300,0,0,-0.030577951626793554,0.9012809089109581,29.21450023651123,30.20673020119576,28.2222702718267,29.34000015258789,28.570000648498535,28.6299991607666,28.6299991607666,26.06999969482422
2018-08-30,28.770000457763672,29.18000030517578,28.690000534057617,28.86000061035156,1427900,0,0,0.00034662837953569614,0.9015933184519204,29.253000259399414,30.11802445482699,28.387976063971838,29.34000015258789,28.600000381469727,28.6299991607666,28.6299991607666,26.530000686645508
2018-08-31,28.84000015258789,29.559999465942383,28.790000915527344,29.479999542236328,1437000,0,0,0.0214829840184545,0.9209622333033683,29.321000194549562,30.0141371433157,28.627863245783423,29.34000015258789,28.725000381469727,28.6299991607666,28.6299991607666,26.549999237060547
2018-09-04,29.479999542236328,29.81999969482422,29.3700008392334,29.57999992370605,1746900,0,0,0.003392143250424695,0.9240862691269645,29.360000228881837,30.018003681906528,28.701996775857147,29.34000015258789,28.725000381469727,28.6299991607666,28.6299991607666,25.0
2018-09-05,29.5,29.51000022888184,28.61000061035156,28.690000534057617,1494200,0,0,-0.030087876671533342,0.896282475427615,29.347000217437746,30.046328432684675,28.647672002190816,29.34000015258789,28.725000381469727,28.6299991607666,28.6299991607666,25.190000534057617
2018-09-06,28.770000457763672,28.920000076293945,28.38999938964844,28.399999618530277,1197200,0,0,-0.010108083308784988,0.8872227774977886,29.313000202178955,30.12002992887102,28.50597047548689,29.295000076293945,28.725000381469727,28.6299991607666,28.6299991607666,25.63999938964844
2018-09-07,28.299999237060547,28.850000381469727,28.149999618530277,28.229999542236328,1341400,0,0,-0.005985918259767464,0.8819119344734829,29.252500152587892,30.185442081450915,28.31955822372487,29.175000190734863,28.725000381469727,27.532499313354492,28.6299991607666,25.76000022888184
2018-09-10,28.46999931335449,28.88999938964844,28.34000015258789,28.780000686645508,1065600,0,0,0.019482860550043446,0.8990941017102488,29.227000141143797,30.18230469325834,28.271695589029253,29.085000038146973,29.02500057220459,28.06999969482422,28.6299991607666,26.75
2018-09-11,28.600000381469727,28.770000457763672,28.309999465942383,28.700000762939453,1544800,0,0,-0.0027797054133906762,0.8965948849685772,29.20500020980835,30.187483265471634,28.222517154145066,28.984999656677246,29.11500072479248,28.2524995803833,28.6299991607666,26.690000534057617
2018-09-12,28.32999992370605,28.3700008392334,25.940000534057617,26.420000076293945,8148300,0,0,-0.07944253052389083,0.8253671184518966,29.04300022125244,30.5875120374877,27.498488405017184,27.880000114440918,28.070000648498535,28.31749963760376,28.6299991607666,26.1200008392334
2018-09-13,26.3799991607666,26.739999771118164,26.290000915527344,26.649999618530277,3385600,0,0,0.008705508765032288,0.832552359135949,28.934500217437744,30.80149936348309,27.0675010713924,27.880000114440918,28.070000648498535,28.332499504089355,28.6299991607666,29.71999931335449
2018-09-14,26.799999237060547,27.25,26.670000076293945,27.209999084472656,2089200,0,0,0.02101311346935253,0.8500468763276499,28.82750015258789,30.828943246232544,26.82605705894324,27.880000114440918,28.070000648498535,28.422499656677246,28.6299991607666,28.25
2018-09-17,27.100000381469727,27.71999931335449,26.850000381469727,27.5,2047300,0,0,0.01065788038533344,0.8591065742574763,28.70250015258789,30.707728025395006,26.697272279780776,27.725000381469727,28.070000648498535,28.53499937057495,28.6299991607666,27.5
2018-09-18,27.57999992370605,28.149999618530277,27.540000915527344,27.979999542236328,1643100,0,0,0.01745452880859366,0.8741018747075056,28.621500110626222,30.605709492501532,26.637290728750912,27.43000030517578,28.070000648498535,28.53499937057495,28.6299991607666,26.46999931335449
2018-09-19,27.940000534057617,28.18000030517578,27.780000686645508,27.84000015258789,1554200,0,0,-0.005003552249423948,0.8697282603060871,28.547000122070312,30.531095640142954,26.56290460399767,27.414999961853027,28.070000648498535,28.53499937057495,28.6299991607666,26.520000457763672
2018-09-20,26.71999931335449,26.86000061035156,25.51000022888184,26.57999992370605,6539800,0,0,-0.04525862866292818,0.8303655519352393,28.40800008773804,30.531005745146764,26.284994430329313,27.19999980926514,27.855000495910645,28.579999446868896,28.6299991607666,26.57999992370605
2018-09-21,26.670000076293945,27.15999984741211,26.600000381469727,26.979999542236328,2609900,0,0,0.015048894645538713,0.8428616356435973,28.27700004577637,30.413065464849485,26.140934626703253,27.140000343322754,27.855000495910645,28.729999542236328,28.6299991607666,26.790000915527344
2018-09-24,27.0,27.18000030517578,26.780000686645508,27.100000381469727,1515700,0,0,0.004447770247199001,0.8466104905491184,28.16900005340576,30.313838967006436,26.024161139805084,26.940000534057617,27.855000495910645,28.774999618530273,28.6299991607666,28.020000457763672
2018-09-25,27.1200008392334,27.6299991607666,26.979999542236328,27.350000381469727,1768100,0,0,0.009225092121066591,0.8544205503150955,28.047000026702882,30.08280084343062,26.011199209975146,26.84500026702881,27.855000495910645,28.97499990463257,28.6299991607666,28.56999969482422
2018-09-26,27.13999938964844,27.68000030517578,26.76000022888184,27.459999084472656,1188600,0,0,0.004021890364486191,0.8578569360936267,27.931999969482423,29.820749709665474,26.04325022929937,26.84500026702881,27.855000495910645,29.0024995803833,28.6299991607666,28.8700008392334
2018-09-27,27.13999938964844,27.899999618530277,27.040000915527344,27.739999771118164,1539200,0,0,0.010196675017510648,0.8666042244824907,27.876499938964844,29.718233670538766,26.034766207390923,26.84500026702881,27.855000495910645,29.0024995803833,28.6299991607666,29.239999771118164
2018-09-28,27.739999771118164,28.25,27.729999542236328,27.93000030517578,1275600,0,0,0.0068493343772639825,0.8725398865887208,27.829999923706055,29.6155658393421,26.04443400807001,26.880000114440918,27.855000495910645,29.0024995803833,28.6299991607666,30.1200008392334
2018-10-01,28.11000061035156,28.229999542236328,27.290000915527344,27.309999465942383,1305600,0,0,-0.022198382830611818,0.8531709121512457,27.721499919891357,29.347800223483723,26.09519961629899,26.880000114440918,27.855000495910645,29.0024995803833,28.6299991607666,30.149999618530277
2018-10-02,26.57999992370605,27.09000015258789,26.5,26.739999771118164,2330700,0,0,-0.02087146488358782,0.8353639854185825,27.579499912261962,29.01467393502733,26.144325889496596,26.880000114440918,27.855000495910645,28.15999984741211,28.6299991607666,29.229999542236328
2018-10-03,26.46999931335449,26.940000534057617,26.1299991607666,26.6299991607666,2043700,0,0,-0.004113710220385758,0.8319275400540239,27.476499843597413,28.872839954161584,26.08015973303324,27.1899995803833,27.765000343322754,28.7475004196167,28.6299991607666,29.65999984741211
2018-10-04,26.57999992370605,26.76000022888184,26.01000022888184,26.38999938964844,1972900,0,0,-0.009012383728188245,0.8244298898290093,27.37599983215332,28.78140583441607,25.970593829890568,27.130000114440918,27.664999961853027,28.93000030517578,28.6299991607666,28.950000762939453
2018-10-05,26.31999969482422,26.520000457763672,25.850000381469727,26.06999969482422,2095100,0,0,-0.012125793945631624,0.814433022862323,27.267999839782714,28.72587537529059,25.810124304274837,27.050000190734863,27.664999961853027,28.955000400543213,28.6299991607666,28.850000381469727
2018-10-08,26.0,26.61000061035156,26.0,26.530000686645508,2528500,0,0,0.01764484070602479,0.8288035638164549,27.155499839782713,28.467791014623383,25.843208664942043,27.050000190734863,27.664999961853027,28.97000026702881,28.6299991607666,28.309999465942383
2018-10-09,26.200000762939453,27.100000381469727,25.989999771118164,26.549999237060547,2254900,0,0,0.0007538088917240504,0.8294283233123524,27.047999763488768,28.173693492345997,25.92230603463154,27.050000190734863,27.664999961853027,29.03250026702881,28.6299991607666,28.36000061035156
2018-10-10,26.43000030517578,26.43000030517578,25.0,25.0,3491800,0,0,-0.058380387254284294,0.7810059765977055,26.976999759674072,28.396543818401774,25.55745570094637,26.625,27.255000114440918,29.03250026702881,28.6299991607666,27.459999084472656
2018-10-11,24.84000015258789,25.780000686645508,24.700000762939453,25.190000534057617,2991000,0,0,0.007600021362304643,0.7869416387039357,26.90399980545044,28.52190002131518,25.2860995895857,26.46500015258789,26.8100004196167,29.03250026702881,28.6299991607666,27.290000915527344
2018-10-12,25.600000381469727,26.190000534057617,25.450000762939453,25.63999938964844,2756300,0,0,0.017864186028198503,0.8009997105310782,26.82549982070923,28.527495025764907,25.12350461565355,25.90000057220459,26.795000076293945,29.010000228881836,28.6299991607666,26.270000457763672
2018-10-15,25.59000015258789,26.280000686645508,25.5,25.76000022888184,1981500,0,0,0.004680220050311101,0.8047485654365991,26.73849983215332,28.471629257590166,25.005370406716473,25.90000057220459,26.795000076293945,28.950000286102295,28.6299991607666,25.8799991607666
2018-10-16,25.979999542236328,26.770000457763672,25.920000076293945,26.75,2289300,0,0,0.03843166779199736,0.8356763949595449,26.676999855041505,28.31310215787729,25.04089755220572,25.90000057220459,26.735000610351562,29.05500030517578,28.6299991607666,26.690000534057617
2018-10-17,26.6299991607666,26.920000076293945,26.299999237060547,26.690000534057617,2156100,0,0,-0.002242970689434909,0.8338019972997981,26.61949987411499,28.165468759536765,25.073530988693214,25.90000057220459,26.535000801086426,29.050000190734863,28.6299991607666,26.200000762939453
2018-10-18,26.780000686645508,26.799999237060547,25.81999969482422,26.1200008392334,5118800,0,0,-0.021356301364508168,0.8159950705671348,26.596499919891357,28.157913158765563,25.03508668101715,25.90000057220459,26.475000381469727,27.975000381469727,28.6299991607666,27.0
2018-10-19,29.6299991607666,31.96999931335449,29.209999084472656,29.71999931335449,16665000,0,0,0.13782535828688536,0.9284598835283825,26.733499908447264,28.808346353315,24.65865346357953,28.335000038146973,28.335000038146973,27.975000381469727,28.6299991607666,26.270000457763672
2018-10-22,29.90999984741211,30.030000686645508,28.11000061035156,28.25,5952400,0,0,-0.049461620030857634,0.8825367535554073,26.79099988937378,28.965729569479286,24.616270209268272,28.335000038146973,28.335000038146973,27.975000381469727,28.6299991607666,26.899999618530277
2018-10-23,27.8799991607666,27.8799991607666,26.88999938964844,27.5,4071600,0,0,-0.026548672566371723,0.859106574257476,26.798499870300294,28.982001204832827,24.61499853576776,28.335000038146973,28.335000038146973,27.89750051498413,28.6299991607666,26.559999465942383
2018-10-24,27.450000762939453,27.950000762939453,26.40999984741211,26.46999931335449,4267500,0,0,-0.03745457042347311,0.8269291065706806,26.748999881744385,28.914897909752522,24.58310185373625,28.710000038146973,28.335000038146973,27.750000476837158,28.6299991607666,27.0
2018-10-25,27.239999771118164,27.309999465942383,26.149999618530277,26.520000457763672,3805500,0,0,0.0018889741483278932,0.8284911542754926,26.68799991607666,28.806514469416125,24.569485362737193,28.734999656677246,28.335000038146973,27.74250030517578,28.6299991607666,28.309999465942383
2018-10-26,26.190000534057617,26.86000061035156,25.76000022888184,26.57999992370605,2540000,0,0,0.002262423261942814,0.8303655519352393,26.620499897003175,28.660143818253207,24.580855975753142,28.864999771118164,28.335000038146973,27.52750015258789,28.6299991607666,26.600000381469727
2018-10-29,26.57999992370605,27.56999969482422,26.3799991607666,26.790000915527344,2704000,0,0,0.007900714538151554,0.8369260331233943,26.59449996948242,28.61120518714404,24.5777947518208,28.864999771118164,28.335000038146973,27.4975004196167,28.6299991607666,26.200000762939453
2018-10-30,26.979999542236328,28.049999237060547,26.979999542236328,28.020000457763672,1765400,0,0,0.045912635319225625,0.8753515128713548,26.658500003814698,28.769688204205192,24.547311803424204,28.864999771118164,28.335000038146973,27.39750051498413,28.6299991607666,24.59000015258789
2018-10-31,28.170000076293945,28.850000381469727,27.770000457763672,28.56999969482422,1936200,0,0,0.019628808996259517,0.8925336205220934,26.755500030517577,29.026550343470415,24.48444971756474,28.864999771118164,28.335000038146973,27.350000381469727,28.6299991607666,24.26000022888184
2018-11-01,28.63999938964844,29.040000915527344,27.940000534057617,28.8700008392334,1964300,0,0,0.010500565194739186,0.9019057279928823,26.879500102996825,29.323368681092468,24.435631524901183,27.895000457763672,28.335000038146973,27.350000381469727,28.6299991607666,24.479999542236328
2018-11-02,29.0,29.600000381469727,28.780000686645508,29.239999771118164,1876800,0,0,0.012816034677143096,0.913464583078353,27.038000106811523,29.658115180846135,24.417885032776912,27.68000030517578,28.335000038146973,27.350000381469727,28.6299991607666,24.25
2018-11-05,29.459999084472656,30.229999542236328,29.36000061035156,30.1200008392334,2464300,0,0,0.03009579599875556,0.9409560268227674,27.217500114440917,30.1506002314058,24.284399997476033,27.994999885559082,28.335000038146973,27.36750030517578,28.6299991607666,23.51000022888184
2018-11-06,29.96999931335449,30.190000534057617,29.6200008392334,30.149999618530277,1255900,0,0,0.000995975380511993,0.9418931958596272,27.397500133514406,30.57880641127989,24.216193855748923,27.994999885559082,28.335000038146973,27.36750030517578,28.6299991607666,22.899999618530277
2018-11-07,30.1200008392334,30.13999938964844,29.01000022888184,29.229999542236328,2133900,0,0,-0.030514099102293635,0.9131521735373904,27.60900011062622,30.684158410647786,24.533841810604653,27.994999885559082,28.335000038146973,27.36750030517578,27.0,22.649999618530277
2018-11-08,29.270000457763672,29.729999542236328,29.09000015258789,29.65999984741211,1278200,0,0,0.014710924115973523,0.9265854858686352,27.832500076293947,30.819473268134445,24.84552688445345,28.304999351501465,28.335000038146973,27.477499961853027,27.855000495910645,23.030000686645508
2018-11-09,29.489999771118164,29.540000915527344,28.75,28.950000762939453,1533100,0,0,-0.023937932843064558,0.9044049447345535,27.998000144958496,30.842610374675104,25.15338991524189,28.604999542236328,28.335000038146973,27.397500038146973,27.855000495910645,22.32999992370605
2018-11-12,28.90999984741211,29.149999618530277,28.600000381469727,28.850000381469727,1646500,0,0,-0.0034542445193211924,0.9012809089109571,28.15250015258789,30.82258559966645,25.48241470550933,29.0,28.335000038146973,27.357500076293945,27.855000495910645,22.3799991607666
2018-11-13,29.040000915527344,29.26000022888184,28.190000534057617,28.309999465942383,1267400,0,0,-0.01871753581931268,0.8844111512151536,28.23050012588501,30.82126475632276,25.63973549544726,29.085000038146973,28.335000038146973,27.357500076293945,27.855000495910645,22.030000686645508
2018-11-14,28.729999542236328,29.190000534057617,27.989999771118164,28.36000061035156,2634400,0,0,0.0017662008248826577,0.8859731989199652,28.314000129699707,30.80547241052634,25.822527848873072,29.109999656677246,28.335000038146973,27.357500076293945,27.855000495910645,21.86000061035156
2018-11-15,28.209999084472656,28.3799991607666,26.59000015258789,27.459999084472656,2792400,0,0,-0.031734890920643966,0.8578569360936261,28.38100004196167,30.696918020221386,26.065082063701954,28.40999984741211,28.335000038146973,26.94000005722046,27.600000381469727,23.280000686645508
2018-11-16,27.290000915527344,27.450000762939453,26.5,27.290000915527344,2583100,0,0,-0.0061907565409001775,0.8525461526553479,28.259500122070314,30.53588613377447,25.98311411036616,28.34500026702881,28.710000038146973,26.637500286102295,27.450000762939453,23.1299991607666
2018-11-19,27.290000915527344,27.290000915527344,26.030000686645508,26.270000457763672,2183700,0,0,-0.037376343845533455,0.820681094509515,28.160500144958498,30.598238814723988,25.722761475193007,28.085000038146973,28.734999656677246,26.347500324249268,27.450000762939453,23.15999984741211
2018-11-20,25.51000022888184,26.1299991607666,25.149999618530277,25.8799991607666,1706900,0,0,-0.014845880860341332,0.8084973607560922,28.079500102996825,30.702352545080814,25.456647660912836,27.4399995803833,28.559999465942383,26.347500324249268,27.450000762939453,22.88999938964844
2018-11-21,26.32999992370605,27.0,26.100000381469727,26.690000534057617,1615600,0,0,0.03129835392417468,0.8338019972997975,28.090500164031983,30.687703333192765,25.4932969948712,27.34500026702881,28.559999465942383,26.317500591278076,27.450000762939453,23.190000534057617
2018-11-23,26.459999084472656,26.540000915527344,26.1200008392334,26.200000762939453,746800,0,0,-0.018358926988139346,0.8184942873088058,28.074500179290773,30.71426488629655,25.434735472284995,27.20499992370606,28.559999465942383,26.217500686645508,27.450000762939453,22.489999771118164
2018-11-26,26.56999969482422,27.3700008392334,26.420000076293945,27.0,1802300,0,0,0.030534321136057585,0.8434864547255214,28.095500183105468,30.693271520554802,25.497728845656134,27.20499992370606,28.559999465942383,26.187500476837158,27.450000762939453,23.09000015258789
2018-11-27,26.729999542236328,26.84000015258789,26.030000686645508,26.270000457763672,1827100,0,0,-0.027037020082826935,0.820681094509515,28.069500160217284,30.729363168903568,25.409637151531,27.170000076293945,27.6899995803833,28.335000038146973,28.335000038146973,24.25
2018-11-28,26.399999618530277,26.899999618530277,25.979999542236328,26.899999618530277,1880200,0,0,0.02398169584273524,0.8403624189019252,28.013500118255614,30.72241787059627,25.304582365914957,26.764999389648438,27.6899995803833,28.335000038146973,28.335000038146973,24.690000534057617
2018-11-29,26.850000381469727,27.030000686645508,26.540000915527344,26.559999465942383,1673800,0,0,-0.012639411056113214,0.8297407328533142,27.913000106811523,30.68101999999797,25.144980213625075,26.300000190734863,27.6899995803833,28.335000038146973,28.335000038146973,24.93000030517578
2018-11-30,26.530000686645508,27.200000762939453,26.450000762939453,27.0,1986900,0,0,0.01656628550094008,0.8434864547255214,27.819500064849855,30.578113101308215,25.060887028391495,26.260000228881836,27.6899995803833,28.522500038146973,28.335000038146973,24.899999618530277
2018-12-03,27.59000015258789,28.56999969482422,27.520000457763672,28.309999465942383,4177200,0,0,0.0485184987386067,0.8844111512151535,27.773000049591065,30.464071406320173,25.081928692861958,26.859999656677246,27.6899995803833,28.53499984741211,28.335000038146973,25.270000457763672
2018-12-04,28.399999618530277,28.399999618530277,26.540000915527344,26.600000381469727,3875000,0,0,-0.06040265336386974,0.8309903710171636,27.59700002670288,30.10320427389168,25.090795779514078,27.274999618530273,27.6899995803833,28.59999990463257,28.335000038146973,24.96999931335449
2018-12-06,25.8799991607666,26.200000762939453,24.920000076293945,26.200000762939453,3599000,0,0,-0.01503757942834183,0.8184942873088057,27.39950008392334,29.6798704897142,25.119129678132477,26.744999885559082,27.574999809265137,28.59999990463257,28.335000038146973,25.190000534057617
2018-12-07,26.030000686645508,26.200000762939453,24.40999984741211,24.59000015258789,3620600,0,0,-0.0614504031858254,0.7681974833483848,27.16750011444092,29.59667578918535,24.738324439696488,26.489999771118164,27.31999969482422,28.59999990463257,28.335000038146973,25.350000381469727
2018-12-10,24.489999771118164,24.82999992370605,23.739999771118164,24.26000022888184,2364400,0,0,-0.013420086281346388,0.7578882068407363,26.897500133514406,29.35904619095574,24.43595407607307,26.15499973297119,26.984999656677246,28.59999990463257,28.335000038146973,26.950000762939453
2018-12-11,24.75,25.229999542236328,24.34000015258789,24.479999542236328,2378700,0,0,0.009068397002427675,0.7647610379838261,26.67400007247925,29.16138721388732,24.186612931071178,26.15499973297119,26.984999656677246,28.115000247955322,28.335000038146973,26.59000015258789
2018-12-12,24.690000534057617,24.780000686645508,24.09000015258789,24.25,3339400,0,0,-0.00939540631279423,0.7575757972997738,26.444000053405762,28.934750109782264,23.95324999702926,26.15499973297119,26.984999656677246,28.007500171661377,28.335000038146973,25.68000030517578
2018-12-13,24.239999771118164,24.3700008392334,23.40999984741211,23.51000022888184,2488300,0,0,-0.030515454479099424,0.7344580275428051,26.204000091552736,28.851152901022516,23.556847282082956,25.989999771118164,26.800000190734863,28.164999961853027,28.335000038146973,25.56999969482422
2018-12-14,23.350000381469727,23.690000534057617,22.709999084472656,22.899999618530277,2892600,0,0,-0.025946431493530264,0.7154014626462923,25.93100004196167,28.754717144894904,23.107282939028437,25.639999389648438,26.424999237060547,28.164999961853027,28.335000038146973,26.01000022888184
2018-12-17,22.850000381469727,23.3799991607666,22.350000381469727,22.649999618530277,3178700,0,0,-0.0109170307495422,0.7075914028803153,25.69050006866455,28.763505217783365,22.617494919545738,25.375,26.039999961853027,28.164999961853027,28.335000038146973,26.6299991607666
2018-12-18,22.86000061035156,23.350000381469727,22.729999542236328,23.030000686645508,2221500,0,0,0.01677708938256872,0.7194627270927756,25.47750005722046,28.66713402432107,22.287866090119852,24.27500057220459,25.945000648498535,28.31999969482422,28.335000038146973,26.90999984741211
2018-12-19,23.1200008392334,23.21999931335449,22.200000762939453,22.32999992370605,2464300,0,0,-0.030395168999945765,0.6975945359136289,25.28050003051758,28.729106254327373,21.831893806707786,24.200000762939453,25.730000495910645,28.46999979019165,28.335000038146973,26.61000061035156
2018-12-20,22.15999984741211,22.690000534057617,22.040000915527344,22.3799991607666,2667400,0,0,0.00223910601125743,0.6991565240324134,25.10550003051758,28.765742917480864,21.445257143554294,23.635000228881836,25.65000057220459,28.667500019073486,28.335000038146973,27.290000915527344
2018-12-21,22.51000022888184,22.86000061035156,21.989999771118164,22.030000686645508,5492000,0,0,-0.015638895766120542,0.6882224880288673,24.872500038146974,28.691226026626556,21.053774049667393,23.609999656677246,25.59000015258789,28.710000038146973,28.335000038146973,27.170000076293945
2018-12-24,21.770000457763672,22.190000534057617,21.450000762939453,21.86000061035156,1276100,0,0,-0.007716753109181851,0.6829116450045617,24.65550003051758,28.639322375344946,20.671677685690213,23.11500072479248,25.010000228881836,28.72249984741211,28.335000038146973,26.88999938964844
2018-12-26,21.93000030517578,23.34000015258789,21.93000030517578,23.280000686645508,1994500,0,0,0.06495883058765894,0.7272727868587525,24.469500064849854,28.34275617542906,20.596243954270648,22.910000801086426,25.010000228881836,28.37249994277954,28.335000038146973,27.200000762939453
2018-12-27,22.93000030517578,23.1299991607666,22.270000457763672,23.1299991607666,2153100,0,0,-0.006443364323651113,0.7225867033303445,24.3125,28.134771615408688,20.490228384591312,22.570000648498535,25.010000228881836,28.52750015258789,28.335000038146973,27.57999992370605
2018-12-28,23.1299991607666,23.489999771118164,22.809999465942383,23.15999984741211,1715200,0,0,0.001297046594640472,0.7235239319532316,24.125500011444093,27.783808750342736,20.46719127254545,22.47000026702881,25.010000228881836,28.40999984741211,28.335000038146973,27.670000076293945
2018-12-31,23.280000686645508,23.34000015258789,22.71999931335449,22.88999938964844,1384500,0,0,-0.0116580509301617,0.71508905310533,23.942000007629396,27.457303660840484,20.426696354418308,22.47000026702881,25.010000228881836,27.999999523162842,28.335000038146973,27.700000762939453
2019-01-02,22.420000076293945,23.649999618530277,22.209999084472656,23.190000534057617,1946900,0,0,0.01310621024065406,0.7244611605761186,23.751500034332274,26.981701440523658,20.52129862814089,22.550000190734863,25.010000228881836,27.952499866485596,28.335000038146973,31.90999984741211
2019-01-03,23.170000076293945,23.170000076293945,22.229999542236328,22.489999771118164,2522400,0,0,-0.030185456956389856,0.702592969396972,23.460500049591065,25.952898373034277,20.968101726147854,22.550000190734863,25.010000228881836,27.88249969482422,28.335000038146973,32.58000183105469
2019-01-04,22.8799991607666,23.479999542236328,22.8700008392334,23.09000015258789,2225100,0,0,0.026678541021607716,0.7213371247525223,23.285000038146972,25.315364860591064,21.25463521570288,22.550000190734863,25.010000228881836,27.88249969482422,28.335000038146973,31.989999771118164
2019-01-07,23.09000015258789,24.51000022888184,23.09000015258789,24.25,2134800,0,0,0.050238191413874755,0.7575757972997735,23.1875,24.785678206994874,21.589321793005126,22.980000495910645,25.010000228881836,27.429999828338623,28.335000038146973,32.540000915527344
2019-01-08,24.649999618530277,25.15999984741211,24.350000381469727,24.690000534057617,2139600,0,0,0.018144351919901824,0.7713215191719809,23.192500019073485,24.808918518674997,21.576081519471973,23.545000076293945,25.010000228881836,27.22749948501587,28.335000038146973,32.84000015258789
2019-01-09,25.020000457763672,25.18000030517578,24.6299991607666,24.93000030517578,1648300,0,0,0.0097205251489203,0.7788191693969956,23.226000022888183,24.95465716642504,21.497342879351326,23.69499969482422,25.010000228881836,26.994999885559082,28.335000038146973,32.9900016784668
2019-01-10,24.520000457763672,25.07999992370605,24.290000915527344,24.899999618530277,2542500,0,0,-0.0012033969626256136,0.7778819407741087,23.24700002670288,25.045643044443004,21.44835700896276,23.69499969482422,25.010000228881836,26.97499990463257,28.335000038146973,33.630001068115234
2019-01-11,25.0,25.690000534057617,24.8799991607666,25.270000457763672,2499100,0,0,0.014859471682804548,0.7894408554456066,23.298000049591064,25.259800502538027,21.3361995966441,23.949999809265137,24.925000190734863,27.274999618530273,28.335000038146973,33.72999954223633
2019-01-14,25.21999931335449,25.920000076293945,24.76000022888184,24.96999931335449,3182100,0,0,-0.011871829797178157,0.7800687479748176,23.371000003814697,25.46462404619737,21.277375961432025,24.0649995803833,23.825000762939453,27.482499599456787,28.335000038146973,33.61000061035156
2019-01-15,24.899999618530277,25.420000076293945,24.88999938964844,25.190000534057617,2296700,0,0,0.00881062181629555,0.7869416387039349,23.485500049591064,25.711345853831897,21.25965424535023,24.074999809265137,23.825000762939453,27.15999984741211,28.335000038146973,33.779998779296875
2019-01-16,25.239999771118164,25.770000457763672,25.190000534057617,25.350000381469727,1741500,0,0,0.00635172068360168,0.791940072187278,23.620500087738037,25.953402691528606,21.28759748394747,24.395000457763672,23.6850004196167,26.90499973297119,28.1899995803833,34.16999816894531
2019-01-17,25.209999084472656,28.0,25.209999084472656,26.950000762939453,12784200,0,0,0.06311638490701132,0.8419244666067366,23.816500091552733,26.547429146765154,21.085571036340312,25.545000076293945,24.725000381469727,26.56999969482422,27.854999542236328,33.75
2019-01-18,26.5,26.90999984741211,25.989999771118164,26.59000015258789,3872600,0,0,-0.01335809277032085,0.8306779614762009,24.029500102996828,26.924847892128135,21.13415231386552,26.145000457763672,24.725000381469727,26.56999969482422,27.854999542236328,34.06999969482422
2019-01-22,26.479999542236328,26.489999771118164,25.239999771118164,25.68000030517578,2523800,0,0,-0.03422338631778998,0.8022493486949266,24.194500160217284,27.070889095490475,21.318111224944094,26.145000457763672,24.725000381469727,26.56999969482422,27.854999542236328,33.630001068115234
2019-01-23,25.780000686645508,25.88999938964844,25.26000022888184,25.56999969482422,1683800,0,0,-0.00428351281325301,0.798812903330368,24.371500110626222,27.125079302890523,21.61792091836192,26.145000457763672,24.725000381469727,26.394999980926514,27.6899995803833,34.20000076293945
2019-01-24,25.530000686645508,26.020000457763672,25.450000762939453,26.01000022888184,1465700,0,0,0.01720768632416858,0.8125586252025754,24.579000091552736,27.162711805684562,21.99528837742091,26.380000114440918,24.725000381469727,26.032499313354492,27.339999198913574,34.150001525878906
2019-01-25,26.31999969482422,26.670000076293945,25.950000762939453,26.6299991607666,1910100,0,0,0.023836944499381785,0.8319275400540231,24.74650001525879,27.405723213750793,22.087276816766785,26.380000114440918,24.725000381469727,25.707499980926514,27.15999984741211,33.33000183105469
2019-01-28,26.3799991607666,27.1299991607666,26.34000015258789,26.90999984741211,2471100,0,0,0.010514483494916016,0.8406748284428872,24.935500049591063,27.645680513117373,22.225319586064753,26.44499969482422,24.725000381469727,25.110000610351562,27.15999984741211,32.79999923706055
2019-01-29,26.950000762939453,27.049999237060547,26.479999542236328,26.61000061035156,1479800,0,0,-0.011148243729529494,0.8313027805581256,25.108000087738038,27.782751925493976,22.4332482499821,26.59500026702881,24.725000381469727,24.96500062942505,27.085000038146973,32.72999954223633
2019-01-30,26.75,27.309999465942383,26.559999465942383,27.290000915527344,1531900,0,0,0.025554313775973947,0.8525461526553475,25.328000164031984,27.95983434174002,22.696165986323948,26.604999542236328,24.725000381469727,24.642500400543213,27.005000114440918,32.459999084472656
2019-01-31,26.989999771118164,30.559999465942383,25.68000030517578,27.170000076293945,6885700,0,0,-0.004397245702000729,0.8487972977498265,25.527000141143798,28.08203789981602,22.971962382471578,27.899999618530273,26.005000114440918,24.59999990463257,26.979999542236328,32.63999938964844
2019-02-01,27.399999618530277,27.5,26.07999992370605,26.88999938964844,4076700,0,0,-0.01030550923295015,0.8400500093609625,25.74700012207031,27.947738842512667,23.546261401627955,27.899999618530273,26.244999885559082,24.062500476837158,26.710000038146973,32.790000915527344
2019-02-04,26.440000534057617,27.309999465942383,26.399999618530277,27.200000762939453,1791300,0,0,0.011528500570005651,0.8497345263727136,25.95250015258789,27.868735669087645,24.036264636088138,27.90999984741211,26.38499927520752,23.96000051498413,26.710000038146973,32.79999923706055
2019-02-05,27.270000457763672,27.6299991607666,27.040000915527344,27.57999992370605,2314900,0,0,0.013970556989261418,0.8616057909991467,26.119000148773193,27.992328347557162,24.245671949989223,28.005000114440918,26.38499927520752,23.790000438690186,26.710000038146973,32.75
2019-02-06,27.76000022888184,27.950000762939453,27.149999618530277,27.670000076293945,2638000,0,0,0.0032632397692842208,0.8644174172817807,26.26800012588501,28.136981286857207,24.399018964912813,28.119999885559082,26.38499927520752,23.740000247955322,26.710000038146973,32.58000183105469
2019-02-07,27.5,28.06999969482422,27.100000381469727,27.700000762939453,5766700,0,0,0.001084231534614677,0.8653546459046677,26.406500148773194,28.26880198651702,24.54419831102937,28.119999885559082,26.38499927520752,23.740000247955322,26.710000038146973,33.099998474121094
2019-02-08,32.599998474121094,32.95000076293945,31.34000015258789,31.90999984741211,14443000,0,0,0.1519855223291302,0.9968760237624281,26.757000160217284,29.69579708385905,23.81820323657552,29.315000534057617,27.59000015258789,23.78000020980835,26.710000038146973,32.86000061035156
2019-02-11,32.25,32.77000045776367,31.549999237060547,32.58000183105469,3798700,0,0,0.020996615068831215,1.0178070459047148,27.122500228881837,30.93103673653722,23.313963721226454,29.315000534057617,27.910000801086426,23.78000020980835,26.710000038146973,32.33000183105469
2019-02-12,32.689998626708984,32.70000076293945,31.899999618530277,31.989999771118164,3392100,0,0,-0.018109331699734388,0.9993752405040995,27.47350025177002,31.699649739908217,23.24735076363182,29.315000534057617,28.020000457763672,23.78000020980835,26.710000038146973,32.4900016784668
2019-02-13,32.0,32.650001525878906,31.75,32.540000915527344,2363400,0,0,0.017192908669719342,1.0165574077408652,27.841000270843505,32.47241450534473,23.20958603634228,29.515000343322754,28.6200008392334,23.99500036239624,25.84000015258789,30.46999931335449
2019-02-14,32.36000061035156,32.97999954223633,31.88999938964844,32.84000015258789,1870900,0,0,0.009219398543943935,1.0259294556256269,28.215500259399413,33.18349465572806,23.247505863070767,29.6899995803833,28.635000228881836,24.27750015258789,25.84000015258789,31.020000457763672
2019-02-15,32.970001220703125,33.38999938964844,32.75,32.9900016784668,1937800,0,0,0.004567646930022429,1.0306155391540348,28.51750030517578,33.86515754231697,23.169843068034588,30.21500015258789,28.84000015258789,24.352499961853027,25.84000015258789,31.5
2019-02-19,32.849998474121094,33.7599983215332,32.619998931884766,33.630001068115234,1608400,0,0,0.019399798638572996,1.0506092730874075,28.869500350952148,34.58176529734415,23.157235404560144,30.429999351501465,29.25999927520752,24.352499961853027,25.84000015258789,32.58000183105469
2019-02-20,33.65999984741211,33.93000030517578,33.380001068115234,33.72999954223633,1678000,0,0,0.0029734900667577335,1.0537332493249765,29.272000312805176,35.16221354661207,23.381787078998283,30.515000343322754,29.34500026702881,24.4375,25.84000015258789,33.20000076293945
2019-02-21,33.77000045776367,33.88999938964844,33.459999084472656,33.61000061035156,1224000,0,0,-0.0035576321824286605,1.0499844540054828,29.674000358581544,35.59641562398858,23.751585093174516,32.635000228881836,29.40999984741211,23.945000171661377,25.84000015258789,33.61000061035156
2019-02-22,33.75,34.130001068115234,33.529998779296875,33.779998779296875,1257500,0,0,0.005057963875577887,1.055295237443761,30.062500286102296,35.992006938644295,24.132993633560293,32.84000015258789,29.660000801086426,23.950000286102295,25.84000015258789,34.36000061035156
2019-02-25,33.90999984741211,34.31999969482422,33.81999969482422,34.16999816894531,1698200,0,0,0.011545275421604329,1.0674789116111565,30.43950023651123,36.407192234879204,24.47180823814325,33.03499984741211,29.764999389648438,24.040000438690186,25.84000015258789,34.2599983215332
2019-02-26,34.119998931884766,34.38999938964844,33.720001220703125,33.75,1266100,0,0,-0.012291430829721839,1.0543580684069012,30.781500244140624,36.68383006873717,24.879170419544074,33.06999969482422,29.8149995803833,25.135000228881836,25.84000015258789,34.709999084472656
2019-02-27,33.70000076293945,34.34000015258789,33.66999816894531,34.06999969482422,1265100,0,0,0.009481472439236027,1.0643549353735873,31.154500198364257,36.89410214804113,25.414898248687386,33.13999938964844,29.8149995803833,25.4350004196167,25.84000015258789,34.95000076293945
2019-02-28,34.0099983215332,34.16999816894531,33.619998931884766,33.630001068115234,1459600,0,0,-0.012914547421490785,1.0506092730874073,31.471500205993653,37.01732233419156,25.92567807779574,33.5049991607666,29.824999809265137,25.4350004196167,25.84000015258789,34.630001068115234
2019-03-01,34.119998931884766,34.720001220703125,33.88999938964844,34.20000076293945,1316100,0,0,0.016949142929544525,1.0684161998200705,31.82300024032593,37.11645605528377,26.529544425368087,33.670000076293945,30.08500099182129,25.4350004196167,25.820000648498535,34.5099983215332
2019-03-04,34.2599983215332,34.43000030517578,33.7400016784668,34.150001525878906,2059500,0,0,-0.001461965963308609,1.066854211701286,32.18600034713745,37.05041107097643,27.321589623298475,34.05000114440918,30.200000762939453,25.552500247955322,25.795000076293945,34.02000045776367
2019-03-05,33.939998626708984,34.0,32.9900016784668,33.33000183105469,3539300,0,0,-0.02401170302153055,1.0412372252026456,32.492500400543214,36.796074856627904,28.188925944458525,33.85500144958496,30.200000762939453,25.552500247955322,25.59000015258789,34.45000076293945
2019-03-06,33.4900016784668,33.709999084472656,32.7400016784668,32.79999923706055,1538600,0,0,-0.01590166711303087,1.0246798174617773,32.753500366210936,36.41205668114071,29.09494405128116,33.73000144958496,30.200000762939453,25.585000038146973,25.4950008392334,34.349998474121094
2019-03-07,32.720001220703125,32.900001525878906,32.13999938964844,32.72999954223633,2017700,0,0,-0.002134137086964527,1.022493010261068,33.00650033950806,35.817431101112916,30.195569577903196,33.43000030517578,30.200000762939453,25.660000324249268,25.355000495910645,34.40999984741211
2019-03-08,32.52000045776367,32.79999923706055,32.220001220703125,32.459999084472656,1440500,0,0,-0.008249326658720246,1.0140581314131663,33.24450025558472,34.6725133273746,31.816487183794838,33.43000030517578,30.200000762939453,25.664999961853027,25.355000495910645,34.84000015258789
2019-03-11,32.5,32.91999816894531,32.34000015258789,32.63999938964844,2075300,0,0,0.00554529606446863,1.019681383978434,33.281000232696535,34.602983915850416,31.959016549542653,33.43000030517578,30.40000057220459,26.952499866485596,26.005000114440918,35.08000183105469
2019-03-12,32.63999938964844,32.880001068115234,32.349998474121094,32.790000915527344,1456400,0,0,0.004595635069971182,1.024367467506842,33.29150018692017,34.59402975782433,31.988970616016,33.43000030517578,30.5600004196167,27.072499752044678,26.005000114440918,35.279998779296875
2019-03-13,32.88999938964844,32.95000076293945,32.66999816894531,32.79999923706055,959900,0,0,0.00030491983086422536,1.0246798174617768,33.332000160217284,34.5136534925347,32.15034682789987,33.43000030517578,30.880001068115234,27.147499561309814,26.005000114440918,31.600000381469727
2019-03-14,32.75,33.0,32.560001373291016,32.75,1031600,0,0,-0.0015243670190105973,1.0231178293429923,33.34250011444092,34.499011810337834,32.185988418544,33.28499984741211,30.910000801086426,27.19499969482422,26.005000114440918,29.770000457763672
2019-03-15,32.70000076293945,32.880001068115234,32.279998779296875,32.58000183105469,1714700,0,0,-0.005190783784589703,1.0178070459047142,33.32950019836426,34.51412482561831,32.144875571110205,33.06999969482422,30.910000801086426,27.2524995803833,26.005000114440918,29.88999938964844
2019-03-18,32.599998474121094,33.189998626708984,32.599998474121094,33.099998474121094,1522700,0,0,0.015960608159658163,1.0340518653465385,33.33500003814697,34.514219489331005,32.15578058696294,32.92499923706055,33.03000068664551,27.2524995803833,26.005000114440918,31.15999984741211
2019-03-19,33.16999816894531,33.27000045776367,32.689998626708984,32.86000061035156,1945000,0,0,-0.0072506910825742565,1.0265542747075511,33.296500015258786,34.48502339670878,32.10797663380879,32.704999923706055,33.135000228881836,28.452500343322754,27.200000762939453,30.600000381469727
2019-03-20,32.779998779296875,32.970001220703125,32.08000183105469,32.33000183105469,1457200,0,0,-0.01612899480987573,1.0099969861387372,33.22650012969971,34.4689358355344,31.984064423865018,32.67500114440918,33.23500061035156,28.61250066757202,27.200000762939453,31.15999984741211
2019-03-21,32.349998474121094,32.619998931884766,32.16999816894531,32.4900016784668,2626400,0,0,0.004948958810711224,1.0149954196220803,33.17050018310547,34.439713434709205,31.901286931501726,32.67500114440918,33.23500061035156,28.667500495910645,27.200000762939453,31.6299991607666
2019-03-22,32.20000076293945,32.20000076293945,30.46999931335449,30.46999931335449,2771800,0,0,-0.06217304588356154,0.951890062826312,33.00500020980835,34.70780349031367,31.30219692930303,31.869999885559082,32.59500026702881,29.067500591278076,27.200000762939453,31.65999984741211
2019-03-25,30.46999931335449,31.21999931335449,30.15999984741211,31.020000457763672,2121300,0,0,0.01805057948157307,0.9690722300630779,32.84750032424927,34.66999424143788,31.02500640706066,31.71500015258789,32.44000053405762,29.16249990463257,27.21500015258789,31.299999237060547
2019-03-26,31.34000015258789,31.8700008392334,31.229999542236328,31.5,1779100,0,0,0.015473872828915214,0.9840675305131071,32.73500032424927,34.598531212967934,30.871469435530607,31.71500015258789,32.44000053405762,29.52750015258789,27.420000076293945,31.399999618530277
2019-03-27,33.08000183105469,33.45000076293945,31.950000762939453,32.58000183105469,2372800,0,0,0.034285772414434534,1.0178070459047142,32.66050043106079,34.419708806369265,30.901292055752318,31.80500030517578,32.44000053405762,29.844999313354492,27.604999542236328,32.0099983215332
2019-03-28,32.869998931884766,33.47999954223633,32.84000015258789,33.20000076293945,1575400,0,0,0.019030045949653518,1.037175960756162,32.639000415802,34.3599739781433,30.918026853460706,31.81999969482422,32.44000053405762,29.93000030517578,27.690000534057617,30.520000457763672
2019-03-29,33.349998474121094,34.0,32.88999938964844,33.61000061035156,2288400,0,0,0.012349392710550244,1.049984454005482,32.60950040817261,34.23928074275312,30.979720073592095,32.079999923706055,32.44000053405762,31.022500038146973,27.690000534057617,29.709999084472656
2019-04-01,33.79999923706055,34.439998626708984,33.79999923706055,34.36000061035156,1605400,0,0,0.022314786860462288,1.0734146333034131,32.62000036239624,34.291967087270244,30.948033637522236,32.29999923706055,32.44000053405762,31.250000476837158,27.790000915527344,29.530000686645508
2019-04-02,34.41999816894531,34.81999969482422,34.119998931884766,34.2599983215332,2660600,0,0,-0.002910427445924735,1.0702905378937897,32.66650018692017,34.46333418896309,30.86966618487725,32.489999771118164,32.489999771118164,31.399999618530273,27.885000228881836,29.40999984741211
2019-04-03,34.5,34.90999984741211,34.5,34.709999084472656,1740600,0,0,0.013134874050960477,1.0843486693069593,32.76200017929077,34.770096091083104,30.75390426749844,32.53499984741211,32.53499984741211,31.44249963760376,27.920000076293945,29.459999084472656
2019-04-04,34.63999938964844,35.0,34.5,34.95000076293945,1469900,0,0,0.0069144824199709465,1.091846379118001,32.87300024032593,35.09794285439516,30.648057626256705,32.579999923706055,32.579999923706055,31.47749948501587,27.920000076293945,27.59000015258789
2019-04-05,34.689998626708984,35.0,34.470001220703125,34.630001068115234,1680500,0,0,-0.009155928121281853,1.0818495121513148,32.98150033950806,35.32509736108605,30.637903317930064,33.114999771118164,32.579999923706055,31.66499948501587,27.920000076293945,27.96999931335449
2019-04-08,34.58000183105469,34.72999954223633,34.22999954223633,34.5099983215332,1581000,0,0,-0.003465282786044188,1.0781005976597664,33.075000286102295,35.50520435074021,30.64479622146438,33.47500038146973,32.579999923706055,31.877500534057617,28.08500099182129,28.09000015258789
2019-04-09,34.279998779296875,34.529998779296875,33.93000030517578,34.02000045776367,1044000,0,0,-0.014198721750264154,1.062792947254802,33.13650026321411,35.59713732245408,30.675863203974135,33.920000076293945,32.579999923706055,32.125000953674316,28.08500099182129,28.36000061035156
2019-04-10,34.0,34.45000076293945,33.97999954223633,34.45000076293945,993400,0,0,0.012639632551141089,1.0762262595860468,33.21900033950806,35.739546175461996,30.69845450355412,33.94499969482422,32.579999923706055,32.02750110626221,28.08500099182129,28.239999771118164
2019-04-11,34.470001220703125,34.7599983215332,34.119998931884766,34.349998474121094,1471500,0,0,-0.0029028239943013068,1.0731021641764233,33.29900026321411,35.85662206498118,30.741378461447038,34.39999961853027,32.579999923706055,31.965001106262207,28.08500099182129,28.06999969482422
2019-04-12,34.459999084472656,34.689998626708984,34.11000061035156,34.40999984741211,1129300,0,0,0.0017467649477835856,1.0749766214221974,33.390500164031984,35.96976685201383,30.811233476050138,34.46500015258789,32.579999923706055,31.815000534057617,28.08500099182129,28.57999992370605
2019-04-15,34.70000076293945,34.869998931884766,34.47999954223633,34.84000015258789,1678800,0,0,0.012496376259301778,1.088409933753442,33.47750024795532,36.12886901991642,30.826131475994217,34.46500015258789,32.579999923706055,31.815000534057617,28.08500099182129,29.36000061035156
2019-04-16,34.869998931884766,35.25,34.560001373291016,35.08000183105469,2478400,0,0,0.006888681900564464,1.095907643564484,33.588500308990476,36.31284639906529,30.86415421891566,34.59000015258789,32.704999923706055,31.915000438690186,28.08500099182129,28.11000061035156
2019-04-17,35.290000915527344,35.65999984741211,34.84000015258789,35.279998779296875,3438000,0,0,0.005701166984123152,1.1021555960396219,33.73600015640259,36.49142218547151,30.980578127333672,34.795000076293945,32.90999984741211,31.99500036239624,28.325000762939453,28.780000686645508
2019-04-18,29.63999938964844,32.5,29.63999938964844,31.600000381469727,10441000,0,0,-0.10430834821872659,0.9871915663367028,33.69150009155273,36.55382950399502,30.829170679110447,32.64999961853027,32.64999961853027,32.15500068664551,28.46500015258789,28.229999542236328
2019-04-22,31.36000061035156,31.450000762939453,29.43000030517578,29.770000457763672,5504900,0,0,-0.05791138929160167,0.930021931233192,33.65650014877319,36.68947592056913,30.62352437697725,32.545000076293945,32.545000076293945,32.09750032424927,28.46500015258789,28.190000534057617
2019-04-23,29.799999237060547,30.149999618530277,29.280000686645508,29.88999938964844,4507900,0,0,0.004030867653328274,0.9337707265526858,33.600000095367434,36.86327366688986,30.336726523845005,32.47000026702881,32.47000026702881,31.990000247955322,28.46500015258789,28.0
2019-04-24,29.90999984741211,31.51000022888184,29.90999984741211,31.15999984741211,4486300,0,0,0.042489142980829175,0.9734458444644956,33.583000087738036,36.893571878477054,30.272428296999017,32.47000026702881,32.47000026702881,32.97749996185303,28.46500015258789,27.93000030517578
2019-04-25,31.13999938964844,31.309999465942383,30.549999237060547,30.600000381469727,1234600,0,0,-0.017971741613756476,0.9559513272727946,33.484000015258786,37.021794333064605,29.946205697452967,32.47000026702881,32.47000026702881,32.920000076293945,28.475000381469727,27.799999237060547
2019-04-26,30.700000762939453,31.46999931335449,30.5,31.15999984741211,1793000,0,0,0.018300635913766072,0.9734458444644954,33.38199996948242,37.06298216936994,29.701017769594905,32.47000026702881,32.47000026702881,32.95500087738037,28.79500102996826,29.09000015258789
2019-04-29,31.06999969482422,31.809999465942383,31.06999969482422,31.6299991607666,1514200,0,0,0.01508341834582927,0.9881287353735625,33.28299989700317,37.04067311479662,29.525326679209726,32.47000026702881,32.47000026702881,32.95500087738037,28.905000686645508,29.43000030517578
2019-04-30,31.690000534057617,31.899999618530277,31.32999992370605,31.65999984741211,1186000,0,0,0.0009484883794343979,0.9890659639964495,33.1479998588562,36.93541023415116,29.36058948356124,32.47000026702881,32.47000026702881,32.232500076293945,29.505001068115234,30.01000022888184
2019-05-01,31.690000534057617,31.84000015258789,31.299999237060547,31.299999237060547,1222600,0,0,-0.011370834241522854,0.9778194588659139,32.99999990463257,36.833586384261295,29.16641342500384,30.890000343322754,32.47000026702881,32.077500343322754,29.505001068115234,30.68000030517578
2019-05-02,31.299999237060547,31.450000762939453,30.81999969482422,31.399999618530277,1643700,0,0,0.003194900444321025,0.9809434946895104,32.83449993133545,36.64396295028897,29.02503691238193,30.59000015258789,32.47000026702881,32.077500343322754,29.505001068115234,30.040000915527344
2019-05-03,31.479999542236328,32.06999969482422,31.399999618530277,32.0099983215332,1560300,0,0,0.019426710522727042,0.9999999999999957,32.687499809265134,36.38306575933047,28.9919338591998,30.675000190734863,32.47000026702881,32.1225004196167,29.74000072479248,29.690000534057617
2019-05-06,31.34000015258789,31.38999938964844,30.309999465942383,30.520000457763672,2374600,0,0,-0.04654788946887278,0.9534521105311231,32.48199977874756,36.1797572827887,28.78424227470641,30.989999771118164,32.47000026702881,32.13000011444092,29.74000072479248,29.950000762939453
2019-05-07,30.290000915527344,30.5,29.40999984741211,29.709999084472656,1751200,0,0,-0.026540018386040587,0.9281474739874179,32.241999816894534,36.00531609123897,28.478683542550097,30.739999771118164,32.47000026702881,32.260000228881836,29.80500030517578,30.040000915527344
2019-05-08,29.649999618530277,30.059999465942383,29.489999771118164,29.530000686645508,1448000,0,0,-0.006058512398986249,0.9225242810081774,32.01749982833862,35.865441342278686,28.16955831439856,30.739999771118164,32.47000026702881,32.36999988555908,29.95500087738037,30.899999618530277
2019-05-09,29.489999771118164,29.709999084472656,29.01000022888184,29.40999984741211,2229500,0,0,-0.004063692395634311,0.9187754261026565,31.765499782562255,35.6032318173749,27.92776774774961,30.539999961853027,32.33500003814697,32.489999771118164,30.014999389648438,30.86000061035156
2019-05-10,29.25,29.489999771118164,28.6200008392334,29.459999084472656,1651000,0,0,0.0017000760734429132,0.920337414221441,31.520999813079833,35.29069494440638,27.751304681753282,30.34500026702881,32.140000343322754,32.53499984741211,30.074999809265137,31.57999992370605
2019-05-13,28.76000022888184,28.76000022888184,27.200000762939453,27.59000015258789,2467400,0,0,-0.06347586524095916,0.861918200540108,31.179999828338623,35.07579657932712,27.28420307735013,29.635000228881836,31.43000030517578,32.579999923706055,30.119999885559082,31.1200008392334
2019-05-14,27.700000762939453,28.170000076293945,27.350000381469727,27.96999931335449,1904800,0,0,0.01377307570369668,0.873789465166541,30.836499786376955,34.588169790601654,27.084829782152255,29.635000228881836,31.43000030517578,32.84749984741211,30.130000114440918,31.57999992370605
2019-05-15,27.6200008392334,28.229999542236328,27.46999931335449,28.09000015258789,1554200,0,0,0.004290341157645594,0.8775383200720621,30.486999702453613,33.8730530178272,27.100946387080022,29.635000228881836,31.43000030517578,33.02750015258789,30.225000381469727,31.34000015258789
2019-05-16,28.209999084472656,28.65999984741211,27.989999771118164,28.36000061035156,1582700,0,0,0.009611977796261995,0.8859731989199638,30.140999794006348,32.83378924576853,27.44821034224417,29.295000076293945,31.43000030517578,33.25,30.34000015258789,30.690000534057617
2019-05-17,28.059999465942383,28.850000381469727,28.0,28.239999771118164,1407000,0,0,-0.004231341207714734,0.8822243440144429,29.97299976348877,32.70013349290276,27.245866034074776,28.850000381469727,31.43000030517578,33.26249980926514,30.34000015258789,30.11000061035156
2019-05-20,27.950000762939453,28.270000457763672,27.63999938964844,28.06999969482422,1093500,0,0,-0.006019832778745626,0.8769135009901374,29.887999725341796,32.739652024703034,27.03634742598056,28.630000114440918,31.43000030517578,33.489999771118164,30.34000015258789,30.700000762939453
2019-05-21,28.190000534057617,28.690000534057617,28.059999465942383,28.57999992370605,1108500,0,0,0.018168871906894646,0.8928460300630537,29.822499752044678,32.73119185694454,26.913807647144818,28.454999923706055,31.43000030517578,33.52250003814697,30.34000015258789,30.93000030517578
2019-05-22,28.46999931335449,29.459999084472656,28.36000061035156,29.36000061035156,2100400,0,0,0.0272918365545034,0.9172134379838718,29.73249979019165,32.580180681896124,26.88481889848718,28.34500026702881,31.43000030517578,33.52250003814697,30.34000015258789,31.489999771118164
2019-05-23,29.15999984741211,29.280000686645508,28.030000686645508,28.11000061035156,1961200,0,0,-0.042574930995038285,0.8781631391539866,29.607999801635742,32.510879764747315,26.70511983852417,28.329999923706055,31.43000030517578,33.64750003814697,30.664999961853027,32.189998626708984
2019-05-24,28.25,28.86000061035156,28.11000061035156,28.780000686645508,1435500,0,0,0.023834936383716032,0.8990941017102462,29.488999843597412,32.32114584388322,26.6568538433116,28.40499973297119,29.850000381469727,33.85249996185303,31.02999973297119,32.20000076293945
2019-05-28,28.81999969482422,29.149999618530277,28.190000534057617,28.229999542236328,1221100,0,0,-0.019110532706289707,0.8819119344734804,29.3189998626709,32.02045510536697,26.617544619974833,28.464999198913574,29.635000228881836,32.64999961853027,31.350000381469727,32.56999969482422
2019-05-29,27.8799991607666,28.25,27.26000022888184,28.190000534057617,1516800,0,0,-0.0014168972308649108,0.8806623558956582,29.145499897003173,31.660613589185473,26.630386204820873,28.359999656677246,29.635000228881836,32.545000076293945,31.380000114440918,32.75
2019-05-30,28.229999542236328,28.71999931335449,27.86000061035156,28.0,1461200,0,0,-0.0067399975330992845,0.8747266937894281,28.980499935150146,31.334746099810012,26.62625377049028,28.359999656677246,29.635000228881836,32.47000026702881,31.380000114440918,32.369998931884766
2019-05-31,27.5,28.07999992370605,27.399999618530277,27.93000030517578,2004600,0,0,-0.0024999891008649078,0.872539886588719,28.806999969482423,30.918932994326028,26.695066944638818,28.359999656677246,29.635000228881836,32.47000026702881,32.47000026702881,32.060001373291016
2019-06-03,27.850000381469727,28.309999465942383,27.549999237060547,27.799999237060547,1866800,0,0,-0.004654531568019427,0.8684786221422357,28.59650001525879,30.149499775406504,27.043500255111077,28.359999656677246,29.635000228881836,32.47000026702881,32.47000026702881,32.619998931884766
2019-06-04,28.399999618530277,29.26000022888184,28.350000381469727,29.09000015258789,2746400,0,0,0.04640291190395529,0.9087785591359704,28.525,29.825886454262648,27.22411354573735,28.359999656677246,29.635000228881836,32.47000026702881,32.47000026702881,33.650001525878906
2019-06-05,29.3700008392334,29.51000022888184,28.88999938964844,29.43000030517578,1563000,0,0,0.011687870429854419,0.9194002451845814,28.511000061035155,29.765269673778572,27.256730448291737,28.38500022888184,29.635000228881836,32.47000026702881,32.47000026702881,34.11000061035156
2019-06-06,29.5,30.200000762939453,29.270000457763672,30.01000022888184,2430600,0,0,0.01970777837892368,0.9375195814582072,28.535000038146972,29.882307416803826,27.187692659490118,28.730000495910645,29.635000228881836,32.47000026702881,32.47000026702881,34.2599983215332
2019-06-07,30.209999084472656,30.850000381469727,30.200000762939453,30.68000030517578,1628900,0,0,0.02232589374155114,0.9584505440144667,28.598500061035157,30.202996679043046,26.994003443027268,29.05500030517578,29.635000228881836,31.68000030517578,32.47000026702881,34.560001373291016
2019-06-10,30.68000030517578,30.989999771118164,29.75,30.040000915527344,1318000,0,0,-0.020860475335147566,0.9384568100810942,28.627500152587892,30.31305108764116,26.941949217534624,29.125,29.635000228881836,31.53000020980835,32.47000026702881,34.43000030517578
2019-06-11,30.32999992370605,30.5,29.600000381469727,29.690000534057617,1780200,0,0,-0.011651144167869054,0.9275227144915208,28.73250017166138,30.40794467112483,27.057055672197926,29.19499969482422,29.295000076293945,31.572500228881836,32.47000026702881,34.84000015258789
2019-06-12,29.670000076293945,30.200000762939453,29.61000061035156,29.950000762939453,968800,0,0,0.00875716484355027,0.9356451837984603,28.831500244140624,30.548949968416725,27.114050519864524,29.19499969482422,29.09500026702881,31.730000019073486,32.47000026702881,39.0099983215332
2019-06-13,30.07999992370605,30.280000686645508,29.899999618530277,30.040000915527344,870400,0,0,0.0030050133654506705,0.9384568100810942,28.929000282287596,30.688351411684888,27.169649152890305,29.269999504089355,29.09500026702881,31.605000019073486,32.47000026702881,39.630001068115234
2019-06-14,29.920000076293945,30.950000762939453,29.8700008392334,30.899999618530277,1249700,0,0,0.028628451291371704,0.9653233751575568,29.056000232696533,30.992519430748448,27.11948103464462,29.670000076293945,29.09500026702881,31.605000019073486,32.47000026702881,39.70000076293945
2019-06-17,30.81999969482422,31.36000061035156,30.75,30.86000061035156,1774900,0,0,-0.0012944663000814538,0.9640737965797345,29.187000274658203,31.237388236971466,27.13661231234494,30.125,29.280000686645508,31.4375,32.33500003814697,39.540000915527344
2019-06-18,31.059999465942383,31.81999969482422,30.6299991607666,31.57999992370605,1719100,0,0,0.023331150327747574,0.9865667472547786,29.362500286102296,31.59523371816752,27.129766854037072,30.545000076293945,29.510000228881836,31.24250030517578,32.140000343322754,39.470001220703125
2019-06-19,31.479999542236328,31.489999771118164,30.809999465942383,31.1200008392334,1207600,0,0,-0.014566152171753055,0.972196265886674,29.489500331878663,31.81771826867882,27.161282395078505,30.710000038146973,29.539999961853027,30.53250026702881,31.43000030517578,39.11000061035156
2019-06-20,31.56999969482422,31.90999984741211,31.36000061035156,31.57999992370605,984800,0,0,0.014781461184690148,0.9865667472547786,29.600500297546386,32.10069841569867,27.100302179394102,30.755000114440918,29.585000038146973,30.53250026702881,31.43000030517578,39.47999954223633
2019-06-21,31.31999969482422,31.46999931335449,31.1200008392334,31.34000015258789,1265800,0,0,-0.007599739445787623,0.9790690970297641,29.762000274658202,32.27360027196613,27.250400277350273,30.755000114440918,29.585000038146973,30.53250026702881,31.43000030517578,38.18999862670898
2019-06-24,31.26000022888184,31.299999237060547,30.559999465942383,30.690000534057617,1311900,0,0,-0.02074025575512317,0.9587629535554293,29.857500267028808,32.35758038975489,27.35742014430273,30.760000228881836,29.585000038146973,30.362500190734863,31.43000030517578,37.93999862670898
2019-06-25,30.700000762939453,30.82999992370605,30.100000381469727,30.11000061035156,1286400,0,0,-0.0188986612451314,0.9406436172818036,29.95150032043457,32.33729356886073,27.565707072008404,30.890000343322754,29.585000038146973,30.140000343322754,31.43000030517578,35.630001068115234
2019-06-26,30.25,30.799999237060547,30.25,30.700000762939453,981900,0,0,0.019594823667491212,0.9590753630963916,30.07700033187866,32.33846578199979,27.815534881757536,30.890000343322754,29.585000038146973,30.03000020980835,31.43000030517578,34.95000076293945
2019-06-27,31.200000762939453,31.309999465942383,30.8700008392334,30.93000030517578,1423600,0,0,0.007491841580472558,0.966260603780444,30.223500347137453,32.29770397797114,28.149296716303766,31.005000114440918,29.585000038146973,29.942500114440918,31.43000030517578,33.349998474121094
2019-06-28,31.149999618530277,31.5,30.93000030517578,31.489999771118164,2421700,0,0,0.018105381843422474,0.9837551209721449,30.40150032043457,32.25486698746819,28.54813365340095,31.005000114440918,29.585000038146973,29.887500286102295,31.43000030517578,33.560001373291016
2019-07-01,31.600000381469727,32.689998626708984,31.600000381469727,32.189998626708984,1853500,0,0,0.02222924295581752,1.0056232525652644,30.621000289916992,32.20798060465275,29.034019975181234,31.394999504089355,29.97499942779541,29.880000114440918,31.43000030517578,33.779998779296875
2019-07-02,32.08000183105469,32.2400016784668,31.729999542236328,32.20000076293945,1794300,0,0,0.00031072185949621023,1.0059357216922542,30.77650032043457,32.342038471423066,29.210962169446077,31.394999504089355,29.97499942779541,29.12750005722046,31.43000030517578,34.43000030517578
2019-07-03,32.38999938964844,32.63999938964844,32.209999084472656,32.56999969482422,829000,0,0,0.011490649786276341,1.017494576777725,30.933500289916992,32.55677568665425,29.310224893179733,31.394999504089355,29.97499942779541,29.049999713897705,31.43000030517578,33.939998626708984
2019-07-05,32.459999084472656,32.779998779296875,32.16999816894531,32.75,1223700,0,0,0.005526567604002386,1.023117829342993,31.0705002784729,32.818026001873825,29.32297455507197,31.4399995803833,30.089999198913574,28.99749994277954,31.43000030517578,32.099998474121094
2019-07-08,32.54999923706055,32.84000015258789,32.220001220703125,32.369998931884766,828300,0,0,-0.011603086049320144,1.0112465051305326,31.15500020980835,32.98135650611257,29.328643913504134,31.47000026702881,30.119999885559082,28.99749994277954,31.43000030517578,33.02000045776367
2019-07-09,32.15999984741211,32.5,31.649999618530277,32.060001373291016,1243900,0,0,-0.00957669350703616,1.001562107290836,31.256000232696532,33.04724521180578,29.46475525358728,31.545000076293945,30.19499969482422,28.99749994277954,31.43000030517578,31.18000030517578
2019-07-10,32.25,33.040000915527344,32.09000015258789,32.619998931884766,1911500,0,0,0.017467172008928333,1.0190565648965098,31.40250015258789,33.13515749347207,29.66984281170371,31.95500087738037,30.695000648498535,28.99749994277954,31.43000030517578,30.75
2019-07-11,33.20000076293945,33.77000045776367,33.0,33.650001525878906,2415500,0,0,0.031575800972432067,1.0512340921693322,31.587500190734865,33.447189587529465,29.727810793940268,32.35000038146973,31.329999923706055,28.99749994277954,31.43000030517578,31.020000457763672
2019-07-12,33.72999954223633,34.40999984741211,33.72999954223633,34.11000061035156,2753300,0,0,0.013670105902339635,1.0656045735374369,31.791000175476075,33.8141960428022,29.767804308149948,33.00500011444092,31.84000015258789,29.010000228881836,31.43000030517578,30.93000030517578
2019-07-15,34.27000045776367,34.7400016784668,33.959999084472656,34.2599983215332,2029400,0,0,0.0043974701992857135,1.0702905378937904,31.95900011062622,34.20649035633101,29.71150986492143,33.195000648498535,32.17000102996826,29.18250036239624,31.43000030517578,30.399999618530277
2019-07-16,34.349998474121094,34.81999969482422,33.91999816894531,34.560001373291016,2751100,0,0,0.008756656930985818,1.0796627049506065,32.144000148773195,34.60092159316667,29.687078704379722,33.234999656677246,32.21000003814697,29.34500026702881,31.43000030517578,31.100000381469727
2019-07-17,34.40999984741211,34.900001525878906,34.20000076293945,34.43000030517578,2315800,0,0,-0.0037616048307134164,1.0756014405041232,32.28650016784668,34.92214698318212,29.65085335251125,33.27500057220459,32.250000953674316,29.380000114440918,31.43000030517578,31.09000015258789
2019-07-18,34.220001220703125,34.91999816894531,34.130001068115234,34.84000015258789,5567500,0,0,0.011908215038571424,1.0884099337534434,32.4725001335144,35.274278219506286,29.670722047522514,33.28499889373779,32.26499938964844,29.244999885559082,31.43000030517578,29.190000534057617
2019-07-19,39.52000045776367,40.5,38.52000045776367,39.0099983215332,15680900,0,0,0.11968995840074848,1.2186816734473545,32.844000053405765,36.81541856644352,28.87258154036801,36.07499980926514,35.1850004196167,29.144999980926514,31.43000030517578,29.700000762939453
2019-07-22,39.25,40.25,38.68000030517578,39.630001068115234,4799600,0,0,0.015893431767716626,1.2380507074708567,33.25850009918213,38.150415001203946,28.366585197160315,36.295000076293945,35.1850004196167,29.182499885559082,31.43000030517578,29.82999992370605
2019-07-23,39.79999923706055,40.09999847412109,39.31999969482422,39.70000076293945,3573600,0,0,0.001766330884117373,1.2402375146715658,33.70900011062622,39.201330649246756,28.216669572005685,36.75,35.30000019073486,29.382500171661377,31.43000030517578,30.290000915527344
2019-07-24,39.650001525878906,40.04999923706055,39.04999923706055,39.540000915527344,1960600,0,0,-0.004030222779276893,1.2352390811882228,34.18050012588501,39.97034890566084,28.39065134610918,37.114999771118164,35.30000019073486,29.702500343322754,31.43000030517578,31.299999237060547
2019-07-25,39.540000915527344,40.0,39.33000183105469,39.470001220703125,1746800,0,0,-0.0017703513708501317,1.2330522739875136,34.619000148773196,40.61504259009254,28.62295770745385,37.209999084472656,35.30000019073486,30.02750015258789,31.43000030517578,31.65999984741211
2019-07-26,39.5,39.5,38.54999923706055,39.11000061035156,1783400,0,0,-0.009120866461051258,1.221805768856978,35.02800016403198,41.07800120269569,28.97799912536827,37.209999084472656,35.30000019073486,30.125,31.43000030517578,31.299999237060547
2019-07-29,39.11000061035156,39.52999877929688,38.75,39.47999954223633,2436200,0,0,0.009460468578638581,1.2333646239424487,35.42750015258789,41.54580731487511,29.309192990300666,37.31500053405762,35.30000019073486,30.170000076293945,31.43000030517578,31.739999771118164
2019-07-30,39.09999847412109,39.22999954223633,37.959999084472656,38.18999862670898,2256400,0,0,-0.03267479560498188,1.1930646869487138,35.72750015258789,41.76848498763455,29.686515317541236,37.31500053405762,35.30000019073486,30.170000076293945,31.43000030517578,33.91999816894531
2019-07-31,38.34000015258789,38.70000076293945,37.84999847412109,37.93999862670898,1779500,0,0,-0.006546216522384407,1.1852546271827367,36.014500045776366,41.89958868310053,30.129411408452196,39.17499923706055,35.30000019073486,30.172500133514404,31.43000030517578,34.7400016784668
2019-08-01,37.900001525878906,38.18999862670898,35.40999984741211,35.630001068115234,4162800,0,0,-0.060885546710788496,1.113089751215224,36.16750011444092,41.839413810427494,30.495586418454348,37.829999923706055,35.375,30.237500190734863,31.43000030517578,36.060001373291016
2019-08-02,35.5,35.54999923706055,34.619998931884766,34.95000076293945,2133500,0,0,-0.019085048689047146,1.0918463791180022,36.27750015258789,41.76019552508163,30.79480478009415,37.35999870300293,35.6850004196167,30.237500190734863,31.43000030517578,35.77000045776367
2019-08-05,33.880001068115234,34.0,32.9900016784668,33.349998474121094,2954800,0,0,-0.04577974975368193,1.0418619251125163,36.32650012969971,41.683356831599156,30.96964342780026,36.52000045776367,35.71500015258789,30.295000076293945,31.43000030517578,36.47999954223633
2019-08-06,33.790000915527344,34.0,32.81999969482422,33.560001373291016,1671000,0,0,0.006296938793951767,1.0484224658866985,36.401500129699706,41.553215408185814,31.249784851213597,36.40999984741211,36.05000019073486,30.295000076293945,31.43000030517578,36.66999816894531
2019-08-07,33.20000076293945,33.91999816894531,32.779998779296875,33.779998779296875,2405600,0,0,0.0065553455602938016,1.0552952374437612,36.45950012207031,41.46198034034817,31.45701990379245,36.154998779296875,36.07499980926514,30.684999465942383,31.43000030517578,36.869998931884766
2019-08-08,34.20000076293945,34.689998626708984,34.029998779296875,34.43000030517578,2648400,0,0,0.01924220098780105,1.0756014405041232,36.49850006103516,41.42348850782953,31.573511614240783,36.154998779296875,36.07499980926514,30.684999465942383,29.94499969482422,36.09000015258789
2019-08-09,34.290000915527344,34.40999984741211,33.849998474121094,33.939998626708984,1688800,0,0,-0.014231823239139962,1.0602936709271042,36.48999996185303,41.43219182078016,31.547808102925902,36.0049991607666,36.07499980926514,30.684999465942383,29.94499969482422,35.279998779296875
2019-08-12,33.54999923706055,33.63999938964844,32.099998474121094,32.099998474121094,2918900,0,0,-0.05421332430873782,1.002811626282631,36.38199996948242,41.603995995971474,31.160003942993374,35.39999961853027,36.07499980926514,30.764999389648438,29.989999771118164,34.54999923706055
2019-08-13,31.979999542236328,33.68000030517578,31.59000015258789,33.02000045776367,2967300,0,0,0.028660499295172226,1.0315527081908948,36.304999923706056,41.67709621579437,30.93290363161774,34.88999938964844,36.045000076293945,30.795000076293945,30.020000457763672,35.41999816894531
2019-08-14,32.18000030517578,32.2599983215332,31.15999984741211,31.18000030517578,1935100,0,0,-0.055723807603862974,0.9740706635464216,36.142499923706055,41.91765769476788,30.367342152644227,33.35499954223633,35.829999923706055,30.869999885559082,30.020000457763672,35.619998931884766
2019-08-15,31.190000534057617,31.190000534057617,30.530000686645508,30.75,1746300,0,0,-0.013790901249747689,0.9606373512151767,35.93799991607666,42.16052338394061,29.71547644821272,32.609999656677246,35.515000343322754,31.325000762939453,30.1200008392334,35.63999938964844
2019-08-16,31.049999237060547,31.31999969482422,30.8799991607666,31.020000457763672,1742000,0,0,0.008780502691501546,0.9690722300630784,35.538500022888186,41.94604334896203,29.130956696814344,32.609999656677246,35.515000343322754,31.84000015258789,30.485000610351562,35.4900016784668
2019-08-19,31.649999618530277,31.739999771118164,30.530000686645508,30.93000030517578,1793800,0,0,-0.00290135884138476,0.9662606037804444,35.10349998474121,41.52228889359496,28.684711075887463,32.609999656677246,35.515000343322754,32.422500133514404,30.80500030517578,35.91999816894531
2019-08-20,30.790000915527344,30.799999237060547,30.07999992370605,30.399999618530277,1839000,0,0,-0.01713548921487773,0.9497032556256034,34.638499927520755,41.00463536887153,28.272364486169977,32.38499927520752,35.28999996185303,32.6825008392334,30.970001220703125,36.27999877929688
2019-08-21,30.770000457763672,31.270000457763672,30.63999938964844,31.100000381469727,1573700,0,0,0.0230263411751086,0.9715714468047499,34.21649990081787,40.33872273748426,28.09427706415148,32.24499988555908,35.28999996185303,32.72249984741211,31.010000228881836,36.52999877929688
2019-08-22,31.190000534057617,31.3799991607666,30.959999084472656,31.09000015258789,1451800,0,0,-0.00032155076396056526,0.9712590372637876,33.79749984741211,39.55664906292496,28.038350631899263,31.880000114440918,35.28999996185303,32.76250076293945,31.05000114440918,37.34999847412109
2019-08-23,31.0,31.1200008392334,29.01000022888184,29.190000534057617,2639800,0,0,-0.06111288546816296,0.9119025949595675,33.30149984359741,38.847573007430356,27.75542667976447,31.34500026702881,34.75500011444092,32.774999141693115,31.059999465942383,36.56999969482422
2019-08-26,29.6299991607666,29.790000915527344,29.07999992370605,29.700000762939453,1192800,0,0,0.01747174441764021,0.9278351240324839,32.81249990463257,37.78202490956388,27.842974899701254,30.63499927520752,34.63000011444092,35.63000011444092,33.85000038146973,35.4900016784668
2019-08-27,29.93000030517578,30.270000457763672,29.65999984741211,29.82999992370605,1112700,0,0,0.004377076007648251,0.9318963288929398,32.394499969482425,36.86007457951543,27.928925359449423,30.375,34.554999351501465,35.74000024795532,33.85000038146973,36.52000045776367
2019-08-28,29.65999984741211,30.34000015258789,29.530000686645508,30.290000915527344,1760900,0,0,0.015420750687153983,0.9462668698470719,32.01200008392334,35.757312159733694,28.266688008112986,30.375,34.52999973297119,36.02500009536743,33.85000038146973,36.650001525878906
2019-08-29,30.75,31.440000534057617,30.75,31.299999237060547,2139700,0,0,0.03334428164429193,0.9778194588659151,31.795499992370605,35.156106124317716,28.43489386042349,30.375,34.50500011444092,36.207499980926514,33.85000038146973,36.54999923706055
2019-08-30,31.63999938964844,31.940000534057617,31.350000381469727,31.65999984741211,1688300,0,0,0.011501617224491945,0.9890659639964507,31.630999946594237,34.660190864117546,28.60180902907093,30.475000381469727,34.26999950408936,36.25499963760376,33.85000038146973,35.56999969482422
2019-09-03,31.34000015258789,31.739999771118164,31.049999237060547,31.299999237060547,2516900,0,0,-0.011370834241522854,0.9778194588659151,31.52849998474121,34.45394076749114,28.603059201991282,30.475000381469727,34.26999950408936,36.25499963760376,33.88000011444092,35.900001525878906
2019-09-04,31.88999938964844,32.150001525878906,30.979999542236328,31.739999771118164,3690400,0,0,0.014057525392417114,0.9915651807381223,31.437499904632567,34.21226582881188,28.662733980453254,30.58000087738037,34.11999988555908,36.30750036239624,33.88000011444092,35.869998931884766
2019-09-05,32.18000030517578,34.04999923706055,32.18000030517578,33.91999816894531,2242900,0,0,0.06868299979670578,1.0596688518451793,31.44449987411499,34.24373300179147,28.645266746438512,31.52999973297119,33.855000495910645,36.30750036239624,33.88000011444092,36.560001373291016
2019-09-06,34.06999969482422,34.790000915527344,34.06999969482422,34.7400016784668,4036500,0,0,0.024174633071537777,1.0852859575158742,31.45999994277954,34.32852249006503,28.591477395494046,31.9350004196167,33.59999942779541,37.237499713897705,33.88000011444092,36.66999816894531
2019-09-09,34.84000015258789,36.150001525878906,34.779998779296875,36.060001373291016,4546900,0,0,0.03799653514819501,1.1265230635464687,31.566000080108644,34.91529441967181,28.216705740545482,32.84000110626221,32.58000087738037,36.60249996185303,33.88000011444092,36.68999862670898
2019-09-10,35.88999938964844,36.34999847412109,35.689998626708984,35.77000045776367,3650300,0,0,-0.008042177051666544,1.1174633656166422,31.74950017929077,35.57015110552323,27.928849253058313,32.9399995803833,32.679999351501465,36.522499561309814,33.88000011444092,37.220001220703125
2019-09-11,35.900001525878906,36.52999877929688,35.2599983215332,36.47999954223633,1724900,0,0,0.019849009655759087,1.139643906750724,31.922500133514404,36.24390021642438,27.601100050604433,33.63999938964844,32.76999950408936,36.11750030517578,33.88000011444092,37.13999938964844
2019-09-12,36.58000183105469,36.869998931884766,36.02000045776367,36.66999816894531,1231800,0,0,0.005208295753650116,1.145579509270927,32.19700002670288,36.97354957517955,27.42045047822622,33.92499923706055,32.9399995803833,36.230000019073486,33.88000011444092,37.18999862670898
2019-09-13,36.83000183105469,37.29999923706055,36.79999923706055,36.869998931884766,1473100,0,0,0.005454070709739689,1.1518275809181195,32.50299997329712,37.64387834253381,27.36212160406043,34.13999938964844,33.15499973297119,36.114999294281006,33.88000011444092,37.5
2019-09-16,36.540000915527344,37.0099983215332,35.95000076293945,36.09000015258789,1472100,0,0,-0.021155378407736847,1.1274602325833285,32.75649995803833,38.0786780561388,27.43432185993787,34.13999938964844,33.15499973297119,36.114999294281006,33.88000011444092,38.0
2019-09-17,35.939998626708984,36.0,35.08000183105469,35.279998779296875,2353200,0,0,-0.02244392823126473,1.1021555960396232,32.97399988174438,38.335651749835094,27.612348013653673,34.739999771118164,33.15499973297119,36.03999948501587,33.88000011444092,36.720001220703125
2019-09-18,35.20000076293945,35.33000183105469,34.099998474121094,34.54999923706055,2215300,0,0,-0.020691597718101695,1.0793502358236167,33.1814998626709,38.44797795985265,27.915021765489143,35.68499946594238,33.15499973297119,35.737499713897705,33.94999980926514,37.52000045776367
2019-09-19,34.619998931884766,35.540000915527344,34.59000015258789,35.41999816894531,1772000,0,0,0.025180866891352904,1.1065292104410416,33.39749975204468,38.659082840033896,28.13591666405546,35.69999885559082,33.15499973297119,35.46749973297119,33.94999980926514,37.88999938964844
2019-09-20,35.70000076293945,36.150001525878906,35.470001220703125,35.619998931884766,2348800,0,0,0.005646549217351637,1.1127772820882342,33.62399969100952,38.85840011368419,28.389599268334855,35.69999885559082,33.15499973297119,34.59249973297119,34.02499961853027,38.459999084472656
2019-09-23,35.709999084472656,36.29999923706055,35.40999984741211,35.63999938964844,1639400,0,0,0.000561495181454541,1.113402101170159,33.94649963378906,38.82758584185676,29.06541342572136,35.69999885559082,33.15499973297119,34.0625,34.42500019073486,38.27000045776367
2019-09-24,35.869998931884766,36.56999969482422,35.15999984741211,35.4900016784668,1706500,0,0,-0.004208690060337306,1.1087161368138054,34.23599967956543,38.743965362507794,29.728033996623072,35.69999885559082,33.15499973297119,34.0625,34.69499969482422,38.52000045776367
2019-09-25,35.86000061035156,36.34999847412109,35.65999984741211,35.91999816894531,1006700,0,0,0.012115989578535658,1.1221493299729959,34.54049959182739,38.614210699469346,30.466788484185436,35.69999885559082,33.15499973297119,34.0625,34.885000228881836,37.369998931884766
2019-09-26,36.27000045776367,36.34999847412109,35.86000061035156,36.27999877929688,940000,0,0,0.010022289217787472,1.1333958351035316,34.839999485015866,38.4719804309065,31.208018539125234,35.55499839782715,33.15499973297119,33.83749961853027,35.05000019073486,37.77000045776367
2019-09-27,36.380001068115234,36.810001373291016,36.25,36.52999877929688,1362700,0,0,0.006890849184445491,1.1412058948695087,35.101499462127684,38.41185852529793,31.791140398957438,35.454999923706055,33.15499973297119,33.767499923706055,35.05000019073486,37.790000915527344
2019-09-30,36.59000015258789,37.5,36.54999923706055,37.34999847412109,1619800,0,0,0.022447295982088278,1.1668228813681485,35.38599939346314,38.428806497508056,32.34319228941822,35.79999923706055,33.25500011444092,33.58500003814697,35.05000019073486,39.310001373291016
2019-10-01,37.400001525878906,37.5,36.45000076293945,36.56999969482422,1818000,0,0,-0.02088350230689595,1.1424555330333577,35.64949941635132,38.07554820078689,33.223450631915746,36.045000076293945,33.28999996185303,33.05000019073486,34.75500011444092,38.81999969482422
2019-10-02,36.16999816894531,36.16999816894531,35.33000183105469,35.4900016784668,1850800,0,0,-0.02953234961361717,1.1087161368138052,35.83699951171875,37.467456462863666,34.20654256057384,36.329999923706055,33.515000343322754,32.63249969482422,34.75500011444092,39.34000015258789
2019-10-03,35.5,36.54999923706055,35.22999954223633,36.52000045776367,1957200,0,0,0.029022224023218746,1.1408935449145732,35.96699962615967,37.360320917219184,34.573678335100155,36.329999923706055,33.515000343322754,32.46499967575073,34.75500011444092,39.52999877929688
2019-10-04,36.45000076293945,36.810001373291016,35.900001525878906,36.650001525878906,988600,0,0,0.0035597225215149297,1.1449548093610566,36.062499618530275,37.36418408387217,34.76081515318838,36.329999923706055,34.125,32.452499866485596,34.75500011444092,39.880001068115234
2019-10-07,36.5,36.86000061035156,36.38999938964844,36.54999923706055,862300,0,0,-0.0027285752975412247,1.141830713951433,36.08699951171875,37.40609216913085,34.76790685430665,36.364999771118164,34.239999771118164,32.44000005722046,34.75500011444092,39.459999084472656
2019-10-08,36.02000045776367,36.130001068115234,35.29999923706055,35.56999969482422,1896900,0,0,-0.026812573534683914,1.1112152939694495,36.076999473571775,37.408662472985405,34.745336474158144,36.364999771118164,34.239999771118164,32.37249994277954,34.75500011444092,39.22999954223633
2019-10-09,35.91999816894531,36.09999847412109,35.29999923706055,35.900001525878906,1469700,0,0,0.009277532580431957,1.1215246300631254,36.04799957275391,37.368386783396474,34.727612362111344,36.364999771118164,34.239999771118164,32.37249994277954,34.75500011444092,40.02000045776367
2019-10-10,35.88999938964844,36.02000045776367,35.31999969482422,35.869998931884766,1277000,0,0,-0.0008357268166830911,1.1205873418542112,36.00799961090088,37.29840072426789,34.71759849753387,36.364999771118164,34.84000015258789,32.35000038146973,34.75500011444092,40.470001220703125
2019-10-11,36.4900016784668,37.2599983215332,36.34999847412109,36.560001373291016,1553100,0,0,0.019236199106571705,1.1421431830784228,35.99249973297119,37.24770347119439,34.73729599474799,36.364999771118164,35.78499984741211,32.69250011444092,34.75500011444092,41.02000045776367
2019-10-14,36.38999938964844,36.869998931884766,36.09000015258789,36.66999816894531,1384500,0,0,0.0030086649759990536,1.1455795092709269,36.02149963378906,37.31108070690951,34.73191856066862,36.244998931884766,35.79999923706055,32.767499923706055,34.75500011444092,40.720001220703125
2019-10-15,36.880001068115234,37.040000915527344,36.560001373291016,36.68999862670898,2186500,0,0,0.0005454174737484774,1.1462043283528514,36.09199962615967,37.36561998281409,34.81837926950525,36.244998931884766,35.79999923706055,32.71000099182129,34.75500011444092,39.90999984741211
2019-10-16,36.59000015258789,37.47999954223633,36.52999877929688,37.220001220703125,2255900,0,0,0.01444542419819883,1.16276173609372,36.2254997253418,37.377256454491196,35.0737429961924,36.38999938964844,35.79999923706055,32.80999946594238,34.75500011444092,39.400001525878906
2019-10-17,37.58000183105469,38.209999084472656,36.91999816894531,37.13999938964844,1996900,0,0,-0.0021494311776161235,1.160262459766021,36.311499786376956,37.46672336004822,35.15627621270569,36.7549991607666,36.154998779296875,33.2049994468689,34.75500011444092,39.88999938964844
2019-10-18,36.540000915527344,37.470001220703125,36.5,37.18999862670898,2354400,0,0,0.001346236884281593,1.1618244478848052,36.38999977111816,37.56003516795008,35.21996437428624,36.7549991607666,36.154998779296875,33.432499408721924,34.75500011444092,40.58000183105469
2019-10-21,37.560001373291016,37.869998931884766,37.310001373291016,37.5,1489400,0,0,0.008335611313208924,1.1715089648965564,36.48299980163574,37.69518548475088,35.270814118520605,36.7549991607666,36.154998779296875,33.647499561309814,34.75500011444092,40.90999984741211
2019-10-22,37.93000030517578,38.33000183105469,37.27000045776367,38.0,3399100,0,0,0.01333333333333342,1.1871290844285105,36.608499717712405,37.901415832185414,35.315583603239396,36.82500076293945,36.21500015258789,33.647499561309814,34.75500011444092,40.84999847412109
2019-10-23,36.709999084472656,38.34999847412109,35.81999969482422,36.720001220703125,4423400,0,0,-0.033684178402549336,1.1471416165617656,36.64849987030029,37.90222669144517,35.39477304915541,37.084999084472656,36.224998474121094,33.94749975204468,34.75500011444092,40.220001220703125
2019-10-24,36.61000061035156,37.810001373291016,36.470001220703125,37.52000045776367,1968800,0,0,0.021786470873249808,1.1721337839784811,36.710499954223636,38.00757213271753,35.413427775729744,37.084999084472656,36.46999931335449,34.41999959945679,34.75500011444092,39.66999816894531
2019-10-25,37.2599983215332,38.27999877929688,36.88999938964844,37.88999938964844,1537900,0,0,0.00986137866126291,1.183692639063952,36.77849998474121,38.17076435920404,35.386235610278376,37.084999084472656,36.7549991607666,34.427499294281006,34.75500011444092,38.97999954223633
2019-10-28,38.02000045776367,38.93000030517578,38.02000045776367,38.459999084472656,1660600,0,0,0.01504353929812785,1.2014995657966152,36.83400001525879,38.39335418625588,35.2746458442617,37.375,37.045000076293945,34.427499294281006,34.75500011444092,40.2599983215332
2019-10-29,38.459999084472656,38.790000915527344,38.209999084472656,38.27000045776367,992000,0,0,-0.004940162018508554,1.1955639632764123,36.91900005340576,38.59387663260561,35.244123474205914,37.375,37.045000076293945,34.427499294281006,34.75500011444092,40.43999862670898
2019-10-30,38.310001373291016,38.65999984741211,38.15999984741211,38.52000045776367,861400,0,0,0.00653253193126857,1.2033740230423895,37.07049999237061,38.749121995780946,35.39187798896027,37.375,37.079999923706055,34.427499294281006,34.75500011444092,39.7400016784668
2019-10-31,38.310001373291016,38.33000183105469,37.2400016784668,37.369998931884766,1513400,0,0,-0.0298546602339701,1.1674477004500732,37.11299991607666,38.77652948081978,35.44947035133354,37.375,37.079999923706055,34.427499294281006,34.75500011444092,40.54999923706055
2019-11-01,37.29999923706055,38.18000030517578,37.13999938964844,37.77000045776367,1116800,0,0,0.010703814217602803,1.1799438437444583,37.1689998626709,38.84189600030982,35.49610372503198,37.375,37.079999923706055,34.35499906539917,34.75500011444092,40.45000076293945
2019-11-04,38.119998931884766,38.459999084472656,37.5099983215332,37.790000915527344,943800,0,0,0.0005295328970418289,1.180568662826383,37.23099994659424,38.89939398164689,35.56260591154159,37.375,37.079999923706055,34.30499982833862,34.75500011444092,40.75
2019-11-05,38.119998931884766,39.34000015258789,38.0,39.310001373291016,2163600,0,0,0.04022229216562745,1.2280538405041699,37.418000030517575,39.13794745224092,35.69805260879423,37.90500068664551,37.28499984741211,34.52749967575073,34.75500011444092,41.63999938964844
2019-11-06,39.29999923706055,39.34999847412109,38.66999816894531,38.81999969482422,1186300,0,0,-0.012465063885744976,1.212746070927151,37.56399993896484,39.23837651974195,35.889623358187734,38.119998931884766,37.28999900817871,34.667500019073486,34.75500011444092,41.61000061035156
2019-11-07,39.369998931884766,39.72999954223633,39.09999847412109,39.34000015258789,1052000,0,0,0.013395169032755172,1.22899100954103,37.7375,39.39259520672361,36.08240479327638,38.43499946594238,37.47999954223633,34.922500133514404,34.63000011444092,41.650001525878906
2019-11-08,39.25,39.58000183105469,38.97999954223633,39.52999877929688,907400,0,0,0.004829654956076457,1.2349266120612332,37.885999870300296,39.623663415092985,36.14833632550761,38.43499946594238,37.51499938964844,34.922500133514404,34.554999351501465,41.400001525878906
2019-11-11,39.06999969482422,39.970001220703125,39.0,39.880001068115234,1275300,0,0,0.0088540930844061,1.2458607672368336,38.046500015258786,39.89589166009078,36.19710837042679,38.55500030517578,37.635000228881836,35.22749996185303,34.52999973297119,43.08000183105469
2019-11-12,39.93000030517578,40.16999816894531,39.34000015258789,39.459999084472656,920500,0,0,-0.010531644242566918,1.2327398048605238,38.185000038146974,40.022009252060165,36.34799082423378,38.654998779296875,37.73499870300293,35.302499771118164,34.50500011444092,43.02999877929688
2019-11-13,39.25,39.45000076293945,38.90999984741211,39.22999954223633,922100,0,0,-0.005828675812788675,1.2255545641764714,38.28549995422363,40.12024025052047,36.450759657926795,38.654998779296875,37.73499870300293,35.302499771118164,34.26999950408936,44.209999084472656
2019-11-14,39.209999084472656,40.04999923706055,39.16999816894531,40.02000045776367,803500,0,0,0.020137673330248296,1.250234381638252,38.42950000762939,40.33354780476905,36.52545221048974,38.83999824523926,37.744998931884766,35.302499771118164,34.26999950408936,43.959999084472656
2019-11-15,40.09000015258789,40.47999954223633,39.88999938964844,40.470001220703125,1198200,0,0,0.011244396746431295,1.2642925130514218,38.5935001373291,40.605425769477186,36.58157450518102,39.239999771118164,38.14999961853027,35.60249996185303,34.11999988555908,43.22999954223633
2019-11-18,40.47999954223633,41.310001373291016,40.16999816894531,41.02000045776367,2468000,0,0,0.013590294550798854,1.2814746207021603,38.769500160217284,40.97660004660974,36.56240027382483,39.989999771118164,38.56500053405762,36.07499980926514,33.855000495910645,43.38999938964844
2019-11-19,41.04999923706055,41.2599983215332,40.47999954223633,40.720001220703125,906600,0,0,-0.007313486926199375,1.2721025728173987,38.90550022125244,41.239165576005476,36.5718348664994,40.11000061035156,38.56500053405762,36.022499084472656,33.59999942779541,43.68999862670898
2019-11-20,40.77999877929688,40.959999084472656,39.68000030517578,39.90999984741211,1254800,0,0,-0.01989197811907706,1.2467979362736934,39.06500015258789,41.20541908157347,36.92458122360232,40.11000061035156,38.56500053405762,36.022499084472656,33.25500011444092,43.4900016784668
2019-11-21,39.97999954223633,40.0,39.38999938964844,39.400001525878906,1026800,0,0,-0.012778710184993214,1.2308654667868042,39.15900020599365,41.18031710077582,37.13768331121148,40.11000061035156,38.56500053405762,36.09499931335449,33.25500011444092,43.18999862670898
2019-11-22,39.5,40.09000015258789,39.369998931884766,39.88999938964844,626900,0,0,0.012436493522663739,1.2461731171917687,39.25900020599365,41.21545811775284,37.30254229423446,40.11000061035156,38.56500053405762,36.45499897003174,33.609999656677246,42.59999847412109
2019-11-25,40.2599983215332,40.810001373291016,40.040000915527344,40.58000183105469,720600,0,0,0.017297629780994805,1.26772895841598,39.365000343322755,41.36651049545974,37.36349019118577,40.11000061035156,38.56500053405762,36.45499897003174,33.609999656677246,43.040000915527344
2019-11-26,40.54999923706055,40.95000076293945,40.15999984741211,40.90999984741211,625500,0,0,0.00813203552161701,1.2780381753376013,39.49700031280518,41.54047401449066,37.45352661111969,40.239999771118164,38.56500053405762,36.45499897003174,33.609999656677246,43.880001068115234
2019-11-27,41.150001525878906,41.25,40.61000061035156,40.84999847412109,679600,0,0,-0.0014666676488589436,1.276163718091827,39.61350021362305,41.686670430134946,37.54032999711115,40.34000015258789,38.56500053405762,36.52000045776367,33.67000102996826,43.31999969482422
2019-11-29,40.79999923706055,40.9900016784668,40.13999938964844,40.220001220703125,379700,0,0,-0.01542220996206578,1.2564824532854444,39.75600032806396,41.56503725939213,37.946963396735796,40.34000015258789,38.89000129699707,36.654998779296875,33.679999351501465,42.720001220703125
2019-12-02,40.45000076293945,40.45000076293945,39.47999954223633,39.66999816894531,751200,0,0,-0.013674864123939923,1.2393002264626511,39.851000213623045,41.41309501423071,38.28890541301538,40.314998626708984,39.10000038146973,36.777499198913574,33.679999351501465,42.83000183105469
2019-12-03,39.0,39.20000076293945,38.540000915527344,38.97999954223633,1245000,0,0,-0.017393462529805004,1.2177445044104942,39.9105001449585,41.22212880660696,38.598871483310035,39.89500045776367,39.22500038146973,36.91999912261963,33.679999351501465,42.56999969482422
2019-12-04,39.63999938964844,40.310001373291016,39.63999938964844,40.2599983215332,1387100,0,0,0.03283732155794272,1.257731972277239,39.9579999923706,41.247586734410895,38.66841325033031,39.89500045776367,39.22500038146973,37.21000003814697,33.97000026702881,42.27000045776367
2019-12-05,40.47999954223633,40.65999984741211,40.06999969482422,40.43999862670898,1583700,0,0,0.004470946663688746,1.2633552248425066,40.03899993896484,41.231321832127016,38.84667804580267,39.89500045776367,39.22500038146973,37.21000003814697,33.97000026702881,42.43000030517578
2019-12-06,40.7599983215332,41.0,39.619998931884766,39.7400016784668,1568800,0,0,-0.017309519584895905,1.2414871528354148,40.05900001525879,41.21628121745229,38.90171881306529,39.89500045776367,39.22500038146973,37.22749996185303,33.97000026702881,42.38999938964844
2019-12-09,39.79999923706055,40.560001373291016,39.619998931884766,40.54999923706055,1891100,0,0,0.020382423864683696,1.2667916702070656,40.11000003814697,41.25932357492183,38.96067650137211,39.89500045776367,39.22500038146973,37.22749996185303,33.97000026702881,42.97999954223633
2019-12-10,40.52999877929688,41.209999084472656,40.220001220703125,40.45000076293945,3086000,0,0,-0.0024660536622082008,1.2636676939694966,40.13850002288818,41.29190259924517,38.98509744653119,39.89500045776367,39.40999984741211,37.22749996185303,33.97000026702881,41.900001525878906
2019-12-11,40.2400016784668,40.900001525878906,40.06999969482422,40.75,1373700,0,0,0.0074165446576557326,1.2730397418542583,40.20300006866455,41.34143706945347,39.06456306787563,39.875,39.65500068664551,37.22749996185303,33.97000026702881,41.209999084472656
2019-12-12,40.75,41.70000076293945,40.31999969482422,41.63999938964844,1618300,0,0,0.021840475819593586,1.3008435355536079,40.323500061035155,41.533218099855716,39.11378202221459,40.1200008392334,40.1200008392334,37.59500026702881,34.17500019073486,41.2599983215332
2019-12-13,42.18000030517578,42.220001220703125,41.560001373291016,41.61000061035156,1837200,0,0,-0.00072043179002379,1.299906366516748,40.403000068664554,41.72734004928453,39.07866008804458,40.380001068115234,40.380001068115234,37.70499897003174,34.21499919891357,40.59000015258789
2019-12-16,41.650001525878906,41.95000076293945,41.209999084472656,41.650001525878906,1164000,0,0,0.0009613293665127198,1.3011560046805974,40.46200008392334,41.89493395265899,39.0290662151877,40.920000076293945,40.380001068115234,37.957499504089355,34.63000011444092,39.4900016784668
2019-12-17,41.77999877929688,41.970001220703125,41.380001068115234,41.400001525878906,858100,0,0,-0.00600240074048175,1.2933459449146203,40.481000137329104,41.952999047163416,39.00900122749479,40.920000076293945,40.380001068115234,37.97499942779541,34.63000011444092,38.09999847412109
2019-12-18,42.0,43.16999816894531,41.93999862670898,43.08000183105469,2088200,0,0,0.04057971602067756,1.3458295560757505,40.59900016784668,42.460364480997725,38.73763585469564,41.39499855041504,40.85499954223633,38.09500026702881,35.36000061035156,38.38999938964844
2019-12-19,42.91999816894531,43.06999969482422,42.43999862670898,43.02999877929688,1019300,0,0,-0.0011607021734563183,1.3442674487849116,40.75500011444092,42.868095932379106,38.64190429650273,41.39499855041504,40.85499954223633,38.1949987411499,35.57499885559082,38.56999969482422
2019-12-20,43.09000015258789,44.310001373291016,43.08000183105469,44.209999084472656,3630200,0,0,0.027422736199181896,1.3811309404140875,40.995499992370604,43.5002146641798,38.49078532056141,42.19000053405762,41.42500114440918,38.1949987411499,35.57499885559082,38.68000030517578
2019-12-23,44.38999938964844,44.4900016784668,43.81999969482422,43.959999084472656,899500,0,0,-0.005654829341261047,1.3733208806481103,41.19899997711182,43.96231748988005,38.435682464343586,42.28000068664551,41.51500129699707,38.29249858856201,35.57499885559082,37.38999938964844
2019-12-24,43.83000183105469,43.93000030517578,43.220001220703125,43.22999954223633,630100,0,0,-0.016605995392164896,1.350515520432104,41.331499862670896,44.21619788839065,38.44680183695114,42.40500068664551,41.51500129699707,38.69499969482422,36.329999923706055,37.90999984741211
2019-12-26,43.38999938964844,43.7599983215332,43.130001068115234,43.38999938964844,931600,0,0,0.0037011299816411825,1.355513953915447,41.45549983978272,44.4688278599177,38.44217181964773,42.85000038146973,41.51500129699707,39.27750015258789,37.69000053405762,38.16999816894531
2019-12-27,43.58000183105469,43.970001220703125,43.119998931884766,43.68999862670898,1029300,0,0,0.006914018006004108,1.3648860018002082,41.59749984741211,44.74932576903211,38.44567392579211,42.85000038146973,41.51500129699707,39.33750057220459,37.704999923706055,38.119998931884766
2019-12-30,43.66999816894531,43.86000061035156,43.040000915527344,43.4900016784668,861600,0,0,-0.004577636862636902,1.3586380493250705,41.760999870300296,44.94948013026432,38.57251961033627,42.935001373291016,41.51500129699707,39.33750057220459,37.704999923706055,37.970001220703125
2019-12-31,43.47999954223633,43.70000076293945,43.119998931884766,43.18999862670898,984100,0,0,-0.006898207408126189,1.3492658822682542,41.93699989318847,45.03054054372075,38.843459242656195,43.21500015258789,41.51500129699707,39.33750057220459,37.704999923706055,39.5099983215332
2020-01-02,43.40999984741211,43.40999984741211,42.18999862670898,42.59999847412109,1530600,0,0,-0.013660573543594179,1.3308341364536662,42.11799983978271,44.903404019626876,39.33259565993855,43.34000015258789,41.51500129699707,39.33750057220459,37.704999923706055,38.0
2020-01-03,42.0,43.15999984741211,41.81999969482422,43.040000915527344,1146600,0,0,0.010328696177619667,1.344579917911901,42.256999969482415,44.931739642337504,39.582260296627325,43.15500068664551,41.51500129699707,39.33750057220459,37.704999923706055,38.33000183105469
2020-01-06,42.68000030517578,43.91999816894531,42.54999923706055,43.880001068115234,1560700,0,0,0.01951673175464186,1.3708217234924658,42.42900009155274,45.05572185969238,39.80227832341309,43.15500068664551,41.51500129699707,39.40250015258789,37.704999923706055,39.2599983215332
2020-01-07,43.650001525878906,44.290000915527344,43.15999984741211,43.31999969482422,1439700,0,0,-0.012762109381486142,1.3533271467147376,42.60799999237061,44.94651247322563,40.269487511515585,43.05500030517578,41.51500129699707,39.452500343322754,37.704999923706055,38.7599983215332
2020-01-08,43.25,43.43000030517578,42.68999862670898,42.720001220703125,1101400,0,0,-0.013850380386608796,1.3345830509452146,42.71650009155273,44.853606946448224,40.57939323665724,43.05500030517578,41.51500129699707,39.61500072479248,37.704999923706055,37.83000183105469
2020-01-09,42.91999816894531,43.27999877929688,42.7400016784668,42.83000183105469,1312900,0,0,0.0025749205807197306,1.3380194963097731,42.835500144958495,44.69934431242594,40.97165597749105,43.05500030517578,41.51500129699707,39.707499504089355,37.95000076293945,37.66999816894531
2020-01-10,42.959999084472656,43.0,42.369998931884766,42.56999969482422,1179100,0,0,-0.006070560941278114,1.3298969674168064,42.926500129699704,44.531273021261256,41.32172723813815,43.05500030517578,42.05500030517578,39.5600004196167,38.23500061035156,38.11000061035156
2020-01-13,42.540000915527344,42.66999816894531,41.83000183105469,42.27000045776367,1524100,0,0,-0.0070471984780638985,1.320524919532045,42.95800018310547,44.4823967800728,41.43360358613814,43.05500030517578,42.05500030517578,39.5600004196167,38.23500061035156,38.18000030517578
2020-01-14,42.34999847412109,42.7400016784668,42.09999847412109,42.43000030517578,1773000,0,0,0.0037851867915634774,1.325523353015388,42.99900016784668,44.4153177436296,41.58268259206376,43.05500030517578,42.05500030517578,39.5600004196167,38.23500061035156,36.900001525878906
2020-01-15,42.290000915527344,42.59999847412109,42.18999862670898,42.38999938964844,1268600,0,0,-0.0009427507716153194,1.3242737148515387,43.03600006103515,44.34269976635936,41.72930035571095,43.05500030517578,42.05500030517578,39.5600004196167,38.27000045776367,34.13999938964844
2020-01-16,42.59999847412109,43.2400016784668,42.459999084472656,42.97999954223633,1401600,0,0,0.01391838077572527,1.3427054606661266,43.11499996185303,44.183504815667796,42.046495108038265,43.060001373291016,42.28000068664551,39.5600004196167,38.27000045776367,32.810001373291016
2020-01-17,43.0099983215332,43.09999847412109,41.61000061035156,41.900001525878906,2134000,0,0,-0.025127920610983456,1.3089660644465742,43.05599994659424,44.2500916163953,41.86190827679318,42.95000076293945,42.28000068664551,39.65250015258789,38.27000045776367,33.43000030517578
2020-01-21,41.59999847412109,41.68999862670898,40.65999984741211,41.209999084472656,2574400,0,0,-0.016467838097334653,1.2874102232223628,42.964999961853025,44.40764910914922,41.52235081455683,42.045000076293945,42.40500068664551,39.765000343322754,38.27000045776367,32.54999923706055
2020-01-22,41.45000076293945,41.77000045776367,41.25,41.2599983215332,1152000,0,0,0.0012132792567662865,1.2889722113411473,42.81749992370605,44.3233656250237,41.311634222388406,41.96999931335449,42.57500076293945,40.1200008392334,38.46500015258789,33.08000183105469
2020-01-23,40.97999954223633,40.97999954223633,39.77999877929688,40.59000015258789,2397900,0,0,-0.01623844392149787,1.268041308370915,42.648999977111814,44.3496219762975,40.94837797792613,41.510000228881836,42.135000228881836,40.380001068115234,38.72500038146973,33.83000183105469
2020-01-24,40.84000015258789,41.130001068115234,39.2599983215332,39.4900016784668,2006300,0,0,-0.027100233308349986,1.2336770930694378,42.462000083923336,44.62998539119913,40.29401477664754,41.25,41.875,40.65000057220459,38.72500038146973,31.5
2020-01-27,38.5,38.91999816894531,37.68999862670898,38.09999847412109,1915300,0,0,-0.035198864149546316,1.1902530606660795,42.19750003814697,45.04182850803289,39.35317156826105,40.46500015258789,41.09000015258789,40.65000057220459,38.760000228881836,32.91999816894531
2020-01-28,38.33000183105469,38.68999862670898,37.58000183105469,38.38999938964844,2037800,0,0,0.007611572890857898,1.199312758595906,41.93250007629395,45.13983464073648,38.725165511851415,40.41000175476074,41.03500175476074,41.124999046325684,39.23499870300293,31.350000381469727
2020-01-29,38.63999938964844,39.2599983215332,38.52999877929688,38.56999969482422,2026100,0,0,0.004688729045000173,1.204936011161174,41.686499977111815,45.12711681087336,38.24588314335027,40.41000175476074,41.03500175476074,41.124999046325684,39.23499870300293,31.07999992370605
2020-01-30,38.29999923706055,39.0,38.2599983215332,38.68000030517578,1111800,0,0,0.0028519733269876113,1.2083724565257326,41.46100006103516,45.06693468043145,37.855065441638864,40.34000015258789,41.03500175476074,41.8075008392334,39.80500030517578,27.770000457763672
2020-01-31,38.66999816894531,38.790000915527344,37.369998931884766,37.38999938964844,1966000,0,0,-0.03335059217553127,1.1680725195319979,41.200500106811525,45.17755223549756,37.22344797812549,39.56999969482422,40.829999923706055,41.89750099182129,39.90500068664551,29.8799991607666
2020-02-03,37.900001525878906,38.38999938964844,37.869998931884766,37.90999984741211,1578900,0,0,0.013907474358173966,1.1843174581458769,40.94400005340576,45.0738810312415,36.81411907557002,39.56999969482422,40.829999923706055,41.96000099182129,40.15500068664551,27.90999984741211
2020-02-04,38.52999877929688,39.36000061035156,38.060001373291016,38.16999816894531,1805000,0,0,0.006858304473218002,1.192439867866789,40.65849990844727,44.72535100821146,36.591648808683075,39.25,40.829999923706055,42.1825008392334,40.15500068664551,25.530000686645508
2020-02-05,38.70000076293945,38.75,37.619998931884766,38.119998931884766,1496000,0,0,-0.0013099093387231031,1.1908778797480044,40.39849987030029,44.41553838941103,36.38146135118955,39.25,40.829999923706055,42.1825008392334,40.15500068664551,26.43000030517578
2020-02-06,38.400001525878906,38.65999984741211,37.66999816894531,37.970001220703125,3087300,0,0,-0.003934882355313474,1.186191915391651,40.160999870300294,44.162407581364704,36.159592159235885,38.364999771118164,40.829999923706055,42.22500133514404,40.15500068664551,21.209999084472656
2020-02-07,43.34999847412109,44.5,39.470001220703125,39.5099983215332,8826600,0,0,0.040558257869910186,1.234301792979308,39.994999694824216,43.80881800658621,36.181181383062224,40.93499946594238,40.93499946594238,42.36500072479248,40.15500068664551,20.61000061035156
2020-02-10,39.0,39.58000183105469,37.790000915527344,38.0,3638200,0,0,-0.038218131756038165,1.1871290844285107,39.76649971008301,43.481085976578726,36.051913443587296,40.93499946594238,40.93499946594238,42.42750072479248,40.15500068664551,20.649999618530277
2020-02-11,37.93999862670898,39.04999923706055,37.59999847412109,38.33000183105469,2175300,0,0,0.008684258711965542,1.1974384205221866,39.569499778747556,43.14598035641049,35.99301920108462,40.93499946594238,40.93499946594238,42.33500099182129,40.15500068664551,21.059999465942383
2020-02-12,38.52999877929688,39.369998931884766,38.43000030517578,39.2599983215332,2426300,0,0,0.02426288666975851,1.2264917332133312,39.41099967956543,42.73584315369208,36.086156205438776,40.93499946594238,40.93499946594238,42.33500099182129,40.15500068664551,21.11000061035156
2020-02-13,39.0,39.20000076293945,38.47999954223633,38.7599983215332,2125900,0,0,-0.012735609306579132,1.210871613681377,39.229499626159665,42.264749661678096,36.194249590641235,41.04999923706055,40.93499946594238,42.285000801086426,40.15500068664551,20.65999984741211
2020-02-14,38.83000183105469,39.0,37.63999938964844,37.83000183105469,1677500,0,0,-0.02399371854363197,1.1818183009902326,38.97199974060059,41.520837514777305,36.42316196642387,41.04999923706055,40.93499946594238,42.285000801086426,40.48000144958496,23.290000915527344
2020-02-18,37.70000076293945,38.150001525878906,37.33000183105469,37.66999816894531,1298100,0,0,-0.004229544128068974,1.1768197483348348,38.76049957275391,40.97974031403013,36.541258831477684,40.915000915527344,40.915000915527344,42.285000801086426,40.69000053405762,24.600000381469727
2020-02-19,37.77999877929688,38.29999923706055,37.59000015258789,38.11000061035156,1855900,0,0,0.011680447645176173,1.1905655297930693,38.60549964904785,40.52911272246015,36.68188657563555,40.915000915527344,40.915000915527344,42.55500030517578,40.81500053405762,26.700000762939453
2020-02-20,38.0,38.45000076293945,37.790000915527344,38.18000030517578,1479400,0,0,0.0018367802073770978,1.1927523369937787,38.45149974822998,39.940220925345216,36.96277857111474,40.915000915527344,40.915000915527344,42.55500030517578,40.81500053405762,24.799999237060547
2020-02-21,37.86000061035156,38.0099983215332,36.7400016784668,36.900001525878906,1980800,0,0,-0.03352537373142328,1.1527648691270338,38.26699981689453,39.547893766593,36.986105867196066,38.16000175476074,40.6200008392334,42.55500030517578,40.81500053405762,24.540000915527344
2020-02-24,35.16999816894531,35.470001220703125,33.540000915527344,34.13999938964844,3243500,0,0,-0.07479680276692702,1.0665417425742967,37.99949970245361,40.119081496954166,35.87991790795306,36.454999923706055,39.02000045776367,42.55500030517578,40.81500053405762,23.739999771118164
2020-02-25,34.20000076293945,34.20000076293945,32.79999923706055,32.810001373291016,2209600,0,0,-0.03895717750834782,1.0249922865887673,37.73499984741211,40.84189922135731,34.628100473466915,36.084999084472656,38.64999961853027,42.67000102996826,40.81500053405762,21.61000061035156
2020-02-26,32.939998626708984,34.130001068115234,32.90999984741211,33.43000030517578,1762500,0,0,0.018896644496622095,1.044361201440215,37.486999893188475,41.10149185469201,33.87250793168494,36.0,38.64999961853027,42.61500072479248,41.0,22.43000030517578
2020-02-27,32.43000030517578,33.75,31.75,32.54999923706055,2900700,0,0,-0.026323693092488165,1.0168697576958006,37.18599987030029,41.35603539351037,33.01596434709022,35.375,38.125,42.22500038146973,41.2450008392334,21.63999938964844
2020-02-28,31.5,33.130001068115234,31.36000061035156,33.08000183105469,3001500,0,0,0.01628272216334481,1.0334271654366691,36.905999946594235,41.38144692918904,32.43055296399943,34.90500068664551,37.93000030517578,42.27250003814697,41.51500129699707,23.700000762939453
2020-03-02,33.18000030517578,33.849998474121094,32.459999084472656,33.83000183105469,2877700,0,0,0.022672308297635002,1.0568573447346004,36.72800006866455,41.39353408110695,32.06246605622215,34.90500068664551,37.93000030517578,41.822500228881836,41.51500129699707,24.26000022888184
2020-03-03,33.47999954223633,34.099998474121094,30.56999969482422,31.5,2818000,0,0,-0.06887383106541345,0.984067530513108,36.40750007629394,41.56459077936859,31.2504093732193,34.510000228881836,37.53499984741211,41.5625,41.51500129699707,25.729999542236328
2020-03-04,31.6299991607666,33.04999923706055,31.0,32.91999816894531,2535200,0,0,0.04507930695064477,1.0284286127812714,36.14500007629395,41.450471273242584,30.839528879345313,34.28999900817871,37.53499984741211,40.77750015258789,41.09000015258789,26.399999618530277
2020-03-05,32.0,32.220001220703125,31.030000686645508,31.350000381469727,2352900,0,0,-0.04769130846904557,0.9793815065707272,35.806500148773196,41.42297224109175,30.190028056454643,33.02000045776367,37.53499984741211,40.72250175476074,41.03500175476074,25.38999938964844
2020-03-06,30.6200008392334,31.299999237060547,30.200000762939453,31.07999992370605,1839600,0,0,-0.008612454688302518,0.9709466277228254,35.46200008392334,41.34717792310928,29.576822244737404,32.20000076293945,37.35000038146973,40.72250175476074,41.03500175476074,26.709999084472656
2020-03-09,29.489999771118164,29.780000686645508,27.530000686645508,27.770000457763672,2687100,0,0,-0.10649933957746571,0.867541453105377,34.875000190734866,41.34738266113622,28.40261772033351,30.83000087738037,36.015000343322754,40.687500953674316,41.03500175476074,24.989999771118164
2020-03-10,29.01000022888184,30.01000022888184,28.6200008392334,29.8799991607666,2837900,0,0,0.07598122679947727,0.9334583170117248,34.46900014877319,41.124471641412555,27.813528656133823,30.8149995803833,36.015000343322754,40.19999980926514,40.93000030517578,24.75
2020-03-11,28.81999969482422,29.059999465942383,27.309999465942383,27.90999984741211,3224700,0,0,-0.06593036709121347,0.8719150675067955,33.948000049591066,40.93955447687261,26.956445622309523,30.70499897003174,35.90499973297119,40.19999980926514,40.93000030517578,26.43000030517578
2020-03-12,26.0,27.76000022888184,25.0,25.530000686645508,3254800,0,0,-0.08527406570327445,0.797563324752546,33.26150016784668,40.71794142659666,25.805058909096694,29.549999237060547,34.75,40.03999996185303,40.93000030517578,25.020000457763672
2020-03-13,26.600000381469727,26.76000022888184,24.40999984741211,26.43000030517578,2636100,0,0,0.035252628058136004,0.8256795279928578,32.645000267028806,40.220272687900206,25.06972784615741,29.2549991607666,34.454999923706055,40.03999996185303,40.93000030517578,24.479999542236328
2020-03-16,23.1299991607666,24.280000686645508,21.13999938964844,21.209999084472656,2656200,0,0,-0.19750288159023943,0.6626054419441997,31.814000129699707,40.50852149620357,23.11947876319584,27.094999313354492,32.81999969482422,39.59749984741211,40.93000030517578,25.01000022888184
2020-03-17,21.729999542236328,21.86000061035156,19.799999237060547,20.61000061035156,4260400,0,0,-0.028288472419611854,0.6438613461746765,30.96100025177002,40.505608375356346,21.416392128183695,26.010000228881836,29.690000534057617,40.93499946594238,40.93499946594238,24.729999542236328
2020-03-18,19.3799991607666,20.700000762939453,17.059999465942383,20.649999618530277,2746700,0,0,0.001940757253477532,0.6451109247524988,30.088000202178954,40.04692774786828,20.129072656489623,24.179999351501465,28.214999198913574,40.93499946594238,40.93499946594238,25.600000381469727
2020-03-19,20.440000534057617,22.020000457763672,19.01000022888184,21.059999465942383,2750100,0,0,0.019854714527170803,0.6579194180018187,29.232000160217286,39.20482115649121,19.259179163943365,23.53499984741211,28.214999198913574,40.93499946594238,40.93499946594238,26.5
2020-03-20,21.26000022888184,22.93000030517578,20.959999084472656,21.11000061035156,4704500,0,0,0.0023742234414600993,0.6594814657066305,28.442500114440918,38.36147409278393,18.523526136097907,23.53499984741211,28.130000114440918,40.93499946594238,40.93499946594238,28.1200008392334
2020-03-23,20.940000534057617,21.06999969482422,19.020000457763672,20.65999984741211,2660000,0,0,-0.02131694694119457,0.645423334293461,27.768500137329102,37.879471792940734,17.65752848171747,23.059999465942383,28.02999973297119,40.992499351501465,40.93499946594238,30.26000022888184
2020-03-24,22.06999969482422,23.3700008392334,21.6299991607666,23.290000915527344,1855200,0,0,0.127299181391072,0.7275851963997148,27.29250011444092,37.30408495931708,17.28091526956476,22.40999984741211,27.755000114440918,40.992499351501465,40.93499946594238,28.18000030517578
2020-03-25,23.8799991607666,26.030000686645508,23.350000381469727,24.600000381469727,3466200,0,0,0.056247291302981894,0.7685098928893468,26.851000118255616,36.50983718317207,17.192163053339165,21.90999984741211,27.755000114440918,40.915000915527344,40.915000915527344,27.290000915527344
2020-03-26,25.0,26.770000457763672,24.950000762939453,26.700000762939453,2374800,0,0,0.08536586784167621,0.8341144068407595,26.55850019454956,35.85285025441529,17.26415013468383,21.914999961853027,27.755000114440918,40.915000915527344,40.915000915527344,26.270000457763672
2020-03-27,25.25,25.770000457763672,24.5,24.799999237060547,1953400,0,0,-0.07116110380476748,0.7747579049505122,26.144500064849854,34.96027989142379,17.32872023827592,21.914999961853027,27.534998893737793,40.915000915527344,40.915000915527344,26.75
2020-03-30,24.959999084472656,25.25,24.07999992370605,24.540000915527344,1396400,0,0,-0.010483803610149667,0.7666354952296001,25.680000019073486,33.768466616000936,17.591533422146032,21.914999961853027,26.265000343322754,39.39000129699707,40.6200008392334,26.26000022888184
2020-03-31,24.46999931335449,24.76000022888184,23.450000762939453,23.739999771118164,1762900,0,0,-0.03259988241903411,0.7416432682268571,25.292000007629394,32.95534401826335,17.628655996995438,22.890000343322754,25.630000114440918,37.73750019073486,39.02000045776367,26.84000015258789
2020-04-01,22.549999237060547,23.34000015258789,21.5,21.61000061035156,2012400,0,0,-0.08972195371955904,0.6751015852385845,24.726500129699705,31.684237960400175,17.768762298999235,22.895000457763672,25.59500026702881,37.367499351501465,38.64999961853027,28.0
2020-04-02,21.420000076293945,22.520000457763672,21.229999542236328,22.43000030517578,4076700,0,0,0.03794538045646467,0.7007185717372251,24.280500125885006,30.589372107252263,17.971628144517748,22.895000457763672,25.57999897003174,37.32499980926514,38.64999961853027,27.600000381469727
2020-04-03,22.350000381469727,22.530000686645508,21.020000457763672,21.63999938964844,2326900,0,0,-0.035220726918360534,0.6760387542754447,23.80850009918213,29.372924820978355,18.244075377385904,23.895000457763672,25.57999897003174,36.75,38.125,25.96999931335449
2020-04-06,22.649999618530277,23.81999969482422,22.59000015258789,23.700000762939453,2904500,0,0,0.09519415117342467,0.7403936896490351,23.60500011444092,28.860918948869323,18.349081280012516,23.895000457763672,25.57999897003174,36.417500495910645,37.93000030517578,24.32999992370605
2020-04-07,25.559999465942383,25.84000015258789,24.07999992370605,24.26000022888184,2604200,0,0,0.023628668688402632,0.7578882068407361,23.32400016784668,27.73203727627575,18.91596305941761,23.895000457763672,25.57999897003174,36.417500495910645,37.93000030517578,24.959999084472656
2020-04-08,24.5,25.940000534057617,24.290000915527344,25.729999542236328,2312500,0,0,0.06059354078671597,0.8038113368137113,23.21500015258789,27.25243271235419,19.177567592821593,23.480000495910645,25.054999351501465,36.02250003814697,37.53499984741211,24.90999984741211
2020-04-09,26.450000762939453,27.200000762939453,26.020000457763672,26.399999618530277,2038000,0,0,0.026039645869178063,0.824742299369971,23.25850009918213,27.413098187638816,19.10390201072544,24.110000610351562,24.640000343322754,35.91249942779541,37.53499984741211,27.31999969482422
2020-04-13,26.299999237060547,26.3799991607666,24.81999969482422,25.38999938964844,1747700,0,0,-0.03825758498014953,0.7931896507651004,23.20650005340576,27.22329613545413,19.189703971357392,24.110000610351562,24.179999351501465,35.27750015258789,37.53499984741211,26.770000457763672
2020-04-14,25.56999969482422,26.81999969482422,25.38999938964844,26.709999084472656,1786600,0,0,0.051988961266473455,0.8344267567956948,23.48150005340576,27.66536005147626,19.29764005533526,24.110000610351562,23.53499984741211,34.77500057220459,37.35000038146973,28.059999465942383
2020-04-15,25.229999542236328,25.479999542236328,24.729999542236328,24.989999771118164,1849700,0,0,-0.06439533404381059,0.7806935670567425,23.700500011444092,27.713439310613268,19.687560712274916,24.110000610351562,23.53499984741211,33.42250061035156,36.015000343322754,29.11000061035156
2020-04-16,25.0,25.1200008392334,24.229999542236328,24.75,2098200,0,0,-0.009603832465638562,0.7731959168317278,23.90550003051758,27.68372162062719,20.12727844040797,24.110000610351562,23.059999465942383,33.41499996185303,36.015000343322754,29.270000457763672
2020-04-17,25.8799991607666,27.40999984741211,25.56999969482422,26.43000030517578,2738500,0,0,0.0678788002091224,0.8256795279928579,24.17400007247925,27.866547146365363,20.481452998593134,25.0,22.40999984741211,33.304999351501465,35.90499973297119,31.020000457763672
2020-04-20,26.190000534057617,26.209999084472656,24.86000061035156,25.020000457763672,1806800,0,0,-0.053348461261121916,0.7816307956796296,24.369500064849852,27.79395419810195,20.945045931597754,25.744999885559082,22.234999656677246,32.14999961853027,34.75,32.83000183105469
2020-04-21,24.040000915527344,24.84000015258789,23.979999542236328,24.479999542236328,1886600,0,0,-0.021582770009893504,0.7647610379838261,24.560500049591063,27.526916578451143,21.594083520730983,25.69499969482422,22.234999656677246,31.854999542236328,34.454999923706055,31.61000061035156
2020-04-22,25.18000030517578,25.290000915527344,24.5,25.01000022888184,1718500,0,0,0.021650355251481068,0.7813183861386673,24.646500015258788,27.55926568683671,21.733734343680865,25.69499969482422,22.234999656677246,29.957499504089355,32.81999969482422,31.31999969482422
2020-04-23,25.1200008392334,25.57999992370605,24.6200008392334,24.729999542236328,1741600,0,0,-0.011195549143664718,0.772571097749803,24.65299997329712,27.565903255575137,21.740096691019104,25.69499969482422,22.234999656677246,27.850000381469727,32.14999961853027,32.099998474121094
2020-04-24,25.809999465942383,26.649999618530277,25.13999938964844,25.600000381469727,5362200,0,0,0.03517997797563743,0.7997501319532552,24.59799995422363,27.392079722287423,21.80392018615984,25.69499969482422,23.210000038146973,26.19749927520752,30.77999973297119,32.720001220703125
2020-04-27,25.899999618530277,26.770000457763672,25.34000015258789,26.5,2299200,0,0,0.03515623457497008,0.8278663351935671,24.682999992370604,27.598622867228524,21.767377117512684,25.69499969482422,23.21500015258789,25.874999523162842,30.77999973297119,34.650001525878906
2020-04-28,27.100000381469727,28.350000381469727,26.940000534057617,28.1200008392334,2794900,0,0,0.06113210714088302,0.8784755486949505,24.861999988555908,28.141575317466135,21.58242465964568,26.164999961853027,23.6850004196167,25.832499980926514,30.77999973297119,34.38999938964844
2020-04-29,29.030000686645508,30.3700008392334,28.81999969482422,30.26000022888184,2663200,0,0,0.0761023942311796,0.9453296412241854,25.188000011444093,29.183347606942135,21.19265241594605,27.175000190734863,25.695000648498535,25.544999599456787,30.77999973297119,35.52000045776367
2020-04-30,29.850000381469727,30.25,28.15999984741211,28.18000030517578,2990700,0,0,-0.06873760436131093,0.8803499463546973,25.516499996185306,29.35681192794452,21.676188064426093,27.175000190734863,25.695000648498535,25.082499980926514,30.77999973297119,36.7400016784668
2020-05-01,27.440000534057617,27.68000030517578,26.63999938964844,27.290000915527344,1472100,0,0,-0.03158266075266769,0.8525461526553477,25.75950002670288,29.39529534105951,22.123704712346253,27.175000190734863,25.695000648498535,24.832499980926514,30.77999973297119,35.36000061035156
2020-05-04,26.790000915527344,27.34000015258789,25.950000762939453,26.270000457763672,1978600,0,0,-0.037376343845533455,0.8206810945095148,25.99100008010864,29.093220468234772,22.88877969198251,27.4350004196167,25.695000648498535,24.835000038146973,30.77999973297119,34.310001373291016
2020-05-05,26.8700008392334,28.049999237060547,26.709999084472656,26.75,2160300,0,0,0.01827177517594869,0.8356763949595442,26.14350004196167,29.073513365801528,23.21348671812181,27.4950008392334,25.695000648498535,24.72499942779541,30.77999973297119,31.1200008392334
2020-05-06,26.8700008392334,27.239999771118164,26.09000015258789,26.26000022888184,1448500,0,0,-0.01831774845301537,0.8203686849685525,26.24350004196167,29.041714246470576,23.445285837452765,27.755000114440918,25.695000648498535,24.09000015258789,30.77999973297119,31.81999969482422
2020-05-07,26.780000686645508,27.46999931335449,26.729999542236328,26.84000015258789,1255900,0,0,0.02208682096918424,0.838488021242178,26.29900007247925,29.098316860057697,23.4996832849008,27.855000495910645,25.695000648498535,24.260000228881836,30.77999973297119,33.220001220703125
2020-05-08,27.51000022888184,28.489999771118164,27.5,28.0,2152900,0,0,0.04321907007516401,0.8747266937894294,26.379000091552733,29.276110181186557,23.48189000191891,28.160000801086426,25.695000648498535,24.24500036239624,30.77999973297119,33.849998474121094
2020-05-11,28.0,28.13999938964844,26.809999465942383,27.600000381469727,2986700,0,0,-0.014285700661795464,0.8622306100810715,26.4895001411438,29.395964934685658,23.583035347601943,28.160000801086426,25.695000648498535,24.237499713897705,30.77999973297119,33.150001525878906
2020-05-12,27.850000381469727,27.88999938964844,25.920000076293945,25.96999931335449,2094300,0,0,-0.05905800889805779,0.8113089870387258,26.45250015258789,29.365700860194057,23.539299444981726,28.085000038146973,26.480000495910645,24.737499713897705,30.77999973297119,32.529998779296875
2020-05-13,25.6299991607666,25.6299991607666,23.88999938964844,24.32999992370605,3561400,0,0,-0.0631497663846724,0.7600750140414451,26.419500160217286,29.412948867415356,23.426051453019216,26.1899995803833,27.130000114440918,24.737499713897705,30.77999973297119,31.11000061035156
2020-05-14,23.729999542236328,25.1299991607666,22.61000061035156,24.959999084472656,2133300,0,0,0.025893923663878216,0.7797563384338554,26.43000011444092,29.40109977352191,23.458900455359927,25.550000190734863,26.49000072479248,24.737499713897705,30.77999973297119,31.31999969482422
2020-05-15,24.56999969482422,25.25,24.09000015258789,24.90999984741211,1382800,0,0,-0.002003174635196614,0.7781943503150709,26.354000091552734,29.398867078180178,23.30913310492529,25.550000190734863,26.49000072479248,24.267499923706055,30.77999973297119,31.600000381469727
2020-05-18,26.479999542236328,27.76000022888184,26.309999465942383,27.31999969482422,1932700,0,0,0.09674828832495885,0.8534833216922074,26.46900005340576,29.476757150977406,23.461242955834116,25.550000190734863,26.49000072479248,24.375000476837158,30.77999973297119,30.399999618530277
2020-05-19,27.32999992370605,27.34000015258789,26.71999931335449,26.770000457763672,1330700,0,0,-0.02013174389473893,0.8363012140414688,26.583500099182128,29.449162292885063,23.717837905479193,25.550000190734863,26.49000072479248,24.144999980926514,30.77999973297119,30.13999938964844
2020-05-20,27.3700008392334,28.270000457763672,27.209999084472656,28.059999465942383,1518200,0,0,0.048188232578255,0.8766010914491762,26.736000061035156,29.57468962228897,23.89731049978134,25.550000190734863,26.49000072479248,23.822500228881836,30.77999973297119,29.290000915527344
2020-05-21,28.049999237060547,29.190000534057617,28.049999237060547,29.11000061035156,1947800,0,0,0.037419856179384814,0.9094033782178961,26.955000114440917,29.816837169794677,24.093163059087157,25.90000057220459,26.49000072479248,23.822500228881836,30.77999973297119,30.8700008392334
2020-05-22,29.15999984741211,29.489999771118164,28.780000686645508,29.270000457763672,1763500,0,0,0.0054963876350870855,0.9144018117012394,27.138500118255614,30.099294311884204,24.177705924627023,26.050000190734863,26.49000072479248,23.585000038146973,30.77999973297119,31.3799991607666
2020-05-26,31.049999237060547,31.479999542236328,30.46999931335449,31.020000457763672,1835300,0,0,0.0597881780878422,0.9690722300630786,27.3645001411438,30.759132406922138,23.969867875365463,27.045000076293945,27.045000076293945,23.704999923706055,30.77999973297119,30.15999984741211
2020-05-27,31.790000915527344,32.959999084472656,30.850000381469727,32.83000183105469,2472200,0,0,0.058349495376555094,1.0256171056706922,27.600000190734864,31.75013243480587,23.449867946663858,27.78499984741211,27.78499984741211,23.989999771118164,30.77999973297119,30.239999771118164
2020-05-28,33.0,33.150001525878906,31.51000022888184,31.61000061035156,3163900,0,0,-0.03716116821989024,0.9875039758776667,27.66750020980835,32.02935633676465,23.30564408285205,28.6200008392334,27.880001068115234,23.964999675750732,30.77999973297119,29.700000762939453
2020-05-29,31.299999237060547,31.8700008392334,30.899999618530277,31.31999969482422,1940600,0,0,-0.00917434071267853,0.9784442779478403,27.824500179290773,32.46889108872935,23.1801092698522,29.730000495910645,27.880001068115234,23.964999675750732,30.77999973297119,28.56999969482422
2020-06-01,31.31999969482422,32.13999938964844,31.01000022888184,32.099998474121094,1609400,0,0,0.02490417582685267,1.0028116262826312,28.06500005722046,33.0624704596634,23.067529654777516,29.9350004196167,27.880001068115234,23.964999675750732,28.320000648498535,28.299999237060547
2020-06-02,32.349998474121094,32.86000061035156,32.18000030517578,32.720001220703125,1238700,0,0,0.019314728225980238,1.0221806603061334,28.387500095367432,33.70576321848964,23.06923697224522,30.18000030517578,27.880001068115234,24.452499866485596,28.214999198913574,27.739999771118164
2020-06-03,33.16999816894531,34.72999954223633,33.15999984741211,34.650001525878906,2386600,0,0,0.058985337199639165,1.0824743312332405,28.782500171661376,34.7020011307499,22.862999212572852,31.389999389648438,28.670000076293945,24.454999923706055,28.214999198913574,28.90999984741211
2020-06-04,34.439998626708984,35.06999969482422,33.70000076293945,34.38999938964844,1901200,0,0,-0.007503668824842102,1.0743518023402738,29.189000129699707,35.46939895903395,22.908601300365465,31.925000190734863,28.84000015258789,24.925000190734863,28.130000114440918,28.65999984741211
2020-06-05,36.09000015258789,36.9900016784668,35.189998626708984,35.52000045776367,1784600,0,0,0.03285842070864842,1.1096533058506652,29.623000144958496,36.38097074983773,22.86502954007926,33.730000495910645,29.80000114440918,26.4350004196167,28.02999973297119,27.950000762939453
2020-06-08,36.11000061035156,36.7400016784668,35.75,36.7400016784668,1633700,0,0,0.0343468807708438,1.1477664356436907,30.060000228881837,37.449626570588855,22.67037388717482,33.92000102996826,29.80000114440918,26.4350004196167,27.755000114440918,29.65999984741211
2020-06-09,35.90999984741211,35.9900016784668,34.79999923706055,35.36000061035156,1273300,0,0,-0.03756126851034003,1.1046548723673222,30.44800024032593,38.09350497564681,22.802495505005048,33.945000648498535,29.80000114440918,26.4350004196167,27.755000114440918,29.209999084472656
2020-06-10,35.380001068115234,35.45000076293945,34.04999923706055,34.310001373291016,1564400,0,0,-0.029694548046844793,1.0718526451846295,30.865000343322755,38.39572644402366,23.334274242621852,33.945000648498535,29.80000114440918,26.565000534057617,27.755000114440918,28.309999465942383
2020-06-11,32.31999969482422,32.47999954223633,30.93000030517578,31.1200008392334,1640600,0,0,-0.09297582064630594,0.9721962658866748,31.20450038909912,38.105525273084936,24.303475505113305,33.96000099182129,29.80000114440918,26.595000743865967,27.534998893737793,28.11000061035156
2020-06-12,32.599998474121094,32.91999816894531,30.850000381469727,31.81999969482422,1687800,0,0,0.022493535884109628,0.9940643974797941,31.5475004196167,37.81972958593592,25.275271253297483,33.92000102996826,29.80000114440918,26.725000381469727,26.265000343322754,29.600000381469727
2020-06-15,30.690000534057617,33.29999923706055,30.399999618530277,33.220001220703125,1826300,0,0,0.04399753423337183,1.0378007798380875,31.96300048828125,37.46759591766597,26.45840505889653,33.695000648498535,29.80000114440918,26.77500057220459,25.630000114440918,30.780000686645508
2020-06-16,34.5,35.040000915527344,32.959999084472656,33.849998474121094,1474500,0,0,0.018964395853945604,1.0574820446444704,32.2895004272461,37.41109702030347,27.167903834188724,33.695000648498535,29.80000114440918,26.92750072479248,25.59500026702881,31.06999969482422
2020-06-17,34.189998626708984,34.279998779296875,33.02000045776367,33.150001525878906,1357400,0,0,-0.020679379019096444,1.0356139726373783,32.608500480651855,37.05926300842584,28.157737952877877,33.695000648498535,29.80000114440918,26.92750072479248,25.57999897003174,30.239999771118164
2020-06-18,32.599998474121094,33.40999984741211,32.189998626708984,32.529998779296875,1402800,0,0,-0.018702947753954646,1.016244938613876,32.83200044631958,36.75952724318798,28.904473649451184,33.570000648498535,29.80000114440918,27.28250026702881,25.57999897003174,29.3799991607666
2020-06-19,33.029998779296875,33.209999084472656,30.75,31.11000061035156,2196000,0,0,-0.04365195887584994,0.9718838563457125,32.93200044631958,36.56292181541737,29.30107907722179,33.195000648498535,29.80000114440918,26.65999984741211,25.57999897003174,29.43000030517578
2020-06-22,31.18000030517578,31.51000022888184,30.40999984741211,31.31999969482422,1158700,0,0,0.0067502115188897704,0.9784442779478404,33.034500408172605,36.344348370121956,29.724652446223253,32.92500019073486,30.540000915527344,26.020000457763672,25.57999897003174,30.420000076293945
2020-06-23,31.90999984741211,32.09000015258789,31.280000686645508,31.600000381469727,1476300,0,0,0.008939996467872913,0.9871915663367046,33.06350040435791,36.31115015365478,29.815850655061038,32.72000026702881,31.65000057220459,26.020000457763672,25.054999351501465,29.530000686645508
2020-06-24,31.200000762939453,31.309999465942383,29.940000534057617,30.399999618530277,1742800,0,0,-0.03797470722953322,0.9497032556256039,32.94200029373169,36.393215962902744,29.490784624560632,32.49000072479248,31.855000495910645,26.020000457763672,24.640000343322754,29.280000686645508
2020-06-25,30.239999771118164,30.26000022888184,29.32999992370605,30.13999938964844,2218400,0,0,-0.008552639215276603,0.9415807863186645,32.86850023269653,36.49034321381636,29.24665725157671,32.1850004196167,32.10000038146973,26.020000457763672,24.179999351501465,28.979999542236328
2020-06-26,29.8700008392334,30.200000762939453,29.01000022888184,29.290000915527344,2250400,0,0,-0.028201675226742995,0.9150266307831643,32.76700029373169,36.66320803987161,28.87079254759177,32.02500057220459,32.52000045776367,26.020000457763672,23.71500015258789,28.799999237060547
2020-06-29,29.729999542236328,30.920000076293945,29.170000076293945,30.8700008392334,1690300,0,0,0.0539433210761171,0.9643862061206981,32.7055004119873,36.68077251775119,28.730228306223417,31.644999504089355,32.88500118255615,26.195000648498535,23.71500015258789,29.899999618530277
2020-06-30,30.65999984741211,31.489999771118164,30.149999618530277,31.3799991607666,2856100,0,0,0.016520839250675934,0.9803186756075875,32.63850030899048,36.65594112249655,28.621059495484406,31.210000038146973,33.000000953674316,26.270000457763672,23.71500015258789,28.6200008392334
2020-07-01,31.3799991607666,31.71999931335449,29.81999969482422,30.15999984741211,2498900,0,0,-0.03887824556986663,0.9422056054005893,32.41400022506714,36.45874730790474,28.369253142229546,31.109999656677246,33.000000953674316,27.045000076293945,24.269999504089355,29.209999084472656
2020-07-02,31.0,31.56999969482422,30.149999618530277,30.239999771118164,1575000,0,0,0.00265251737767902,0.9447048221422609,32.20650024414063,36.25026195110989,28.162738537171368,30.550000190734863,33.000000953674316,27.78499984741211,25.00999927520752,30.11000061035156
2020-07-06,30.920000076293945,31.030000686645508,29.239999771118164,29.700000762939453,1495700,0,0,-0.01785711019397751,0.9278351240324847,31.915500259399415,35.79621468351415,28.03478583528468,30.550000190734863,33.000000953674316,28.250000953674316,25.105000495910645,30.75
2020-07-07,29.5,29.82999992370605,28.38999938964844,28.56999969482422,1852300,0,0,-0.03804717303325067,0.8925336205220932,31.507000160217284,34.962720564003725,28.05127975643084,30.054999351501465,32.69000053405762,28.80500078201294,25.105000495910645,30.34000015258789
2020-07-08,28.51000022888184,28.809999465942383,27.81999969482422,28.299999237060547,1902600,0,0,-0.009450488647102961,0.8840987416741914,31.154000091552735,34.396834281337384,27.91116590176809,29.769999504089355,32.40500068664551,28.907500743865967,25.105000495910645,30.030000686645508
2020-07-09,28.34000015258789,28.40999984741211,27.030000686645508,27.739999771118164,1692300,0,0,-0.019787967527894135,0.8666042244824905,30.825500011444092,34.05386198694083,27.597138035947356,29.375,32.01000118255615,29.030000686645508,26.08000087738037,29.770000457763672
2020-07-10,27.850000381469727,28.979999542236328,27.670000076293945,28.90999984741211,2101400,0,0,0.04217736430957375,0.9031553065707042,30.714999961853028,34.04625662278306,27.383743300922994,29.375,32.01000118255615,30.02999973297119,26.875,29.6200008392334
2020-07-13,28.96999931335449,29.61000061035156,28.34000015258789,28.65999984741211,1919700,0,0,-0.008647526852974985,0.8953452468047272,30.556999969482423,33.963360902316445,27.1506390366484,29.375,32.01000118255615,30.382500171661377,27.045000076293945,29.21999931335449
2020-07-14,28.729999542236328,28.989999771118164,27.57999992370605,27.950000762939453,1752400,0,0,-0.024773171257946314,0.8731647056706454,30.29349994659424,33.64951737994248,26.937482513245993,29.375,31.885001182556152,31.765000820159912,29.005001068115234,29.21999931335449
2020-07-15,28.86000061035156,29.920000076293945,28.729999542236328,29.65999984741211,1984100,0,0,0.06118064535941059,0.9265854858686353,30.084000015258788,33.01812391296581,27.149876117551763,29.300000190734863,31.510001182556152,31.86000108718872,29.005001068115234,29.31999969482422
2020-07-16,28.3799991607666,29.420000076293945,28.229999542236328,29.209999084472656,1254100,0,0,-0.015171974553422563,0.9125273544554657,29.886999893188477,32.47658297494065,27.297416811436307,29.030000686645508,31.24000072479248,31.872500896453857,29.005001068115234,28.8799991607666
2020-07-17,29.13999938964844,29.15999984741211,28.209999084472656,28.309999465942383,1460900,0,0,-0.030811353876717185,0.8844111512151538,29.675999927520753,32.045884970412814,27.306114884628688,28.475000381469727,31.035000801086426,31.872500896453857,29.005001068115234,29.920000076293945
2020-07-20,28.149999618530277,28.280000686645508,27.520000457763672,28.11000061035156,1713000,0,0,-0.0070646011785139295,0.8781631391539884,29.52599992752075,31.893580138744305,27.158419716297196,28.475000381469727,31.035000801086426,31.880001068115234,29.005001068115234,29.76000022888184
2020-07-21,28.530000686645508,30.18000030517578,28.15999984741211,29.600000381469727,2554100,0,0,0.053006038376586684,0.9247110882088885,29.439999961853026,31.659437211368285,27.220562712337767,28.605000495910645,31.035000801086426,31.86000108718872,29.005001068115234,30.100000381469727
2020-07-22,29.38999938964844,30.96999931335449,29.38999938964844,30.780000686645508,2602300,0,0,0.039864874661099226,0.9615745798380645,29.398999977111817,31.481983495107237,27.316016459116398,29.244999885559082,31.035000801086426,31.747500896453857,29.005001068115234,30.59000015258789
2020-07-23,30.799999237060547,31.979999542236328,30.559999465942383,31.06999969482422,3053300,0,0,0.009421669971064528,0.9706342181818638,29.432499980926515,31.59958323503556,27.26541672681747,29.75,30.65499973297119,31.747500896453857,29.005001068115234,31.030000686645508
2020-07-24,34.0099983215332,34.0099983215332,29.940000534057617,30.239999771118164,5561700,0,0,-0.02671386970899514,0.9447048221422611,29.4375,31.611616036610826,27.263383963389174,30.764999389648438,30.519999504089355,31.747500896453857,29.005001068115234,29.850000381469727
2020-07-27,30.239999771118164,30.86000061035156,29.25,29.3799991607666,2596500,0,0,-0.02843917383798855,0.9178381974797714,29.441999912261963,31.615239046696153,27.268760777827772,30.764999389648438,30.519999504089355,31.685000896453857,29.790000915527344,30.38999938964844
2020-07-28,29.32999992370605,29.950000762939453,29.239999771118164,29.43000030517578,1408800,0,0,0.0017018769856178562,0.9194002451845832,29.369999885559082,31.44116679183319,27.298832979284974,30.764999389648438,30.519999504089355,31.497500896453857,29.80000114440918,30.440000534057617
2020-07-29,29.690000534057617,30.729999542236328,29.520000457763672,30.420000076293945,1263500,0,0,0.033639135604903725,0.9503280747075291,29.321999931335448,31.242016689770534,27.401983172900362,30.764999389648438,30.519999504089355,31.732500553131104,29.80000114440918,29.709999084472656
2020-07-30,29.90999984741211,29.989999771118164,29.100000381469727,29.530000686645508,1086200,0,0,-0.029257047581075057,0.9225242810081795,29.29049997329712,31.17443553107422,27.40656441552002,30.764999389648438,30.519999504089355,32.1850004196167,29.80000114440918,29.71999931335449
2020-07-31,29.559999465942383,29.68000030517578,28.809999465942383,29.280000686645508,1225700,0,0,-0.00846596661655541,0.9147142212422025,29.242500019073486,31.074884997215804,27.410115040931167,31.084999084472656,30.519999504089355,32.17250061035156,29.80000114440918,29.899999618530277
2020-08-03,29.399999618530277,29.46999931335449,28.559999465942383,28.979999542236328,1730300,0,0,-0.010245940484079563,0.9053421137714137,29.20649995803833,31.029685754957047,27.38331416111961,31.284998893737793,30.519999504089355,32.14250040054321,29.80000114440918,29.25
2020-08-04,28.81999969482422,29.149999618530277,28.61000061035156,28.799999237060547,1354300,0,0,-0.006211190752899887,0.8997188612061459,29.217999935150146,31.02768733328868,27.408312537011614,31.284998893737793,30.519999504089355,32.27250051498413,29.80000114440918,29.920000076293945
2020-08-05,28.989999771118164,30.11000061035156,28.8700008392334,29.899999618530277,1272800,0,0,0.038194458701728884,0.9340831360936506,29.297999954223634,31.079218953190836,27.516780955256433,31.284998893737793,30.519999504089355,32.265000343322754,29.80000114440918,30.989999771118164
2020-08-06,29.75,29.799999237060547,28.43000030517578,28.6200008392334,1427700,0,0,-0.04280932426847295,0.8940956682269053,29.342000007629395,31.005450573553887,27.678549441704902,29.645000457763672,30.519999504089355,32.105000495910645,29.80000114440918,31.88999938964844
2020-08-07,28.5,29.25,28.030000686645508,29.209999084472656,1547600,0,0,0.020614892660326678,0.9125273544554661,29.356999969482423,31.009860368793607,27.70413957017124,29.380000114440918,30.519999504089355,32.05500030517578,29.80000114440918,31.600000381469727
2020-08-10,29.6299991607666,30.780000686645508,29.540000915527344,30.11000061035156,1891300,0,0,0.030811419174515464,0.9406436172818051,29.429500007629393,31.080896463609307,27.77810355164948,29.405000686645508,30.519999504089355,31.77500057220459,29.80000114440918,32.84000015258789
2020-08-11,30.600000381469727,31.59000015258789,30.450000762939453,30.75,1346000,0,0,0.02125537617652573,0.9606373512151778,29.569499969482422,31.16882411375672,27.970175825208123,29.8100004196167,30.519999504089355,31.77500057220459,29.80000114440918,31.86000061035156
2020-08-12,31.030000686645508,31.030000686645508,29.729999542236328,30.34000015258789,1141400,0,0,-0.013333328371125552,0.9478288579658576,29.603499984741212,31.237984933647798,27.969015035834627,29.8100004196167,30.519999504089355,31.37249994277954,29.80000114440918,30.790000915527344
2020-08-13,30.11000061035156,30.299999237060547,29.780000686645508,30.030000686645508,615900,0,0,-0.010217516953965555,0.9381444005401336,29.644500064849854,31.27857920506726,28.01042092463245,29.8100004196167,30.519999504089355,31.08750009536743,29.80000114440918,29.34000015258789
2020-08-14,29.899999618530277,30.280000686645508,29.61000061035156,29.770000457763672,946600,0,0,-0.008658016081813158,0.9300219312331941,29.717500114440917,31.231360154958107,28.203640073923726,29.8100004196167,30.764999389648438,30.692500591278076,29.80000114440918,30.3700008392334
2020-08-17,29.88999938964844,29.93000030517578,29.399999618530277,29.6200008392334,604100,0,0,-0.005038616601403367,0.9253359072908133,29.79300012588501,31.115185812031548,28.47081443973847,29.8100004196167,30.764999389648438,30.692500591278076,29.80000114440918,30.709999084472656
2020-08-18,29.46999931335449,29.59000015258789,28.780000686645508,29.21999931335449,1022300,0,0,-0.013504440058930922,0.9128397639964281,29.774000072479247,31.117714585559405,28.43028555939909,29.8100004196167,30.764999389648438,30.692500591278076,29.80000114440918,30.059999465942383
2020-08-19,29.190000534057617,29.61000061035156,28.920000076293945,29.21999931335449,933800,0,0,0.0,0.9128397639964281,29.696000003814696,30.975999344721565,28.416000662907827,29.8100004196167,30.764999389648438,30.630000591278076,29.80000114440918,30.190000534057617
2020-08-20,28.920000076293945,29.46999931335449,28.75,29.31999969482422,1231400,0,0,0.0034223266194268742,0.9159637998200244,29.608500003814697,30.7284617676423,28.488538239987093,30.170000076293945,30.764999389648438,30.405000686645508,29.80000114440918,29.670000076293945
2020-08-21,29.399999618530277,29.8700008392334,28.8799991607666,28.8799991607666,1019300,0,0,-0.015006839653388226,0.902218077947817,29.54049997329712,30.664016326658732,28.416983619935507,30.170000076293945,30.764999389648438,30.135000705718994,29.80000114440918,28.61000061035156
2020-08-24,29.0,30.0,28.71999931335449,29.920000076293945,1211200,0,0,0.03601111307995408,0.9347079551755747,29.567500019073485,30.70030713150571,28.43469290664126,29.875,30.764999389648438,29.755000591278076,29.80000114440918,30.21999931335449
2020-08-25,30.149999618530277,30.36000061035156,29.450000762939453,29.76000022888184,926900,0,0,-0.005347588469388986,0.9297095216922316,29.584000015258788,30.71794040345793,28.450059627059645,29.539999961853024,31.019999504089355,29.755000591278076,29.80000114440918,31.530000686645508
2020-08-26,29.739999771118164,30.31999969482422,29.700000762939453,30.100000381469727,1915100,0,0,0.011424736222210186,0.9403312077408426,29.568000030517577,30.662216827017964,28.47378323401719,29.539999961853024,31.019999504089355,29.820000648498535,29.80000114440918,32.25
2020-08-27,30.459999084472656,30.979999542236328,30.34000015258789,30.59000015258789,1503100,0,0,0.016279061957082952,0.9556389177318344,29.621000003814697,30.8028812050022,28.439118802627192,29.84999942779541,31.019999504089355,30.140000343322754,29.80000114440918,32.31999969482422
2020-08-28,30.82999992370605,31.190000534057617,30.56999969482422,31.030000686645508,1067700,0,0,0.014383802937653511,0.9693846396040415,29.7085000038147,31.02902093136281,28.38797907626659,29.954999923706055,31.019999504089355,30.202499866485596,29.80000114440918,31.88999938964844
2020-08-31,31.049999237060547,31.049999237060547,29.84000015258789,29.850000381469727,997500,0,0,-0.038027724107773664,0.9325211479748654,29.752000045776366,31.02983704164692,28.474163049905812,29.954999923706055,29.8100004196167,30.642499446868896,29.80000114440918,33.11000061035156
2020-09-01,29.770000457763672,30.5,29.3799991607666,30.38999938964844,1162400,0,0,0.018090418803275332,0.9493908460846419,29.83150005340576,31.058840277406485,28.604159829405038,29.954999923706055,29.8100004196167,30.642499446868896,29.80000114440918,33.56999969482422
2020-09-02,30.6299991607666,30.809999465942383,30.01000022888184,30.440000534057617,1104600,0,0,0.0016453157424611842,0.9509528937894535,29.85850009918213,31.114419145552077,28.602581052812184,29.954999923706055,29.8100004196167,30.642499446868896,29.80000114440918,32.97999954223633
2020-09-03,30.63999938964844,30.8700008392334,29.56999969482422,29.709999084472656,878400,0,0,-0.023981650354053197,0.9281474739874197,29.91300001144409,31.035339507136786,28.790660515751394,29.954999923706055,29.8100004196167,30.642499446868896,30.540000915527344,32.790000915527344
2020-09-04,30.25,30.25,29.09000015258789,29.71999931335449,1157000,0,0,0.00033659472197888896,0.9284598835283819,29.938500022888185,31.017677374483394,28.859322671292976,30.140000343322754,29.8100004196167,30.642499446868896,31.65000057220459,31.940000534057617
2020-09-08,29.350000381469727,30.1200008392334,28.899999618530277,29.899999618530277,1116800,0,0,0.00605653799914152,0.9340831360936501,29.92799997329712,31.00435063072684,28.851649315867398,30.045000076293945,29.8100004196167,30.802499294281006,31.855000495910645,31.799999237060547
2020-09-09,29.940000534057617,30.07999992370605,29.229999542236328,29.25,938600,0,0,-0.02173911795394956,0.9137769926193151,29.85299997329712,30.898041350203798,28.807958596390442,30.045000076293945,29.8100004196167,30.902499198913574,32.01000118255615,32.720001220703125
2020-09-10,29.6200008392334,30.440000534057617,29.299999237060547,29.920000076293945,1231400,0,0,0.02290598551432299,0.9347079551755748,29.83199996948242,30.853412074553987,28.810587864410856,30.045000076293945,29.8100004196167,30.902499198913574,32.01000118255615,33.099998474121094
2020-09-11,30.26000022888184,31.46999931335449,30.0,30.989999771118164,1522900,0,0,0.03576202179464549,0.9681350014401923,29.879999923706055,31.018932684743184,28.741067162668926,30.184999465942383,29.8100004196167,30.902499198913574,32.01000118255615,34.349998474121094
2020-09-14,31.1200008392334,32.04999923706055,30.950000762939453,31.88999938964844,1198600,0,0,0.029041614236120505,0.9962512046805043,29.985999870300294,31.42341096358365,28.54858877701694,30.47499942779541,30.039999961853027,30.082499980926514,32.01000118255615,34.15999984741211
2020-09-15,32.0,32.040000915527344,31.32999992370605,31.600000381469727,988500,0,0,-0.009093728872031526,0.987191566336705,30.08499984741211,31.674382193755903,28.495617501068317,30.47499942779541,30.38499927520752,29.949999809265137,32.01000118255615,34.29999923706055
2020-09-16,32.04999923706055,33.4900016784668,31.82999992370605,32.84000015258789,1889300,0,0,0.03924049861231338,1.025929455625628,30.26599988937378,32.20944983437555,28.322549944372017,31.195000648498535,31.105000495910645,29.96250009536743,32.01000118255615,34.54999923706055
2020-09-17,32.29999923706055,32.66999816894531,31.63999938964844,31.86000061035156,1551600,0,0,-0.029841642438576677,0.9953140356436444,30.397999954223632,32.39776254217207,28.398237366275197,31.195000648498535,31.105000495910645,30.164999961853027,32.01000118255615,34.220001220703125
2020-09-18,31.850000381469727,31.850000381469727,30.25,30.790000915527344,2253200,0,0,-0.03358442166747999,0.9618869893790271,30.47150001525879,32.41400173738029,28.528998293137292,31.195000648498535,31.105000495910645,30.164999961853027,32.01000118255615,34.22999954223633
2020-09-21,29.809999465942383,30.01000022888184,28.450000762939453,29.34000015258789,1763800,0,0,-0.047093235460354266,0.9165886189019492,30.494500064849852,32.370110542236056,28.618889587463652,30.970001220703125,30.970001220703125,30.164999961853027,32.01000118255615,35.959999084472656
2020-09-22,29.40999984741211,30.38999938964844,29.21999931335449,30.3700008392334,1815200,0,0,0.035105681025521696,0.9487660865887445,30.517000102996825,32.37502829229943,28.658971913694216,30.970001220703125,30.970001220703125,30.28749990463257,32.01000118255615,33.43000030517578
2020-09-23,30.93000030517578,31.88999938964844,30.670000076293945,30.709999084472656,2252300,0,0,0.011195200389986004,0.9593877130513283,30.564500045776366,32.39064675764525,28.738353333907483,30.970001220703125,30.970001220703125,30.28749990463257,32.01000118255615,34.90999984741211
2020-09-24,30.559999465942383,30.950000762939453,29.100000381469727,30.059999465942383,4336600,0,0,-0.02116573226662588,0.9390815695769934,30.5625,32.39078681631666,28.734213183683334,30.970001220703125,30.970001220703125,30.28749990463257,32.01000118255615,31.709999084472656
2020-09-25,29.86000061035156,30.26000022888184,29.530000686645508,30.190000534057617,1322500,0,0,0.004324719575012681,0.9431428340234767,30.542500019073486,32.37796106067555,28.70703897747142,30.970001220703125,30.970001220703125,30.28749990463257,31.885001182556152,30.520000457763672
2020-09-28,30.790000915527344,30.950000762939453,29.6299991607666,29.670000076293945,2057500,0,0,-0.017224261297281385,0.9268978954095978,30.47449998855591,32.33355485395394,28.61544512315788,30.970001220703125,30.970001220703125,30.46749973297119,31.510001182556152,31.020000457763672
2020-09-29,29.51000022888184,29.6200008392334,28.25,28.61000061035156,2108500,0,0,-0.035726304793282315,0.8937832586859425,30.4125,32.42857782736039,28.396422172639614,30.459999084472656,30.8700008392334,30.46749973297119,31.24000072479248,30.979999542236328
2020-09-30,28.549999237060547,30.3799991607666,28.549999237060547,30.21999931335449,3050600,0,0,0.05627398352520152,0.9440800030603362,30.403999996185302,32.421837381873964,28.386162610496637,30.06999969482422,30.8700008392334,30.31999969482422,31.035000801086426,31.350000381469727
2020-10-01,30.950000762939453,31.93000030517578,30.15999984741211,31.530000686645508,2067500,0,0,0.04334882207333868,0.9850047591359958,30.4585000038147,32.535937390638274,28.381062616991123,30.09000015258789,30.8700008392334,30.27999973297119,31.035000801086426,30.15999984741211
2020-10-02,30.399999618530277,32.349998474121094,30.309999465942383,32.25,1433600,0,0,0.02283537258720858,1.00749770981104,30.585500049591065,32.77323126826923,28.3977688309129,30.299999237060547,30.8700008392334,30.27999973297119,31.035000801086426,34.220001220703125
2020-10-05,32.65999984741211,32.93000030517578,32.150001525878906,32.31999969482422,1359900,0,0,0.0021705331728441024,1.0096845170117494,30.71550006866455,32.990286698956496,28.4407134383726,30.59000015258789,30.8700008392334,30.434999465942383,31.035000801086426,32.7599983215332
2020-10-06,32.63999938964844,33.189998626708984,31.790000915527344,31.88999938964844,1194200,0,0,-0.013304465013489475,0.9962512046805047,30.81500005722046,33.11262174209091,28.517378372350013,30.719999313354492,30.8700008392334,30.487499713897705,30.65499973297119,31.8700008392334
2020-10-07,32.459999084472656,33.33000183105469,32.15999984741211,33.11000061035156,1362700,0,0,0.03825654575268311,1.03436433447353,31.008000087738036,33.395083710302416,28.620916465173657,30.790000915527344,30.8700008392334,29.882500171661377,30.519999504089355,31.239999771118164
2020-10-08,33.34000015258789,33.970001220703125,33.29999923706055,33.56999969482422,1427000,0,0,0.013893055753337658,1.0487348158416347,31.19050006866455,33.76950839772761,28.61149173960149,31.110000610351562,31.110000610351562,29.882500171661377,30.519999504089355,31.8799991607666
2020-10-09,33.70000076293945,33.84000015258789,32.84000015258789,32.97999954223633,1108700,0,0,-0.017575220671773084,1.0303030700270468,31.29000005722046,33.98269283498284,28.59730727945808,31.110000610351562,31.110000610351562,29.882500171661377,30.519999504089355,34.47999954223633
2020-10-12,33.18000030517578,33.34000015258789,32.619998931884766,32.790000915527344,1283500,0,0,-0.005761025753370896,1.024367467506844,31.335000133514406,34.096257905222664,28.573742361806147,31.260000228881836,31.110000610351562,29.882500171661377,30.519999504089355,34.5099983215332
2020-10-13,32.66999816894531,32.880001068115234,31.809999465942383,31.940000534057617,1456900,0,0,-0.02592254826889062,0.9978132523853165,31.352000141143797,34.12385575487079,28.58014452741681,32.06500053405762,31.110000610351562,29.975000381469727,30.519999504089355,34.15999984741211
2020-10-14,32.0,32.40999984741211,31.700000762939453,31.799999237060547,1252800,0,0,-0.004383259068758805,0.9934395783978708,31.30000009536743,33.99539479240079,28.60460539833407,32.140000343322754,31.110000610351562,29.927500247955322,30.519999504089355,33.22999954223633
2020-10-15,31.32999992370605,32.810001373291016,31.1299991607666,32.720001220703125,1308300,0,0,0.028930880682864313,1.0221806603061345,31.34300012588501,34.10016612756214,28.58583412420788,32.55000019073486,31.110000610351562,29.927500247955322,30.519999504089355,33.0099983215332
2020-10-16,32.81999969482422,33.290000915527344,32.150001525878906,33.099998474121094,1035400,0,0,0.011613607556271388,1.0340518653465403,31.4585000038147,34.30636863967354,28.610631367955854,32.55000019073486,31.110000610351562,29.927500247955322,30.519999504089355,33.810001373291016
2020-10-19,33.290000915527344,34.68000030517578,33.290000915527344,34.349998474121094,1981700,0,0,0.03776435219407337,1.0731021641764256,31.708999919891358,34.64832479407094,28.76967504571178,32.90499973297119,31.46500015258789,29.99749994277954,30.519999504089355,34.470001220703125
2020-10-20,34.439998626708984,34.97999954223633,34.099998474121094,34.15999984741211,1557600,0,0,-0.0055312557539740626,1.0671665616562227,31.89849987030029,34.95571121726871,28.841288523331873,33.054999351501465,31.614999771118164,30.25749969482422,30.519999504089355,34.45000076293945
2020-10-21,33.97999954223633,34.970001220703125,33.75,34.29999923706055,1911500,0,0,0.0040983428066099226,1.071540176057641,32.077999877929685,35.25553300032418,28.90046675553519,33.054999351501465,31.614999771118164,30.429999351501465,30.519999504089355,34.4900016784668
2020-10-22,34.59000015258789,34.959999084472656,33.81999969482422,34.54999923706055,1751900,0,0,0.007288629899731225,1.079350235823618,32.3024998664856,35.51264985394297,29.092349879028227,33.054999351501465,31.614999771118164,31.15000057220459,30.519999504089355,33.470001220703125
2020-10-23,34.849998474121094,34.939998626708984,34.08000183105469,34.220001220703125,1339700,0,0,-0.00955131761633865,1.0690410189019965,32.503999900817874,35.663428165124586,29.34457163651116,33.054999351501465,31.614999771118164,31.15000057220459,30.519999504089355,33.709999084472656
2020-10-26,33.83000183105469,34.2400016784668,33.33000183105469,34.22999954223633,1580700,0,0,0.00029217770825651357,1.0693533688569314,32.73199987411499,35.69007633245102,29.77392341577896,33.054999351501465,31.614999771118164,31.15000057220459,30.519999504089355,33.08000183105469
2020-10-27,34.560001373291016,36.119998931884766,34.400001525878906,35.959999084472656,2302300,0,0,0.05054044888612075,1.1233989681368461,33.099499797821046,35.721619341593346,30.47738025404875,33.624999046325684,32.18499946594238,30.970001220703125,30.519999504089355,34.220001220703125
2020-10-28,34.650001525878906,35.18000030517578,33.369998931884766,33.43000030517578,2352200,0,0,-0.07035591890182546,1.0443612014402157,33.25999984741211,35.52207155377529,30.997928141048934,34.135000228881836,32.18499946594238,30.970001220703125,30.764999389648438,36.70000076293945
2020-10-29,33.439998626708984,35.13999938964844,33.29999923706055,34.90999984741211,2270400,0,0,0.04427159822691329,1.0905967409541535,33.42899980545044,35.65314061581901,31.204858995081864,34.704999923706055,32.18499946594238,30.970001220703125,30.764999389648438,37.36000061035156
2020-10-30,32.5,33.779998779296875,31.309999465942383,31.709999084472656,3912800,0,0,-0.09166430183117491,0.9906279521152362,33.40199975967407,35.695526597735515,31.108472921612627,33.714999198913574,32.18499946594238,30.970001220703125,30.764999389648438,37.06999969482422
2020-11-02,31.920000076293945,32.18000030517578,30.3799991607666,30.520000457763672,2361000,0,0,-0.03752755159465415,0.9534521105311251,33.311999797821045,35.89466744593752,30.729332149704565,33.249999046325684,32.18499946594238,30.970001220703125,30.764999389648438,37.06999969482422
2020-11-03,30.5,31.3799991607666,30.209999084472656,31.020000457763672,3693100,0,0,0.016382699623217478,0.9690722300630793,33.26849985122681,35.973278969009705,30.56372073344391,33.16499900817871,32.18499946594238,30.970001220703125,30.764999389648438,36.58000183105469
2020-11-04,30.93000030517578,31.280000686645508,30.09000015258789,30.979999542236328,1633000,0,0,-0.0012895201462620465,0.9678225918992299,33.161999797821046,36.04709918451859,30.2769004111235,33.10499954223633,32.334999084472656,30.664999961853027,30.764999389648438,35.209999084472656
2020-11-05,31.1200008392334,31.6200008392334,30.8799991607666,31.350000381469727,1072900,0,0,0.011943216420289504,0.979381506570728,33.05099983215332,36.034986240954225,30.06701342335242,33.10499954223633,33.10499954223633,30.47000026702881,30.764999389648438,34.81999969482422
2020-11-06,31.51000022888184,31.75,30.059999465942383,30.15999984741211,1515000,0,0,-0.03795854926882236,0.9422056054005895,32.90999984741211,36.152319483720156,29.667680211104067,33.089999198913574,33.089999198913574,30.480000495910645,31.019999504089355,35.81999969482422
2020-11-09,32.209999084472656,35.119998931884766,32.209999084472656,34.220001220703125,2965500,0,0,0.13461543082996363,1.0690410189019965,32.9814998626709,36.27331248782288,29.689687237518925,32.61999988555908,33.089999198913574,30.585000038146973,31.019999504089355,36.31999969482422
2020-11-10,34.06999969482422,35.38999938964844,32.650001525878906,32.7599983215332,2276400,0,0,-0.042665191323447926,1.0234301792979292,33.02249975204468,36.28130837732066,29.7636911267687,32.72499942779541,33.089999198913574,30.730000495910645,31.019999504089355,36.369998931884766
2020-11-11,33.040000915527344,33.08000183105469,31.18000030517578,31.8700008392334,2584800,0,0,-0.027167201706320254,0.9956264451846069,33.02599983215332,36.279639233841806,29.772360430464833,32.72499942779541,33.089999198913574,30.795000076293945,31.019999504089355,36.52999877929688
2020-11-12,31.6299991607666,32.20000076293945,30.90999984741211,31.239999771118164,1152800,0,0,-0.019767839708986656,0.9759450612061693,32.951999759674074,36.297150981730574,29.60684853761757,32.72499942779541,33.089999198913574,30.83000087738037,30.760001182556152,36.630001068115234
2020-11-13,31.56999969482422,32.27000045776367,31.56999969482422,31.8799991607666,1121500,0,0,0.02048653631041719,0.9959387951395419,32.89099979400635,36.26781993449168,29.514179653521012,32.72499942779541,33.089999198913574,31.110000610351562,31.000000953674316,36.22999954223633
2020-11-16,33.0,34.689998626708984,32.779998779296875,34.47999954223633,1908300,0,0,0.08155584849165987,1.0771634286229086,32.89749984741211,36.286136679866665,29.508863014957548,32.72499942779541,33.089999198913574,31.110000610351562,31.000000953674316,36.63999938964844
2020-11-17,34.220001220703125,34.81999969482422,33.70000076293945,34.5099983215332,1265600,0,0,0.0008700342138963091,1.0781005976597684,32.91499977111816,36.33334342637993,29.49665611585639,32.72499942779541,33.089999198913574,31.1850004196167,31.000000953674316,36.119998931884766
2020-11-18,34.43000030517578,34.779998779296875,33.970001220703125,34.15999984741211,1402900,0,0,-0.010141944107331491,1.0671665616562223,32.90799980163574,36.31540781577472,29.500591787496763,32.72499942779541,33.089999198913574,31.58750057220459,31.000000953674316,36.27000045776367
2020-11-19,33.90999984741211,34.029998779296875,32.75,33.22999954223633,1102200,0,0,-0.027224833411298666,1.0381131297930233,32.84199981689453,36.16895680645347,29.51504282733558,33.14999961853027,33.089999198913574,31.625000476837158,31.000000953674316,35.599998474121094
2020-11-20,33.38999938964844,33.58000183105469,32.689998626708984,33.0099983215332,1495500,0,0,-0.0066205604494065096,1.031240239063906,32.78149967193603,36.048855302158344,29.514144041713717,33.14999961853027,33.089999198913574,31.830000400543213,31.000000953674316,36.02000045776367
2020-11-23,33.41999816894531,33.939998626708984,33.040000915527344,33.810001373291016,748700,0,0,0.02423517396048913,1.0562325256526761,32.76049976348877,35.995230742296016,29.525768784681514,32.864999771118164,33.089999198913574,31.830000400543213,31.000000953674316,35.939998626708984
2020-11-24,34.4900016784668,34.849998474121094,34.060001373291016,34.470001220703125,1280500,0,0,0.01952084651299346,1.0768510786679735,32.68599987030029,35.679684173085924,29.69231556751466,32.8799991607666,33.089999198913574,32.18499994277954,31.355000495910645,34.869998931884766
2020-11-25,34.59000015258789,34.619998931884766,34.08000183105469,34.45000076293945,860100,0,0,-0.0005802279389436338,1.0762262595860488,32.736999893188475,35.81415138909978,29.659848397277173,33.209999084472656,33.089999198913574,32.334999561309814,31.505000114440918,35.380001068115234
2020-11-27,34.4900016784668,34.619998931884766,34.029998779296875,34.4900016784668,561800,0,0,0.0011611295977205227,1.0774758977498982,32.71599998474121,35.738198699584366,29.693801269898053,33.76999855041504,33.089999198913574,32.334999561309814,31.614999771118164,37.459999084472656
2020-11-30,34.40999984741211,34.40999984741211,33.33000183105469,33.470001220703125,780400,0,0,-0.029573801337344996,1.0456108396040653,32.80400009155274,35.806115150230795,29.80188503287468,33.76999855041504,33.089999198913574,32.334999561309814,31.614999771118164,37.470001220703125
2020-12-01,33.79999923706055,34.22999954223633,33.0,33.709999084472656,809000,0,0,0.0071705364510437075,1.0531084302430527,32.963500022888184,35.79564255744045,30.131357488335915,33.76999855041504,33.089999198913574,32.334999561309814,31.614999771118164,36.66999816894531
2020-12-02,33.849998474121094,33.849998474121094,32.959999084472656,33.08000183105469,1114000,0,0,-0.01868873540575544,1.0334271654366698,33.06650009155273,35.752978603714006,30.380021579391457,33.76999855041504,33.089999198913574,32.334999561309814,31.614999771118164,37.52000045776367
2020-12-03,33.209999084472656,34.290000915527344,33.209999084472656,34.220001220703125,1374700,0,0,0.03446189016163337,1.0690410189019963,33.22850017547607,35.77797834459761,30.679022006354536,33.76999855041504,32.72499942779541,32.90499925613403,32.18499946594238,38.68000030517578
2020-12-04,34.470001220703125,36.75,34.45000076293945,36.70000076293945,1934500,0,0,0.0724722224947183,1.1465167974798423,33.49600019454956,36.31267400653851,30.67932638256061,34.85499954223633,33.40499973297119,33.15999984741211,32.18499946594238,36.95000076293945
2020-12-07,36.5,37.43000030517578,35.939998626708984,37.36000061035156,2130400,0,0,0.017983646694596178,1.1671353504951396,33.85600023269653,36.7157589324568,30.99624153293626,35.19499969482422,33.74499988555908,33.44499969482422,32.18499946594238,37.33000183105469
2020-12-08,37.0,37.400001525878906,36.38999938964844,37.06999969482422,1177900,0,0,-0.0077623370125693425,1.158075652565313,33.998500156402585,37.18564489492552,30.811355417879653,35.19499969482422,33.74499988555908,32.94999933242798,32.18499946594238,36.65999984741211
2020-12-09,37.470001220703125,37.47999954223633,36.93999862670898,37.06999969482422,1027600,0,0,0.0,1.158075652565313,34.21400022506714,37.61509397913366,30.812906471000616,35.21999931335449,33.769999504089355,32.71749925613403,32.18499946594238,36.11000061035156
2020-12-10,37.04999923706055,37.209999084472656,36.13999938964844,36.58000183105469,1033200,0,0,-0.013218178252047408,1.1427680021603486,34.449500274658206,37.82057162458473,31.078428924731682,35.21999931335449,33.769999504089355,32.67499923706055,32.18499946594238,36.4900016784668
2020-12-11,36.220001220703125,36.869998931884766,35.060001373291016,35.209999084472656,1397100,0,0,-0.03745223285962118,1.0999687888389151,34.64800024032593,37.68757150195218,31.60842897869968,35.21999931335449,33.769999504089355,32.71999931335449,32.18499946594238,36.709999084472656
2020-12-14,35.529998779296875,35.70000076293945,34.720001220703125,34.81999969482422,748700,0,0,-0.01107638170375369,1.0877851146715196,34.79500026702881,37.553342403362606,32.03665813069502,35.21999931335449,33.769999504089355,33.10499954223633,32.18499946594238,36.560001373291016
2020-12-15,35.04999923706055,35.81999969482422,34.70000076293945,35.81999969482422,1260600,0,0,0.028719127190246496,1.1190253537354278,34.8620002746582,37.65174246736352,32.07225808195288,35.34499931335449,34.19499969482422,33.089999198913574,32.18499946594238,37.220001220703125
2020-12-16,35.97999954223633,36.630001068115234,35.20000076293945,36.31999969482422,1431700,0,0,0.01395868241931475,1.1346454732673819,34.952500343322754,37.80807317634298,32.09692751030253,35.96500015258789,34.19499969482422,32.85499954223633,32.18499946594238,36.130001068115234
2020-12-17,36.63999938964844,36.84999847412109,36.13999938964844,36.369998931884766,811100,0,0,0.0013766309879037486,1.1362074613861664,35.06300029754639,37.95854753558743,32.16745305950535,36.09000015258789,34.19499969482422,32.90749931335449,32.18499946594238,34.900001525878906
2020-12-18,36.4900016784668,37.06999969482422,35.83000183105469,36.52999877929688,3049600,0,0,0.004399226068490414,1.1412058948695096,35.228000259399415,38.06170733377707,32.39429318502176,36.09000015258789,34.19499969482422,32.90749931335449,32.18499946594238,34.90999984741211
2020-12-21,35.95000076293945,36.77999877929688,35.560001373291016,36.630001068115234,747600,0,0,0.0027375387944175156,1.1443299902791328,35.409000396728516,38.110881997704304,32.70711879575273,36.09000015258789,34.52499961853027,32.90749931335449,32.18499946594238,34.47999954223633
2020-12-22,36.65999984741211,36.77999877929688,35.91999816894531,36.22999954223633,571100,0,0,-0.010920052258122648,1.1318338469847478,35.53000030517578,38.149214929426094,32.91078568092547,35.954999923706055,35.084999084472656,32.90749931335449,32.18499946594238,34.5099983215332
2020-12-23,36.459999084472656,37.0,36.310001373291016,36.63999938964844,502700,0,0,0.011316584393939566,1.144642340234068,35.63850021362305,38.25281051788621,33.02418990935988,35.885000228881836,35.084999084472656,32.90749931335449,32.18499946594238,34.75
2020-12-24,36.45000076293945,36.59000015258789,36.0,36.119998931884766,210100,0,0,-0.014192152467955133,1.1283974016201892,35.72200012207031,38.28475275203677,33.15924749210385,35.885000228881836,35.084999084472656,32.90749931335449,32.18499946594238,35.79999923706055
2020-12-28,36.400001525878906,36.77999877929688,36.09999847412109,36.27000045776367,470600,0,0,0.0041528662877809985,1.1330834851485974,35.81100006103516,38.31888788781081,33.30311223425951,35.885000228881836,35.084999084472656,32.90749931335449,32.18499946594238,37.18000030517578
2020-12-29,36.45000076293945,36.45000076293945,35.459999084472656,35.599998474121094,778600,0,0,-0.01847262131752092,1.1121524630063104,35.91749992370605,38.18566737311232,33.64933247429979,36.135000228881836,35.084999084472656,33.119999408721924,32.18499946594238,37.25
2020-12-30,35.63999938964844,36.369998931884766,35.63999938964844,36.02000045776367,577400,0,0,0.01179780903496086,1.1252734253826202,36.032999992370605,38.05969217412797,34.006307810613244,36.26499938964844,35.21999931335449,33.119999408721924,32.18499946594238,36.43000030517578
2020-12-31,36.119998931884766,36.400001525878906,35.599998474121094,35.939998626708984,710600,0,0,-0.0022210391459738243,1.1227741490549215,36.17599983215332,37.68046201165928,34.671537652647366,36.26499938964844,35.21999931335449,32.97749948501587,32.18499946594238,35.31999969482422
2021-01-04,36.20000076293945,36.459999084472656,34.630001068115234,34.869998931884766,1334600,0,0,-0.029771834605164527,1.089347102790304,36.2084997177124,37.5614352149565,34.8555642204683,35.81500053405762,35.21999931335449,32.98499917984009,32.18499946594238,35.2400016784668
2021-01-05,34.66999816894531,35.63999938964844,34.56999969482422,35.380001068115234,972900,0,0,0.014625814506811663,1.1052796914492475,36.14249973297119,37.521905774066596,34.76309369187578,35.78499984741211,35.21999931335449,33.149999141693115,32.18499946594238,36.43999862670898
2021-01-06,35.810001373291016,37.84000015258789,35.779998779296875,37.459999084472656,1928300,0,0,0.058790219151008793,1.1702593267327082,36.14749965667725,37.545324462822755,34.74967485053174,36.204999923706055,35.39999961853027,33.42999887466431,32.18499946594238,36.93000030517578
2021-01-07,37.5099983215332,38.209999084472656,37.09999847412109,37.470001220703125,2804000,0,0,0.00026700844834293136,1.170571795859698,36.167499732971194,37.6282747430639,34.70672472287849,36.38999938964844,35.584999084472656,33.42999887466431,32.18499946594238,36.43000030517578
2021-01-08,37.66999816894531,37.72999954223633,36.18999862670898,36.66999816894531,1261300,0,0,-0.021350494414069887,1.1455795092709278,36.14749965667725,37.568279482646865,34.72671983070763,36.38999938964844,35.584999084472656,33.42999887466431,32.18499946594238,36.119998931884766
2021-01-11,36.5,37.650001525878906,36.18999862670898,37.52000045776367,1139100,0,0,0.023179774509457074,1.1721337839784824,36.1944995880127,37.72836319125787,34.660635984767524,36.38999938964844,35.709999084472656,33.42999887466431,32.18499946594238,36.2599983215332
2021-01-12,37.77000045776367,39.06999969482422,37.619998931884766,38.68000030517578,1425200,0,0,0.030916839905636984,1.2083724565257337,36.36799964904785,38.18021062859081,34.5557886695049,36.81999969482422,36.760000228881836,33.247498989105225,32.18499946594238,36.61000061035156
2021-01-13,38.40999984741211,38.52999877929688,36.84000015258789,36.95000076293945,968900,0,0,-0.04472594437918953,1.1543268572458192,36.47449970245361,38.15444678220439,34.79455262270284,36.81999969482422,36.81999969482422,34.12999963760376,32.5,37.2400016784668
2021-01-14,37.56999969482422,38.130001068115234,37.22999954223633,37.33000183105469,760200,0,0,0.010284196489012576,1.1661981814582796,36.54999980926514,38.24131254679074,34.85868707173954,36.81999969482422,36.81999969482422,34.46999979019165,32.84000015258789,37.40999984741211
2021-01-15,37.150001525878906,37.560001373291016,36.47999954223633,36.65999984741211,973900,0,0,-0.01794808333186859,1.1452671593159929,36.56699981689453,38.25552603239613,34.878473601392926,36.81999969482422,36.81999969482422,34.46999979019165,32.84000015258789,38.02000045776367
2021-01-19,36.7400016784668,37.720001220703125,36.0,36.11000061035156,2866300,0,0,-0.015002707019906691,1.1280850516652543,36.55399990081787,38.252474943263266,34.855524858372476,37.42499923706055,36.81999969482422,34.494999408721924,32.864999771118164,36.68000030517578
2021-01-20,36.2400016784668,37.0099983215332,36.0,36.4900016784668,1114600,0,0,0.010523430121635036,1.1399563758777147,36.55200004577637,38.25067981166925,34.853320279883484,37.53499984741211,36.81999969482422,34.494999408721924,32.864999771118164,36.59999847412109
2021-01-21,36.79999923706055,36.970001220703125,36.119998931884766,36.709999084472656,977000,0,0,0.006028977689405801,1.1468291474347774,36.55599994659424,38.25578390146272,34.85621599172576,37.53499984741211,36.81999969482422,34.494999408721924,33.01499938964844,38.95000076293945
2021-01-22,36.11000061035156,36.790000915527344,35.900001525878906,36.560001373291016,1116800,0,0,-0.004086017840438605,1.1421431830784239,36.57250003814697,38.26562727933581,34.87937279695813,37.48500061035156,36.81999969482422,34.494999408721924,33.769999504089355,38.08000183105469
2021-01-25,36.59999847412109,37.97999954223633,36.45000076293945,37.220001220703125,1674900,0,0,0.01805251155964882,1.1627617360937212,36.60150012969971,38.318220056918115,34.8847802024813,37.48500061035156,36.81999969482422,34.769999504089355,33.769999504089355,37.880001068115234
2021-01-26,37.77999877929688,37.91999816894531,36.0,36.130001068115234,987500,0,0,-0.029285333606641428,1.128709870747179,36.60200023651123,38.31815845162361,34.88584202139885,37.21500015258789,36.81999969482422,35.079999923706055,33.769999504089355,36.7599983215332
2021-01-27,35.5099983215332,35.88999938964844,34.689998626708984,34.900001525878906,1257800,0,0,-0.034043717295148546,1.0902843909992184,36.533500289916994,38.401558336016926,34.66544224381706,36.40999984741211,36.81999969482422,35.142499923706055,33.769999504089355,36.97999954223633
2021-01-28,35.150001525878906,35.310001373291016,34.560001373291016,34.90999984741211,1001600,0,0,0.0002864848451593627,1.0905967409541535,36.49900035858154,38.45898921607767,34.53901150108541,36.27000045776367,36.81500053405762,35.142499923706055,33.769999504089355,37.43999862670898
2021-01-29,34.959999084472656,35.61000061035156,34.2400016784668,34.47999954223633,1042600,0,0,-0.01231739636365703,1.0771634286229086,36.422000312805174,38.5656859429821,34.27831468262825,36.11000061035156,36.65500068664551,35.30749988555908,33.769999504089355,37.84000015258789
2021-02-01,34.54999923706055,34.79999923706055,33.79999923706055,34.5099983215332,1783900,0,0,0.0008700342138963091,1.0781005976597684,36.35050029754639,38.64547217284804,34.05552842224474,35.88999938964844,36.43499946594238,35.519999504089355,33.769999504089355,38.13999938964844
2021-02-02,34.95000076293945,35.209999084472656,34.31999969482422,34.75,1518600,0,0,0.00695455491567043,1.0855983074708104,36.344500350952146,38.65566957923949,34.0333311226648,35.88999938964844,36.43499946594238,35.484999656677246,33.769999504089355,38.09999847412109
2021-02-03,35.060001373291016,35.880001068115234,34.91999816894531,35.79999923706055,1688000,0,0,0.030215805383037253,1.118400534653503,36.36550025939941,38.6483880767295,34.08261244206932,35.88999938964844,36.43499946594238,35.484999656677246,33.769999504089355,39.25
2021-02-04,36.47999954223633,37.93000030517578,36.220001220703125,37.18000030517578,2767800,0,0,0.03854751669063283,1.1615120979298716,36.35150032043457,38.61041829776473,34.092582343104404,35.88999938964844,36.43499946594238,35.484999656677246,33.769999504089355,41.869998931884766
2021-02-05,34.09000015258789,37.650001525878906,34.04999923706055,37.25,3840700,0,0,0.0018827244284469469,1.1636989051305808,36.34050025939941,38.579361810206414,34.10163870859241,35.864999771118164,36.43499946594238,35.609999656677246,33.769999504089355,40.02000045776367
2021-02-08,37.310001373291016,37.59999847412109,36.16999816894531,36.43000030517578,1742000,0,0,-0.02201341462615347,1.1380819186319404,36.32850036621094,38.562686315294876,34.094314417127,35.864999771118164,36.43499946594238,35.742499351501465,33.769999504089355,41.20000076293945
2021-02-09,36.38999938964844,36.72999954223633,35.0099983215332,35.31999969482422,1620600,0,0,-0.030469409855971352,1.1034052342034735,36.21850032806397,38.423325880369894,34.01367477575804,35.864999771118164,36.43499946594238,35.742499351501465,33.769999504089355,41.59999847412109
2021-02-10,35.72999954223633,36.09000015258789,35.15999984741211,35.2400016784668,1284300,0,0,-0.0022649495200631753,1.1009060770478292,36.04650039672852,37.97267541174866,34.120325381708376,35.864999771118164,36.43499946594238,35.517499923706055,33.769999504089355,41.29999923706055
2021-02-11,35.29999923706055,36.650001525878906,34.880001068115234,36.43999862670898,1823800,0,0,0.03405212517272482,1.1383942685868753,36.02100028991699,37.9114441546611,34.130556425172884,35.864999771118164,36.43499946594238,35.5024995803833,33.769999504089355,42.13999938964844
2021-02-12,36.56999969482422,36.97999954223633,36.18000030517578,36.93000030517578,1991300,0,0,0.013446808368089647,1.1537020381638945,36.001000213623044,37.842949498049904,34.159050929196184,35.989999771118164,36.43499946594238,35.802499771118164,33.94999980926514,40.709999084472656
2021-02-16,37.5,37.720001220703125,36.40999984741211,36.43000030517578,1770600,0,0,-0.013539127968269282,1.1380819186319404,35.98950023651123,37.81751735813487,34.161483114887595,35.989999771118164,36.43499946594238,35.98749923706055,34.13499927520752,40.900001525878906
2021-02-17,36.2599983215332,36.630001068115234,35.779998779296875,36.119998931884766,882300,0,0,-0.00850950784227611,1.1283974016201892,35.99000015258789,37.81815577912984,34.16184452604594,35.989999771118164,36.43499946594238,35.98749923706055,34.13499927520752,41.34000015258789
2021-02-18,36.13999938964844,36.400001525878906,35.2599983215332,36.2599983215332,919600,0,0,0.0038759522089812926,1.1327710160216078,35.97849998474121,37.796688622881746,34.16031134660068,35.885000228881836,36.43499946594238,36.04999923706055,34.13499927520752,42.25
2021-02-19,36.4900016784668,37.220001220703125,36.38999938964844,36.61000061035156,1229400,0,0,0.009652573221728744,1.1437051711972084,35.97350006103515,37.7840665008572,34.16293362121311,36.30000114440918,36.16499900817871,36.78999996185303,34.5649995803833,41.369998931884766
2021-02-22,36.13999938964844,37.43000030517578,36.06999969482422,37.2400016784668,1038300,0,0,0.01720844189052273,1.163386555175646,36.007500076293944,37.88586200886693,34.12913814372096,36.30000114440918,35.96500015258789,36.81999969482422,34.5649995803833,43.0
2021-02-23,36.66999816894531,37.65999984741211,35.81999969482422,37.40999984741211,982800,0,0,0.00456493451351303,1.1686973386139243,36.01700000762939,37.92181909407609,34.11218092118269,36.30000114440918,35.88999938964844,36.81999969482422,34.5649995803833,41.709999084472656
2021-02-24,37.43000030517578,38.209999084472656,37.16999816894531,38.02000045776367,868900,0,0,0.01630581696978428,1.187753903510437,36.11149997711182,38.20931509559624,34.0136848586274,36.545000076293945,36.0049991607666,36.81999969482422,34.5649995803833,41.58000183105469
2021-02-25,38.02000045776367,38.560001373291016,36.2400016784668,36.68000030517578,991300,0,0,-0.03524461169001025,1.1458919783979178,36.20049991607666,38.23455604922781,34.166443782925505,36.90999984741211,36.18000030517578,37.12249946594238,34.5649995803833,41.869998931884766
2021-02-26,36.79999923706055,37.29999923706055,36.18999862670898,36.59999847412109,977400,0,0,-0.002181074983344744,1.1433927020702186,36.28499984741211,38.23539867216245,34.33460102266177,36.90999984741211,36.18000030517578,37.177499771118164,34.5649995803833,42.540000915527344
2021-03-01,37.2599983215332,39.290000915527344,37.130001068115234,38.95000076293945,1473700,0,0,0.06420771548610826,1.2168073353736357,36.50849990844726,38.60118159020139,34.41581822669313,37.27499961853027,36.545000076293945,37.177499771118164,34.5649995803833,43.41999816894531
2021-03-02,39.02999877929688,39.380001068115234,37.66999816894531,38.08000183105469,1788400,0,0,-0.022336300766200745,1.1896283607562108,36.68700008392334,38.67251172181262,34.701488446034055,37.31999969482422,36.59000015258789,37.15250015258789,34.5649995803833,42.56999969482422
2021-03-03,38.310001373291016,38.75,37.68000030517578,37.880001068115234,812400,0,0,-0.00525212062296565,1.1833802891090184,36.8435001373291,38.67990222613358,35.007098048524625,37.60000038146973,36.59000015258789,37.15250015258789,34.989999771118164,43.16999816894531
2021-03-04,37.86000061035156,38.09000015258789,35.939998626708984,36.7599983215332,1334700,0,0,-0.029567125528007776,1.1483911355535619,36.891500091552736,38.664718240751085,35.118281942354386,37.60000038146973,36.59000015258789,37.017499923706055,34.989999771118164,44.09999847412109
2021-03-05,37.11000061035156,37.34999847412109,35.779998779296875,36.97999954223633,1185200,0,0,0.005984799530696749,1.1552640262826792,36.88150005340576,38.65029995495412,35.112700151857396,37.579999923706055,36.59000015258789,36.614999771118164,34.989999771118164,43.81999969482422
2021-03-08,37.22999954223633,38.47999954223633,37.09999847412109,37.43999862670898,1223100,0,0,0.01243913169731825,1.1696345076507837,36.890999984741214,38.669735339632,35.11226462985043,37.579999923706055,36.59000015258789,36.542500495910645,34.989999771118164,44.5099983215332
2021-03-09,37.970001220703125,38.970001220703125,37.58000183105469,37.84000015258789,1169900,0,0,0.010683801830952966,1.182130650945169,36.961499977111814,38.773383935773815,35.14961601844981,37.579999923706055,36.59000015258789,36.382500648498535,35.31999969482422,44.2599983215332
2021-03-10,38.02999877929688,39.040000915527344,37.84000015258789,38.13999938964844,933900,0,0,0.007928098199017297,1.1915026988299307,37.10249996185303,38.81671632596206,35.38828359774399,37.579999923706055,36.71500015258789,36.16249942779541,35.8799991607666,44.81999969482422
2021-03-11,38.369998931884766,38.560001373291016,37.5,38.09999847412109,1359000,0,0,-0.0010487917191264184,1.190253060666081,37.245499801635745,38.78031269940324,35.71068690386825,37.579999923706055,36.71500015258789,36.16249942779541,35.8799991607666,43.97999954223633
2021-03-12,38.310001373291016,39.33000183105469,37.970001220703125,39.25,1796600,0,0,0.030183768292275204,1.2261793832583974,37.385999870300296,39.105604379743525,35.66639536085707,37.579999923706055,36.71500015258789,36.16249942779541,35.8799991607666,43.47999954223633
2021-03-15,39.15999984741211,42.150001525878906,39.15999984741211,41.869998931884766,2638200,0,0,0.06675156514356084,1.3080287762376615,37.63299980163574,40.227910490019006,35.038089113252475,38.96500015258789,38.10000038146973,36.16249942779541,35.8799991607666,44.16999816894531
2021-03-16,41.93000030517578,42.02000045776367,39.650001525878906,40.02000045776367,1327900,0,0,-0.0441843449084085,1.250234381638253,37.812499809265134,40.54429206516032,35.08070755336995,38.96500015258789,38.51500129699707,36.14999961853027,35.8799991607666,44.5099983215332
2021-03-17,39.900001525878906,41.5099983215332,39.880001068115234,41.20000076293945,1712300,0,0,0.029485264659632637,1.2870978732674292,38.066499900817874,41.05694685864948,35.076052942986266,38.96500015258789,38.51500129699707,36.14999961853027,36.01499938964844,51.900001525878906
2021-03-18,41.16999816894531,42.34999847412109,41.09999847412109,41.59999847412109,1465300,0,0,0.009708682130449064,1.2995938973897596,38.333499908447266,41.576819166785604,35.09018065010893,39.72499847412109,38.614999771118164,36.14999961853027,36.01499938964844,48.75
2021-03-19,41.77000045776367,41.97999954223633,40.86000061035156,41.29999923706055,1611100,0,0,-0.007211520386164572,1.2902218495049982,38.567999839782715,41.955542982014535,35.180456697550895,39.92499923706055,38.614999771118164,36.14999961853027,36.01499938964844,49.33000183105469
2021-03-22,41.209999084472656,42.20000076293945,41.02999877929688,42.13999938964844,919100,0,0,0.020338987121193863,1.3164636550855633,38.8129997253418,42.481230254920575,35.14476919576302,39.92499923706055,38.80499839782715,36.14999961853027,36.01499938964844,48.86000061035156
2021-03-23,41.58000183105469,42.29999923706055,40.22999954223633,40.709999084472656,2331400,0,0,-0.033934511767626074,1.2717901036904102,38.977999687194824,42.676030508896936,35.27996886549271,39.92499923706055,38.80499839782715,36.21249961853027,36.01499938964844,48.959999084472656
2021-03-24,41.040000915527344,41.77000045776367,40.84999847412109,40.900001525878906,2062300,0,0,0.00466721802208836,1.2777258253826678,39.121999740600586,42.884036992500796,35.359962488700376,40.15999984741211,38.80499839782715,36.21249961853027,36.01499938964844,48.4900016784668
2021-03-25,40.290000915527344,41.720001220703125,40.02999877929688,41.34000015258789,2929700,0,0,0.010757912232120193,1.2914714876688478,39.354999732971194,43.05936722002552,35.65063224591687,40.7549991607666,38.80499839782715,36.21249961853027,36.01499938964844,48.720001220703125
2021-03-26,41.59999847412109,42.34999847412109,41.0,42.25,1511100,0,0,0.02201257484405561,1.319900100450122,39.63749980926514,43.31982915561615,35.955170462914126,41.0,39.064998626708984,36.15999984741211,36.13999938964844,48.86000061035156
2021-03-29,42.18999862670898,43.27000045776367,41.22999954223633,41.369998931884766,2158700,0,0,-0.020828427647697878,1.2924086567057076,39.758499717712404,43.501715045923895,36.01528438950091,41.57500076293945,39.52499961853027,36.232500076293945,36.43499946594238,48.91999816894531
2021-03-30,41.66999816894531,43.27999877929688,41.650001525878906,43.0,1784600,0,0,0.03940055862217973,1.3433302797480533,40.00449962615967,43.918803904217285,36.09019534810206,41.65499877929688,39.529998779296875,36.132500648498535,36.43499946594238,49.18000030517578
2021-03-31,42.880001068115234,43.36000061035156,41.709999084472656,41.709999084472656,2599900,0,0,-0.03000002129133361,1.3030303427543186,40.19599952697754,44.049441694679516,36.34255735927556,41.69499969482422,39.56999969482422,36.09500026702881,36.43499946594238,49.59000015258789
2021-04-01,42.09999847412109,42.15999984741211,41.27999877929688,41.58000183105469,2124900,0,0,-0.003116692790011699,1.2989691974798898,40.43699970245361,43.988670461403935,36.88532894350329,41.69499969482422,39.56999969482422,36.27499961853027,36.43499946594238,49.970001220703125
2021-04-05,42.0,42.5,41.5,41.869998931884766,1185500,0,0,0.006974436942267959,1.3080287762376617,40.68149967193604,43.90197848957824,37.461020854293835,41.69499969482422,39.56999969482422,36.545000076293945,36.43499946594238,49.09999847412109
2021-04-06,42.220001220703125,42.90999984741211,42.0,42.540000915527344,1520600,0,0,0.016001958460341914,1.3289597983799486,40.936499786376956,43.88309658915342,37.989902983600494,41.69499969482422,39.56999969482422,36.545000076293945,36.43499946594238,46.72999954223633
2021-04-07,42.75,43.63999938964844,42.61000061035156,43.41999816894531,2001400,0,0,0.020686347778068992,1.3564511229523086,41.21549968719482,43.98607038244917,38.44492899194047,41.834999084472656,39.709999084472656,36.90999984741211,36.545000076293945,47.47999954223633
2021-04-08,43.34000015258789,43.43000030517578,42.16999816894531,42.56999969482422,1223600,0,0,-0.019576197834320186,1.3298969674168084,41.43699970245361,43.87342445217188,39.00057495273534,42.31999969482422,39.709999084472656,36.954999923706055,36.59000015258789,48.5
2021-04-09,42.88999938964844,43.31999969482422,42.45000076293945,43.16999816894531,1357900,0,0,0.014094396956127797,1.3486410631863315,41.69049968719482,43.69849332188915,39.68250605250049,42.43499946594238,39.709999084472656,37.09500026702881,36.59000015258789,49.18000030517578
2021-04-12,42.900001525878906,44.150001525878906,42.77999877929688,44.09999847412109,1087300,0,0,0.021542745995406953,1.3776944950495302,41.93299961090087,43.87306106127869,39.99293816052305,42.71500015258789,39.96500015258789,37.09500026702881,36.59000015258789,47.95000076293945
2021-04-13,43.9900016784668,44.040000915527344,42.91999816894531,43.81999969482422,864900,0,0,-0.00634917888854758,1.3689472662466935,42.03049964904785,44.138708532014064,39.92229076608163,42.71500015258789,40.625,37.08500003814697,36.59000015258789,46.65999984741211
2021-04-14,44.02999877929688,44.720001220703125,43.869998931884766,44.5099983215332,1349000,0,0,0.015746203366370226,1.3905029882988504,42.25499954223632,44.41520990925055,40.09478917522209,43.0,41.11000061035156,37.08500003814697,36.59000015258789,46.43999862670898
2021-04-15,44.68000030517578,45.150001525878906,44.040000915527344,44.2599983215332,1397800,0,0,-0.005616715556671981,1.3826929285328735,42.40799942016601,44.67947740686776,40.13652143346425,43.32500076293945,41.32500076293945,37.08500003814697,36.59000015258789,45.63999938964844
2021-04-16,44.75,45.41999816894531,44.5,44.81999969482422,1552400,0,0,0.012652539415451525,1.4001875053106019,42.568999481201175,45.038630511390394,40.099368451011955,43.709999084472656,41.459999084472656,37.14750003814697,36.59000015258789,46.66999816894531
2021-04-19,44.77999877929688,45.22999954223633,43.810001373291016,43.97999954223633,2624200,0,0,-0.018741636731534728,1.3739456997300368,42.70299949645996,45.17350799889335,40.23249099402657,43.79499816894531,41.69499969482422,37.14750003814697,36.59000015258789,46.59999847412109
2021-04-20,43.59999847412109,44.4900016784668,42.880001068115234,43.47999954223633,1683400,0,0,-0.011368804120150622,1.3583255801980827,42.769999504089355,45.248555440325944,40.29144356785277,43.79499816894531,42.28999900817871,37.14750003814697,36.59000015258789,47.43000030517578
2021-04-21,43.54999923706055,44.4900016784668,43.06999969482422,44.16999816894531,2318500,0,0,0.01586933380803557,1.3798813022502396,42.94299945831299,45.30106901420478,40.5849299024212,43.93499946594238,42.53499984741211,38.53250026702881,37.97500038146973,47.68999862670898
2021-04-22,44.16999816894531,45.380001068115234,44.08000183105469,44.5099983215332,2727600,0,0,0.007697536035374597,1.3905029882988504,43.1234992980957,45.377675705586306,40.8693228906051,44.099998474121094,42.64999961853027,38.74000072479248,37.97500038146973,47.5
2021-04-23,50.130001068115234,53.13999938964844,49.709999084472656,51.900001525878906,11691000,0,0,0.16603018384681767,1.621368455085658,43.651499366760255,47.99717258846321,39.3058261450573,48.010000228881836,46.584999084472656,38.74000072479248,37.97500038146973,47.34000015258789
2021-04-26,52.209999084472656,52.810001373291016,48.59999847412109,48.75,5619500,0,0,-0.06069366923444541,1.5229616543655253,43.97649936676025,48.805212062550304,39.1477866709702,48.010000228881836,46.584999084472656,39.16999912261963,38.07499885559082,46.41999816894531
2021-04-27,48.75,50.43999862670898,48.7400016784668,49.33000183105469,2114600,0,0,0.011897473457532115,1.5410810502251784,44.37449951171875,49.57997908375205,39.169019939685455,48.010000228881836,46.584999084472656,39.269999504089355,38.07499885559082,46.630001068115234
2021-04-28,49.08000183105469,49.63999938964844,48.2400016784668,48.86000061035156,1535500,0,0,-0.009527695180567508,1.5263980997300841,44.66749954223633,50.18437108293551,39.15062800153714,48.010000228881836,46.584999084472656,39.36499881744385,38.07499885559082,46.38999938964844
2021-04-29,49.369998931884766,49.369998931884766,48.61000061035156,48.959999084472656,883100,0,0,0.0020466326826018566,1.529522075967653,45.029999542236325,50.674592743913834,39.385406340558816,48.010000228881836,46.584999084472656,39.36499881744385,38.07499885559082,46.709999084472656
2021-04-30,48.77000045776367,49.06999969482422,48.27999877929688,48.4900016784668,1258100,0,0,-0.009599620400216002,1.5148392446446133,45.37549953460693,50.9784185727521,39.772580496461764,48.010000228881836,46.584999084472656,39.48249912261963,38.07499885559082,48.560001373291016
2021-05-03,48.65999984741211,49.470001220703125,48.380001068115234,48.720001220703125,1630300,0,0,0.004743236425550856,1.5220244853286655,45.717999649047854,51.25833866547755,40.17766063261816,48.10499954223633,47.06999969482422,39.779998779296875,38.07499885559082,48.150001525878906
2021-05-04,48.52999877929688,48.95000076293945,48.16999816894531,48.86000061035156,1188500,0,0,0.002873550618651244,1.5263980997300841,46.033999633789065,51.53359602936201,40.53440323821612,48.61000061035156,47.18499946594238,40.03249931335449,38.07499885559082,47.84000015258789
2021-05-05,48.709999084472656,49.36000061035156,48.380001068115234,48.91999816894531,1076200,0,0,0.0012279483799482183,1.5282724378038037,46.308999633789064,51.80829241831575,40.809706849262376,50.654998779296875,47.209999084472656,40.55000019073486,38.53499984741211,49.959999084472656
2021-05-06,49.34000015258789,49.5,48.650001525878906,49.18000030517578,1287300,0,0,0.005314843539702352,1.5363949666967704,46.63949966430664,51.991177879921686,41.287821448691595,50.489999771118164,47.209999084472656,40.592498779296875,38.53999900817871,48.959999084472656
2021-05-07,49.13999938964844,50.15999984741211,48.619998931884766,49.59000015258789,1806600,0,0,0.008336719090442202,1.5492034599460907,46.96049976348877,52.20931777871021,41.71168174826733,49.30499839782715,47.209999084472656,40.63249969482422,38.579999923706055,49.09999847412109
2021-05-10,49.59999847412109,50.650001525878906,49.59999847412109,49.970001220703125,1589200,0,0,0.007662856764387493,1.561074784158551,47.253999900817874,52.48645538256512,42.02154441907063,49.40999984741211,47.31999969482422,40.63249969482422,38.579999923706055,49.25
2021-05-11,49.150001525878906,49.68999862670898,48.02000045776367,49.09999847412109,1553100,0,0,-0.017410500807063967,1.5338956903690715,47.51799983978272,52.55798666991819,42.47801300964724,49.33500099182129,47.56999969482422,40.63249969482422,38.579999923706055,47.810001373291016
2021-05-12,48.77000045776367,48.869998931884766,46.52000045776367,46.72999954223633,1492600,0,0,-0.048268818850043416,1.4598563571557845,47.628999900817874,52.491896872132855,42.76610292950289,48.58500099182129,47.654998779296875,40.63249969482422,38.579999923706055,47.02000045776367
2021-05-13,47.22999954223633,48.0,46.77000045776367,47.47999954223633,783900,0,0,0.016049647064989125,1.4832865364537156,47.78999996185303,52.400048921132054,43.179951002574,48.58500099182129,47.654998779296875,40.772499084472656,38.71999931335449,48.18000030517578
2021-05-14,47.310001373291016,48.83000183105469,47.310001373291016,48.5,1259800,0,0,0.021482739418653862,1.5151515945995484,47.973999977111816,52.382409568260776,43.56559038596286,48.58500099182129,47.795000076293945,41.01499938964844,38.71999931335449,48.15999984741211
2021-05-17,48.91999816894531,49.380001068115234,48.38999938964844,49.18000030517578,1030900,0,0,0.014020624848985141,1.5363949666967702,48.234000015258786,52.26257944461628,44.205420585901294,48.58500099182129,47.959999084472656,41.07249927520752,38.71999931335449,49.02999877929688
2021-05-18,49.09000015258789,49.5,47.83000183105469,47.95000076293945,1062800,0,0,-0.025010157271326383,1.4979694869488098,48.45750007629395,51.84485540007161,45.070144752516285,48.58500099182129,48.010000228881836,41.34000015258789,38.97500038146973,48.77000045776367
2021-05-19,47.0099983215332,47.16999816894531,46.290000915527344,46.65999984741211,1181300,0,0,-0.02690304264863297,1.4576695499550751,48.582000160217284,51.47128882314789,45.69271149728668,48.470001220703125,48.010000228881836,41.670000076293945,38.97500038146973,50.2400016784668
2021-05-20,46.68000030517578,46.77999877929688,45.4900016784668,46.43999862670898,1216200,0,0,-0.004714985456977794,1.4507966592259576,48.678500175476074,51.104498544453115,46.25250180649903,48.07000160217285,48.010000228881836,42.05500030517578,39.260000228881836,49.5099983215332
2021-05-21,46.810001373291016,46.91999816894531,45.5,45.63999938964844,1509300,0,0,-0.017226512935347826,1.4258044918092423,48.36550006866455,50.65846251799864,46.07253761933046,47.59000015258789,48.010000228881836,42.32500076293945,39.47500038146973,48.95000076293945
2021-05-24,46.16999816894531,46.81999969482422,45.75,46.66999816894531,1119100,0,0,0.02256789643013213,1.4579818999100105,48.26149997711182,50.66260114850673,45.860398805716905,47.4950008392334,48.010000228881836,42.584999084472656,39.73499870300293,49.83000183105469
2021-05-25,46.93999862670898,47.290000915527344,46.560001373291016,46.59999847412109,738300,0,0,-0.0014998863846282795,1.455795092709301,48.124999809265134,50.578011117715086,45.67198850081518,47.4950008392334,48.010000228881836,42.744998931884766,39.73499870300293,50.84999847412109
2021-05-26,47.060001373291016,47.959999084472656,46.79999923706055,47.43000030517578,1496200,0,0,0.017811198674515527,1.4817245483349313,48.05349979400635,50.49993107087843,45.607068517134266,47.4950008392334,48.10499954223633,43.04249858856201,39.73499870300293,50.65999984741211
2021-05-27,47.900001525878906,47.93000030517578,47.18000030517578,47.68999862670898,914900,0,0,0.005481727173946904,1.489846958055843,47.989999771118164,50.404391818679514,45.575607723556814,47.4950008392334,48.61000061035156,43.234999656677246,39.73499870300293,49.54999923706055
2021-05-28,47.88999938964844,47.93000030517578,46.91999816894531,47.5,638300,0,0,-0.003984035063539837,1.4839113555356405,47.94049968719482,50.35242392393696,45.528575450452685,47.4950008392334,49.31500053405762,43.374999046325684,40.14999961853027,48.81999969482422
2021-06-01,47.7599983215332,47.81999969482422,47.08000183105469,47.34000015258789,709300,0,0,-0.003368417840254989,1.4789129220522972,47.871499633789064,50.26903598849023,45.4739632790879,46.72500038146973,49.150001525878906,47.297499656677246,44.010000228881836,48.65999984741211
2021-06-02,47.20000076293945,47.43000030517578,46.130001068115234,46.41999816894531,999800,0,0,-0.019433924391153323,1.450171840144033,47.74949951171875,50.18186680528117,45.31713221815634,46.72500038146973,48.07000160217285,47.297499656677246,44.010000228881836,49.56999969482422
2021-06-03,46.2400016784668,46.68000030517578,45.68999862670898,46.630001068115234,788700,0,0,0.004523974740490377,1.456732380918215,47.634999656677245,50.05156372916397,45.218435584190516,46.72999954223633,48.07000160217285,47.297499656677246,44.010000228881836,49.810001373291016
2021-06-04,46.75,46.7599983215332,45.650001525878906,46.38999938964844,961700,0,0,-0.005146937014138486,1.449234671107173,47.49549961090088,49.86021013239934,45.13078908940242,46.80500030517578,48.07000160217285,47.297499656677246,44.19999885559082,49.040000915527344
2021-06-07,46.41999816894531,47.20000076293945,46.310001373291016,46.709999084472656,1835800,0,0,0.006898031882613509,1.4592315380738592,47.35149955749512,49.529977314451,45.17302180053923,46.80500030517578,48.07000160217285,47.297499656677246,44.19999885559082,49.09999847412109
2021-06-08,46.91999816894531,48.810001373291016,46.560001373291016,48.560001373291016,1548800,0,0,0.03960612984540468,1.517026051845322,47.28099956512451,49.18747203286617,45.37452709738285,47.23000144958496,48.07000160217285,47.297499656677246,44.19999885559082,48.61000061035156
2021-06-09,48.41999816894531,48.7400016784668,47.93999862670898,48.150001525878906,1182600,0,0,-0.008443159716169601,1.5042175585960018,47.233499717712405,48.996793221471584,45.470206213953226,47.23000144958496,48.07000160217285,47.58749961853027,44.19999885559082,47.11000061035156
2021-06-10,48.47999954223633,48.54999923706055,47.13999938964844,47.84000015258789,873600,0,0,-0.006438242231921909,1.4945330415842506,47.28899974822998,49.05531355886194,45.52268593759803,47.23000144958496,48.07000160217285,47.89750003814697,44.459999084472656,46.06999969482422
2021-06-11,47.9900016784668,50.08000183105469,47.93999862670898,49.959999084472656,1558100,0,0,0.04431435880273682,1.5607623150315606,47.4129997253418,49.532617344479945,45.29338210620365,47.8650016784668,48.07000160217285,48.932498931884766,44.459999084472656,48.77000045776367
2021-06-14,50.0099983215332,50.369998931884766,48.540000915527344,48.959999084472656,1167800,0,0,-0.02001601317704582,1.5295220759676524,47.43599967956543,49.612147658793674,45.25985170033718,48.010000228881836,48.07000160217285,48.84999942779541,44.459999084472656,50.2599983215332
2021-06-15,48.95000076293945,49.11000061035156,47.88999938964844,49.09999847412109,823600,0,0,0.002859464711322479,1.5338956903690706,47.431999588012694,49.59542953452586,45.268569641499525,48.010000228881836,48.07000160217285,48.2574987411499,44.459999084472656,51.209999084472656
2021-06-16,49.119998931884766,49.459999084472656,47.90999984741211,49.25,1084600,0,0,0.003055020988605106,1.538581773897479,47.49699954986572,49.794248598934686,45.19975050079675,48.010000228881836,47.93000030517578,48.364999771118164,44.459999084472656,54.220001220703125
2021-06-17,48.45000076293945,49.22999954223633,47.13999938964844,47.810001373291016,1378600,0,0,-0.029238550796121476,1.4935958725473908,47.55449962615967,49.82212929911801,45.286869953201325,48.34000015258789,47.93000030517578,48.452500343322754,44.459999084472656,54.20000076293945
2021-06-18,47.36000061035156,47.790000915527344,46.81999969482422,47.02000045776367,1619900,0,0,-0.01652375847804677,1.4689160550856102,47.5834997177124,49.80731733583305,45.35968209959175,48.46500015258789,47.93000030517578,48.11999988555908,44.459999084472656,52.810001373291016
2021-06-21,47.459999084472656,48.2599983215332,47.18999862670898,48.18000030517578,756100,0,0,0.02467034955591063,1.5051547276328614,47.71049976348877,49.757051823326364,45.663947703651175,48.59499931335449,47.93000030517578,48.11999988555908,44.459999084472656,52.5099983215332
2021-06-22,47.84000015258789,48.5,47.459999084472656,48.15999984741211,916700,0,0,-0.00041511950263573016,1.5045299085509367,47.78499984741211,49.78196868949293,45.78803100533129,48.59499931335449,47.93000030517578,48.19000053405762,44.459999084472656,53.709999084472656
2021-06-23,48.68000030517578,49.43000030517578,48.369998931884766,49.02999877929688,745300,0,0,0.018064761931919415,1.5317088831683618,47.9064998626709,49.89588849728765,45.91711122805415,48.59499931335449,47.93000030517578,48.27250003814697,44.459999084472656,53.68000030517578
2021-06-24,49.02999877929688,49.220001220703125,48.52999877929688,48.77000045776367,752500,0,0,-0.005302841688892612,1.5235864734474496,47.973499870300294,49.98456085266358,45.96243888793701,48.59499931335449,47.93000030517578,48.29750061035156,44.459999084472656,54.540000915527344
2021-06-25,50.0,51.119998931884766,49.59000015258789,50.2400016784668,1982900,0,0,0.03014150516517211,1.5695096630064522,48.101000022888186,50.337298791294806,45.86470125448157,48.96999931335449,48.30500030517578,48.24000072479248,45.119998931884766,54.119998931884766
2021-06-28,49.970001220703125,50.2400016784668,48.7599983215332,49.5099983215332,1137100,0,0,-0.014530321109572641,1.5467041836183912,48.201499938964844,50.50118684605384,45.90181303187585,48.96999931335449,48.30999946594238,48.040000915527344,45.31999969482422,52.83000183105469
2021-06-29,49.84000015258789,50.0,48.68999862670898,48.95000076293945,681900,0,0,-0.011310797365755354,1.5292097260127175,48.28199996948242,50.56795077317508,45.99604916578976,48.96999931335449,48.385000228881836,47.80000019073486,45.31999969482422,53.540000915527344
2021-06-30,48.650001525878906,49.970001220703125,48.41999816894531,49.83000183105469,1796300,0,0,0.017977549630223688,1.556701169757132,48.45250015258789,50.664179221982124,46.24082108319365,48.96999931335449,48.385000228881836,47.75250053405762,45.31999969482422,53.91999816894531
2021-07-01,50.0099983215332,51.47999954223633,49.77000045776367,50.84999847412109,1349500,0,0,0.020469528508640922,1.5885661087309102,48.663500022888186,50.94431189183276,46.38268815394361,49.334999084472656,48.56500053405762,47.75250053405762,45.55500030517578,53.34999847412109
2021-07-02,50.91999816894531,50.91999816894531,50.09999847412109,50.65999984741211,706000,0,0,-0.0037364529480895525,1.5826305062107073,48.87700004577637,51.06300766420771,46.69099242734503,49.46999931335449,48.56500053405762,47.80000019073486,46.14999961853027,53.79999923706055
2021-07-06,50.65999984741211,50.79999923706055,48.59999847412109,49.54999923706055,1058300,0,0,-0.021910789847905288,1.5479538217822406,49.01900005340576,50.97838960538306,47.059610501428466,49.92499923706055,48.56500053405762,48.05250072479248,46.39500045776367,53.560001373291016
2021-07-07,49.09000015258789,49.619998931884766,47.900001525878906,48.81999969482422,1219000,0,0,-0.014732584328484344,1.525148461566234,49.03199996948242,50.98236755624176,47.08163238272308,49.69000053405762,48.56500053405762,48.40500068664551,46.510000228881836,53.70000076293945
2021-07-08,47.70000076293945,48.84999847412109,46.880001068115234,48.65999984741211,782700,0,0,-0.003277342245233017,1.520150028082891,49.05749988555908,50.973745324993764,47.1412544461244,49.18000030517578,48.56500053405762,47.937500953674316,46.584999084472656,53.33000183105469
2021-07-09,49.150001525878906,49.97999954223633,48.93999862670898,49.56999969482422,883200,0,0,0.018701188866947938,1.5485786408641653,49.143999862670896,50.986590337175684,47.30140938816611,49.18000030517578,48.56500053405762,47.39750099182129,46.584999084472656,52.77999877929688
2021-07-12,49.45000076293945,49.93000030517578,48.95000076293945,49.810001373291016,601700,0,0,0.0048416719778969775,1.556076350675207,49.13649997711182,50.96679125014437,47.30620870407927,49.18000030517578,48.56500053405762,47.40000057220459,46.584999084472656,49.720001220703125
2021-07-13,49.540000915527344,49.86000061035156,48.56999969482422,49.040000915527344,1436400,0,0,-0.015458751988241426,1.5320213522953512,49.14050006866455,50.96956691329076,47.31143322403834,49.18000030517578,48.89500045776367,47.437500953674316,46.584999084472656,49.65999984741211
2021-07-14,49.459999084472656,49.790000915527344,49.040000915527344,49.09999847412109,1181600,0,0,0.0012234412209144452,1.5338956903690704,49.14050006866455,50.96956691329076,47.31143322403834,49.18000030517578,49.02000045776367,47.437500953674316,46.584999084472656,49.43000030517578
2021-07-15,49.18000030517578,49.33000183105469,47.79999923706055,48.61000061035156,969900,0,0,-0.00997959020360839,1.518588039964106,49.10850009918213,50.951275860964735,47.265724337399526,48.89999961853027,49.14999961853027,47.650001525878906,46.584999084472656,50.38999938964844
2021-07-16,49.09999847412109,49.16999816894531,46.959999084472656,47.11000061035156,1380400,0,0,-0.030857847791933013,1.4717276813682438,49.073500061035155,51.03755255461576,47.10944756745455,48.84000015258789,49.14999961853027,47.650001525878906,47.06999969482422,50.7599983215332
2021-07-19,45.93000030517578,47.22999954223633,45.27999877929688,46.06999969482422,1585600,0,0,-0.022076011506117932,1.4392378041404863,49.026000022888184,51.22138785129304,46.83061219448333,47.6299991607666,48.3799991607666,47.650001525878906,47.18499946594238,51.18000030517578
2021-07-20,46.43000030517578,49.2599983215332,46.43000030517578,48.77000045776367,2139100,0,0,0.058606485366284655,1.5235864734474494,49.05550003051758,51.219928155231266,46.89107190580389,47.6299991607666,48.3799991607666,47.967501640319824,47.209999084472656,51.27000045776367
2021-07-21,49.09000015258789,50.56999969482422,49.0099983215332,50.2599983215332,1974600,0,0,0.03055152449834231,1.570134362916322,49.16049995422363,51.34484567861297,46.97615422983429,47.92499923706055,48.3799991607666,48.040000915527344,47.209999084472656,50.09000015258789
2021-07-22,50.7400016784668,51.650001525878906,50.459999084472656,51.209999084472656,3270600,0,0,0.018901726913358008,1.5998126138614457,49.269499969482425,51.62940773730717,46.90959220165768,48.46500015258789,48.46500015258789,48.040000915527344,47.209999084472656,50.93000030517578
2021-07-23,53.709999084472656,55.869998931884766,52.400001525878906,54.220001220703125,4958100,0,0,0.058777625269341716,1.6938458001801597,49.5420000076294,52.73160698859735,46.352393026661446,50.57499885559082,50.57499885559082,47.97000026702881,47.31999969482422,51.18000030517578
2021-07-26,54.0,54.560001373291016,52.790000915527344,54.20000076293945,1509100,0,0,-0.00036887601094404143,1.693220981098235,49.73999996185303,53.52199033813373,45.95800958557233,50.57499885559082,50.57499885559082,48.135000228881836,47.56999969482422,50.43000030517578
2021-07-27,53.84999847412109,53.869998931884766,51.93000030517578,52.810001373291016,1733000,0,0,-0.025645744835466555,1.6497970678669314,49.90500011444092,53.91601995748145,45.89398027140038,50.57499885559082,50.57499885559082,48.197500228881836,47.654998779296875,50.209999084472656
2021-07-28,52.959999084472656,53.18999862670898,52.0,52.5099983215332,1523600,0,0,-0.005680799923431512,1.6404249008101153,50.0829999923706,54.22399217559311,45.942007809148095,50.57499885559082,50.57499885559082,48.26249980926514,47.654998779296875,49.709999084472656
2021-07-29,53.09999847412109,53.9900016784668,52.83000183105469,53.709999084472656,953400,0,0,0.022852805204668147,1.6779132115212159,50.2769998550415,54.708986986746254,45.84501272333675,50.57499885559082,50.57499885559082,48.26249980926514,47.795000076293945,49.02999877929688
2021-07-30,53.13999938964844,54.43000030517578,53.040000915527344,53.68000030517578,1333500,0,0,-0.000558532485723795,1.676976042484356,50.41849994659424,55.09146443816588,45.7455354550226,51.14999961853027,50.57499885559082,48.26249980926514,47.959999084472656,47.29999923706055
2021-08-02,54.2599983215332,55.79999923706055,54.2599983215332,54.540000915527344,996700,0,0,0.01602087566062549,1.7038426671468456,50.6125,55.623204440846195,45.6017955591538,52.439998626708984,50.57499885559082,48.26249980926514,48.010000228881836,46.54999923706055
2021-08-03,54.90999984741211,55.380001068115234,53.86000061035156,54.119998931884766,1442800,0,0,-0.00770080631815695,1.6907217047705358,50.84099998474121,56.05206669364339,45.62993327583903,53.16499900817871,50.57499885559082,48.63749980926514,48.010000228881836,46.97999954223633
2021-08-04,53.630001068115234,54.47999954223633,52.68000030517578,52.83000183105469,1447600,0,0,-0.02383586707852048,1.6504218869488558,51.041500091552734,56.234448292570015,45.848551890535454,53.89999961853027,50.57499885559082,48.63999938964844,48.010000228881836,46.7400016784668
2021-08-05,52.70000076293945,54.09999847412109,52.70000076293945,53.540000915527344,674500,0,0,0.013439315916421224,1.6726024280829375,51.2855001449585,56.46636904527143,46.10463124464557,53.864999771118164,50.57499885559082,48.677499771118164,48.010000228881836,46.130001068115234
2021-08-06,53.77999877929688,54.45000076293945,53.40999984741211,53.91999816894531,821700,0,0,0.00709744577736382,1.6844736331233432,51.50300006866455,56.74307511705242,46.262925020276676,53.864999771118164,50.57499885559082,48.677499771118164,48.010000228881836,46.16999816894531
2021-08-09,53.630001068115234,54.060001373291016,52.81999969482422,53.34999847412109,922400,0,0,-0.01057121131640748,1.6666667063906797,51.679999923706056,56.918503923467625,46.44149592394449,53.89999961853027,50.57499885559082,48.94999980926514,48.010000228881836,45.40999984741211
2021-08-10,53.25,54.40999984741211,53.11000061035156,53.79999923706055,749500,0,0,0.008434878646861543,1.6807248378038495,51.917999839782716,57.08640471856553,46.7495949609999,54.239999771118164,50.57499885559082,49.017499923706055,48.10499954223633,45.0
2021-08-11,53.459999084472656,53.720001220703125,53.119998931884766,53.560001373291016,552200,0,0,-0.0044609268991254725,1.673227247164862,52.140999984741214,57.18588242965171,47.096117539830715,54.239999771118164,50.57499885559082,49.24499988555908,48.61000061035156,45.220001220703125
2021-08-12,53.83000183105469,53.88999938964844,52.86000061035156,53.70000076293945,908900,0,0,0.0026138795007248916,1.6776008615662805,52.3954999923706,57.207926635725414,47.58307334901579,54.239999771118164,50.57499885559082,49.12750053405762,49.31500053405762,44.83000183105469
2021-08-13,53.86000061035156,53.86000061035156,52.81999969482422,53.33000183105469,911900,0,0,-0.0068901103655126805,1.6660420064808097,52.70650005340576,56.8653982837226,48.547601823088925,54.03000068664551,50.57499885559082,48.8725004196167,49.150001525878906,44.459999084472656
2021-08-16,52.91999816894531,53.20000076293945,51.77999877929688,52.77999877929688,761100,0,0,-0.010313201441473296,1.6488597796580167,53.0420000076294,55.85932111270579,50.224678902553,53.1299991607666,50.57499885559082,48.8725004196167,48.48500061035156,45.84999847412109
2021-08-17,52.09000015258789,52.38999938964844,49.16999816894531,49.720001220703125,1411500,0,0,-0.05797646133697998,1.5532647243925723,53.08950004577637,55.63302476995065,50.545975321602086,51.80999946594238,50.57499885559082,48.8725004196167,48.48500061035156,46.119998931884766
2021-08-18,49.2400016784668,50.58000183105469,49.20000076293945,49.65999984741211,851800,0,0,-0.0012067854347925788,1.5513902671467983,53.05950012207031,55.74746948241958,50.37153076172104,51.80999946594238,50.57499885559082,49.03750038146973,48.48500061035156,44.40999984741211
2021-08-19,48.720001220703125,49.97999954223633,48.43000030517578,49.43000030517578,845200,0,0,-0.0046314849565654015,1.5442050264627458,52.97050018310547,55.99787933507327,49.94312103113767,51.420000076293945,50.57499885559082,49.10000038146973,48.48500061035156,43.7400016784668
2021-08-20,49.7400016784668,50.41999816894531,49.310001373291016,50.38999938964844,912900,0,0,0.01942138536406479,1.5741956273628046,52.77900009155273,55.94876935426517,49.609230828840296,51.420000076293945,50.57499885559082,49.02499961853027,48.48500061035156,43.150001525878906
2021-08-23,51.16999816894531,51.40999984741211,50.66999816894531,50.7599983215332,888900,0,0,0.007342705623464951,1.5857544824482754,52.60699996948242,55.82316765955519,49.39083227940966,51.15999984741211,50.57499885559082,48.99499988555908,48.48500061035156,42.880001068115234
2021-08-24,50.66999816894531,51.720001220703125,50.66999816894531,51.18000030517578,588100,0,0,0.008274271030942915,1.598875444824585,52.52549991607666,55.79968174801919,49.251318084134134,51.15999984741211,51.14999961853027,48.0049991607666,48.3799991607666,42.119998931884766
2021-08-25,51.7400016784668,51.7400016784668,50.709999084472656,51.27000045776367,604300,0,0,0.0017585023847448422,1.601687071107219,52.463500022888184,55.78364773173206,49.14335231404431,51.14500045776367,52.14999961853027,48.0049991607666,48.3799991607666,42.4900016784668
2021-08-26,50.93000030517578,51.27000045776367,49.59000015258789,50.09000015258789,798800,0,0,-0.023015414367859588,1.564823579478043,52.28250007629394,55.70533269441471,48.85966745817318,50.81500053405762,52.14999961853027,48.152499198913574,48.3799991607666,41.7400016784668
2021-08-27,50.400001525878906,51.150001525878906,50.040000915527344,50.93000030517578,693900,0,0,0.016769817329387537,1.591065385058608,52.14500007629395,55.55297734074862,48.737022811839275,50.40999984741211,52.14999961853027,48.46500015258789,48.46500015258789,41.83000183105469
2021-08-30,51.0,51.58000183105469,50.16999816894531,51.18000030517578,724500,0,0,0.00490869818382067,1.5988754448245852,51.977000045776364,55.221795292661646,48.73220479889108,50.08500099182129,52.114999771118164,50.57499885559082,50.57499885559082,41.619998931884766
2021-08-31,50.93999862670898,51.150001525878906,49.81999969482422,50.43000030517578,945600,0,0,-0.014654161694566348,1.575445265526654,51.79250011444092,54.946288680108836,48.638711548773,50.08500099182129,52.114999771118164,50.57499885559082,50.57499885559082,42.5099983215332
2021-09-01,51.0,51.38999938964844,50.15999984741211,50.209999084472656,988900,0,0,-0.0043625068287089785,1.5685723747975366,51.661499977111816,54.84986836684821,48.47313158737542,50.525001525878906,52.114999771118164,50.57499885559082,50.57499885559082,41.970001220703125
2021-09-02,50.27999877929688,50.540000915527344,49.220001220703125,49.709999084472656,1324200,0,0,-0.009958175843795658,1.5529522552655826,51.46999988555908,54.643945085916904,48.29605468520126,50.48000144958496,52.114999771118164,50.57499885559082,50.57499885559082,41.08000183105469
2021-09-03,49.45000076293945,49.709999084472656,48.79999923706055,49.02999877929688,735700,0,0,-0.013679346564063333,1.531708883168361,51.22549991607666,54.359555623383486,48.09144420876983,50.27000045776367,52.114999771118164,50.57499885559082,50.57499885559082,41.22999954223633
2021-09-07,48.97999954223633,48.97999954223633,47.16999816894531,47.29999923706055,1190100,0,0,-0.03528451122390874,1.4776632838884463,50.922999954223634,54.33699207353066,47.50900783491661,49.454999923706055,51.48499870300293,50.86249923706055,50.57499885559082,42.45000076293945
2021-09-08,47.06999969482422,47.34999847412109,45.83000183105469,46.54999923706055,1452800,0,0,-0.015856237042227272,1.454233104590515,50.56049995422363,54.209734410145046,46.911265498302214,48.70500183105469,50.60500144958496,51.5074987411499,50.57499885559082,43.90999984741211
2021-09-09,46.43000030517578,47.59000015258789,46.43000030517578,46.97999954223633,1058500,0,0,0.009237385869459658,1.46766641692176,50.2314998626709,53.9263846029077,46.5366151224341,48.70500183105469,50.15500068664551,51.869998931884766,50.57499885559082,44.61000061035156
2021-09-10,47.2599983215332,47.43000030517578,46.68999862670898,46.7400016784668,832100,0,0,-0.005108511411409555,1.4601688262827726,49.88349990844726,53.51596697045752,46.251032846437006,48.70500183105469,50.14000129699707,52.23749923706055,50.57499885559082,43.65999984741211
2021-09-13,46.97999954223633,47.11000061035156,45.47999954223633,46.130001068115234,1913500,0,0,-0.013050932572657326,1.44111226138626,49.52349987030029,53.145330471343925,45.90166926925666,48.43499946594238,49.96500015258789,52.21999931335449,50.57499885559082,43.630001068115234
2021-09-14,46.08000183105469,46.709999084472656,45.52000045776367,46.16999816894531,986500,0,0,0.0008670518080200473,1.4423617803780546,49.192999839782715,52.77149033923206,45.61450934033337,48.43499946594238,49.94499969482422,52.21999931335449,50.57499885559082,44.15999984741211
2021-09-15,46.16999816894531,46.209999084472656,44.86000061035156,45.40999984741211,1542500,0,0,-0.01646086964855875,1.4186192511251883,48.97749977111816,52.90880959194569,45.04618995029063,47.70000076293945,49.635000228881836,52.23749923706055,50.57499885559082,45.66999816894531
2021-09-16,45.470001220703125,46.11000061035156,44.91999816894531,45.0,1182800,0,0,-0.009028844941418201,1.405810757875868,48.74449977874756,53.02704831406624,44.46195124342888,47.28499984741211,49.375,52.40749931335449,50.57499885559082,45.77999877929688
2021-09-17,45.06999969482422,46.0,44.77000045776367,45.220001220703125,2042000,0,0,0.004888916015624911,1.4126836486049852,48.533999824523924,53.070258802711656,43.99774084633619,46.875,49.329999923706055,52.40749931335449,50.57499885559082,46.25
2021-09-20,44.15999984741211,44.95000076293945,43.650001525878906,44.83000183105469,1553700,0,0,-0.008624488702355104,1.4004999744375897,48.25599994659424,52.98279542199772,43.52920447119075,45.6200008392334,48.755001068115234,52.40749931335449,50.57499885559082,46.119998931884766
2021-09-21,45.310001373291016,45.86000061035156,44.41999816894531,44.459999084472656,1249400,0,0,-0.008253462669406408,1.3889410001800644,47.94099998474121,52.79765469367478,43.08434527580764,45.6200008392334,48.42500114440918,52.302499771118164,50.57499885559082,44.810001373291016
2021-09-22,44.77999877929688,46.630001068115234,44.77999877929688,45.84999847412109,1677700,0,0,0.03126404449553566,1.4323649134113676,47.674499893188475,52.371598099101256,42.977401687275695,45.540000915527344,48.02000045776367,51.85249900817871,50.57499885559082,45.93000030517578
2021-09-23,46.27999877929688,47.290000915527344,46.09000015258789,46.119998931884766,1407900,0,0,0.005888777900746822,1.4407997922592697,47.41699981689453,51.85201489899054,42.98198473479852,45.470001220703125,47.69500160217285,51.1924991607666,50.57499885559082,46.209999084472656
2021-09-24,44.75,44.77999877929688,43.0,44.40999984741211,2473500,0,0,-0.0370771709469937,1.3873790120612797,47.13299980163574,51.574483805202206,42.691515798069275,45.14500045776367,47.3700008392334,51.1924991607666,50.57499885559082,47.790000915527344
2021-09-27,44.31999969482422,44.970001220703125,43.619998931884766,43.7400016784668,1975500,0,0,-0.015086651007596319,1.3664481090910474,46.77349987030029,51.088224050036885,42.4587756905637,45.14500045776367,47.3700008392334,50.99749946594238,50.57499885559082,45.43000030517578
2021-09-28,43.65999984741211,44.09999847412109,43.02999877929688,43.150001525878906,1676600,0,0,-0.013488800410319746,1.3480163632764595,46.37199993133545,50.4577935493549,42.286206313316,45.14500045776367,47.3700008392334,50.99749946594238,50.57499885559082,47.58000183105469
2021-09-29,43.380001068115234,43.66999816894531,42.79999923706055,42.880001068115234,991900,0,0,-0.006257252565836868,1.3395814844285578,45.99449996948242,49.900063416059254,42.088936522905584,45.045000076293945,47.27000045776367,50.867499351501465,50.57499885559082,47.13999938964844
2021-09-30,43.06999969482422,44.29999923706055,42.0,42.119998931884766,2892600,0,0,-0.01772392997432992,1.315838836003637,45.589999961853025,49.3361987046858,41.84380121902025,44.64500045776367,46.8700008392334,51.15499973297119,50.57499885559082,48.0
2021-10-01,42.29999923706055,43.13999938964844,41.20000076293945,42.4900016784668,2262700,0,0,0.00878449088235711,1.3273978102611623,45.229000091552734,48.69570023164615,41.76229995145932,44.2450008392334,46.39000129699707,51.64750003814697,50.57499885559082,47.40999984741211
2021-10-04,42.369998931884766,42.790000915527344,41.59000015258789,41.7400016784668,1820100,0,0,-0.017651211352624818,1.303967630963231,44.86450023651123,48.184270600885384,41.54472987213708,44.2450008392334,46.39000129699707,51.482500076293945,50.57499885559082,47.400001525878906
2021-10-05,41.5,42.470001220703125,41.34999847412109,41.83000183105469,1495400,0,0,0.0021562086480297893,1.306779257245865,44.591000366210935,47.96455485840433,41.21744587401754,44.2450008392334,46.39000129699707,51.27999973297119,50.57499885559082,47.43999862670898
2021-10-06,41.209999084472656,41.7400016784668,40.90999984741211,41.619998931884766,1210200,0,0,-0.005020389432878636,1.3002187164716827,44.344500350952146,47.82931288345079,40.8596878184535,42.94000053405762,46.14999961853027,51.10000038146973,50.57499885559082,47.36000061035156
2021-10-07,42.150001525878906,42.90999984741211,42.040000915527344,42.5099983215332,1043600,0,0,0.021383935907951512,1.3280225101710321,44.12100028991699,47.47032722470963,40.771673355124356,42.94000053405762,46.14999961853027,51.10000038146973,50.57499885559082,47.68999862670898
2021-10-08,42.630001068115234,42.83000183105469,41.810001373291016,41.970001220703125,1258900,0,0,-0.012702825738681423,1.3111528716472831,43.88250026702881,47.128514600720266,40.636485933337354,42.60499954223633,45.72500038146973,51.320000648498535,50.57499885559082,46.93000030517578
2021-10-11,41.95000076293945,42.45000076293945,41.02999877929688,41.08000183105469,706200,0,0,-0.021205607904757784,1.2833490779479335,43.630000305175784,46.92324738467658,40.33675322567499,42.60499954223633,45.30999946594238,51.29750061035156,50.57499885559082,48.0099983215332
2021-10-12,40.90999984741211,41.59000015258789,40.84999847412109,41.22999954223633,1091400,0,0,0.003651356000384798,1.288035042304287,43.38300037384033,46.61702845139571,40.14897229628495,42.57499885559082,44.91499900817871,51.19250011444092,50.57499885559082,47.59000015258789
2021-10-13,41.540000915527344,42.54999923706055,41.18000030517578,42.45000076293945,1163200,0,0,0.0295901342286784,1.3261481720973123,43.235000419616696,46.35199011161336,40.11801072762003,41.994998931884766,44.21999931335449,50.46999931335449,50.57499885559082,47.84999847412109
2021-10-14,43.150001525878906,44.459999084472656,42.79999923706055,43.90999984741211,2999200,0,0,0.03439338181937779,1.3717588925293251,43.1805004119873,46.20801931202111,40.1529815119535,42.654998779296875,44.21999931335449,49.655001640319824,50.57499885559082,47.790000915527344
2021-10-15,44.310001373291016,45.040000915527344,44.09999847412109,44.61000061035156,1597100,0,0,0.015941716360099445,1.3936270837084719,43.150000381469724,46.10537806828086,40.19462269465859,42.94499969482422,44.13999938964844,49.4300012588501,50.57499885559082,48.72999954223633
2021-10-18,44.18999862670898,44.310001373291016,43.09999847412109,43.65999984741211,1203100,0,0,-0.02129569042684587,1.3639488327633482,43.0915002822876,45.955474301531204,40.22752626304399,42.94499969482422,44.06999969482422,49.42250156402588,50.57499885559082,47.2599983215332
2021-10-19,45.38999938964844,45.38999938964844,43.27999877929688,43.630001068115234,1053200,0,0,-0.0006870998488712754,1.3630116637264884,43.05000038146973,45.856306870951975,40.24369389198748,43.119998931884766,44.06999969482422,49.19999980926514,50.57499885559082,47.77000045776367
2021-10-20,44.0,44.93999862670898,43.86000061035156,44.15999984741211,1641800,0,0,0.012147576583127817,1.3795689522953023,42.96550045013428,45.51705616945271,40.41394473081585,43.119998931884766,44.06999969482422,49.1899995803833,50.57499885559082,46.0
2021-10-21,44.34000015258789,45.77999877929688,44.29999923706055,45.66999816894531,1743100,0,0,0.03419380268910244,1.4267416608460997,42.943000411987306,45.387444356624975,40.49855646734964,43.314998626708984,44.06999969482422,48.667500495910645,50.364999771118164,46.52000045776367
2021-10-22,45.22999954223633,46.02999877929688,44.81999969482422,45.77999877929688,1447600,0,0,0.0024085967760421045,1.4301781062106584,43.01150035858154,45.68517505954162,40.337825657621465,43.439998626708984,44.06999969482422,48.329999923706055,50.364999771118164,44.91999816894531
2021-10-25,46.02999877929688,46.380001068115234,45.59999847412109,46.25,1713700,0,0,0.010266518856170581,1.4448610567057525,43.137000274658206,46.15330263016646,40.120697919149954,43.78000068664551,44.06999969482422,48.10249996185303,50.31999969482422,44.58000183105469
2021-10-26,46.380001068115234,46.93999862670898,45.630001068115234,46.119998931884766,1643500,0,0,-0.00281083390519421,1.4407997922592692,43.2855001449585,46.57305394261077,39.997946347306225,44.869998931884766,44.06999969482422,47.187500953674316,49.760000228881836,45.02999877929688
2021-10-27,46.06999969482422,46.27000045776367,44.72999954223633,44.810001373291016,1554700,0,0,-0.028404110774774782,1.3998751553556645,43.38200016021729,46.72968841202135,40.03431190841322,45.01999855041503,44.06999969482422,47.02250099182129,49.760000228881836,43.84999847412109
2021-10-28,45.380001068115234,46.02999877929688,44.97999954223633,45.93000030517578,2587900,0,0,0.024994396285654696,1.4348641897390664,43.572500228881836,47.043944538339964,40.10105591942371,45.01999855041503,44.06999969482422,46.78000068664551,49.760000228881836,44.47999954223633
2021-10-29,49.47999954223633,50.810001373291016,45.43000030517578,46.209999084472656,5664400,0,0,0.006096206780676239,1.4436114185419031,43.75850009918213,47.37521290110457,40.14178729725969,47.045000076293945,45.829999923706055,46.58250141143799,49.760000228881836,46.70000076293945
2021-11-01,46.060001373291016,48.25,46.060001373291016,47.790000915527344,2432900,0,0,0.03419177369310078,1.492971053465464,44.06100006103516,47.956250634232845,40.16574948783747,47.33500099182129,45.829999923706055,46.257500648498535,49.43499946594238,46.56999969482422
2021-11-02,46.36000061035156,47.43000030517578,45.369998931884766,45.43000030517578,2105600,0,0,-0.049382727874875965,1.4192440702071123,44.24099998474121,48.03764662584313,40.444353343639285,47.55500030517578,45.829999923706055,46.257500648498535,49.43499946594238,45.70000076293945
2021-11-03,45.7400016784668,47.91999816894531,45.7400016784668,47.58000183105469,2045000,0,0,0.04732558906969575,1.4864106318633366,44.53900012969971,48.40172551931598,40.676274740083436,47.77000045776367,45.829999923706055,46.257500648498535,49.43499946594238,45.34999847412109
2021-11-04,47.810001373291016,48.38999938964844,47.04999923706055,47.13999938964844,1248900,0,0,-0.009247633973798353,1.472664850405102,44.77050018310547,48.67426757009834,40.8667327961126,47.77000045776367,45.829999923706055,46.15750026702881,49.334999084472656,43.65999984741211
2021-11-05,47.72999954223633,48.68999862670898,47.72999954223633,48.0,944100,0,0,0.018243543094750514,1.4995314750675919,45.072000122070314,48.995627170937055,41.14837307320357,47.77000045776367,45.829999923706055,45.757500648498535,48.93499946594238,43.27000045776367
2021-11-08,47.959999084472656,48.18999862670898,46.61000061035156,47.40999984741211,1189500,0,0,-0.012291669845581055,1.481099729253004,45.38850002288818,48.97638088575293,41.80061916002343,47.77000045776367,45.829999923706055,45.317501068115234,48.53499984741211,43.040000915527344
2021-11-09,47.34999847412109,47.970001220703125,47.040000915527344,47.400001525878906,1095700,0,0,-0.00021089056244216753,1.4807873792980688,45.697000122070314,48.82903313182445,42.564967112316175,47.89500045776367,45.829999923706055,45.317501068115234,48.53499984741211,41.68999862670898
2021-11-10,46.93000030517578,48.02999877929688,46.72999954223633,47.43999862670898,1046900,0,0,0.0008438206654537428,1.4820368982898635,45.94650001525879,48.78207402401048,43.11092600650711,48.09000015258789,45.829999923706055,45.317501068115234,48.53499984741211,41.68999862670898
2021-11-11,47.790000915527344,47.84000015258789,47.2599983215332,47.36000061035156,438900,0,0,-0.0016862988759105413,1.4795377411342194,46.11900005340576,48.85497815127565,43.383021955535874,47.029998779296875,45.829999923706055,44.545000076293945,48.35499954223633,40.15999984741211
2021-11-12,47.470001220703125,47.970001220703125,47.369998931884766,47.68999862670898,670800,0,0,0.006967863431261989,1.4898469580558404,46.272999954223636,48.99848767200787,43.5475122364394,47.029998779296875,45.829999923706055,44.545000076293945,48.35499954223633,41.11000061035156
2021-11-15,47.79999923706055,47.84999847412109,46.66999816894531,46.93000030517578,850200,0,0,-0.015936220243620514,1.4661044288029745,46.436499977111815,48.89148582683206,43.98151412739157,47.21500015258789,45.829999923706055,44.16499996185303,48.35499954223633,41.61000061035156
2021-11-16,47.27999877929688,48.59999847412109,47.09999847412109,48.0099983215332,1039500,0,0,0.023012955664488022,1.499843825022527,46.65549983978271,48.83290182911388,44.47809785045155,47.64999961853027,45.829999923706055,43.957499504089355,48.35499954223633,42.27000045776367
2021-11-17,47.90999984741211,48.08000183105469,47.18000030517578,47.59000015258789,833900,0,0,-0.008748139629843221,1.486722981818272,46.82699985504151,48.7083753186992,44.94562439138382,47.64999961853027,45.9950008392334,43.744998931884766,48.32499885559082,43.0
2021-11-18,48.119998931884766,48.68999862670898,47.40999984741211,47.84999847412109,1282400,0,0,0.0054632973460719825,1.494845391539184,46.93599987030029,48.78869099671227,45.08330874388832,47.64999961853027,46.80500030517578,43.10749912261963,48.32499885559082,43.369998931884766
2021-11-19,47.380001068115234,47.88999938964844,47.02000045776367,47.790000915527344,1092700,0,0,-0.0012538675132077737,1.4929710534654645,47.036499977111816,48.84450656865879,45.228493385564846,47.67999839782715,46.954999923706055,43.437499046325684,48.114999771118164,43.83000183105469
2021-11-22,48.02000045776367,49.040000915527344,47.540000915527344,48.72999954223633,1264700,0,0,0.019669357788264286,1.5223368352835986,47.16049995422363,49.07400646716781,45.24699344127945,47.85499954223633,46.954999923706055,43.54249954223633,47.66499900817871,43.58000183105469
2021-11-23,48.34000015258789,48.5,47.02999877929688,47.2599983215332,1903600,0,0,-0.030166247373530464,1.4764136457245962,47.21749992370606,49.069923116526894,45.36507673088522,47.85499954223633,47.045000076293945,43.50749969482422,47.64999961853027,43.400001525878906
2021-11-24,45.959999084472656,47.90999984741211,45.560001373291016,47.77000045776367,1138400,0,0,0.010791412491398589,1.4923462343835399,47.365499877929686,48.859727485728115,45.87127227013126,47.30000114440918,47.33500099182129,43.59499931335449,47.64999961853027,44.459999084472656
2021-11-26,46.0,46.75,45.7599983215332,46.0,830400,0,0,-0.03705255266490182,1.4370509969397758,47.3689998626709,48.84988591447172,45.888113810870074,47.30000114440918,47.55500030517578,43.59499931335449,47.6299991607666,46.43999862670898
2021-11-29,46.7400016784668,47.2400016784668,45.7400016784668,46.52000045776367,1308700,0,0,0.011304357777471186,1.4532959355536545,47.38449993133545,48.82192558046741,45.94707428220349,47.30000114440918,47.77000045776367,43.6924991607666,47.6299991607666,45.290000915527344
2021-11-30,46.06999969482422,46.09000015258789,44.20000076293945,44.91999816894531,1662000,0,0,-0.034393857976657394,1.4033114815481686,47.24099979400635,49.02361796151732,45.45838162649538,46.6200008392334,47.505001068115234,43.7549991607666,47.369998931884766,46.310001373291016
2021-12-01,46.59999847412109,47.40999984741211,44.52000045776367,44.58000183105469,1602000,0,0,-0.007568930359522441,1.3926899146716123,47.198499870300296,49.18318731984255,45.21381242075804,46.6200008392334,47.505001068115234,43.92500019073486,47.369998931884766,46.040000915527344
2021-12-02,44.63999938964844,45.380001068115234,44.06999969482422,45.02999877929688,1419900,0,0,0.010094143781051335,1.4067479269127277,47.070999717712404,49.26065608795918,44.88134334746563,46.55500030517578,47.44000053405762,44.46999931335449,47.35499954223633,44.65999984741211
2021-12-03,45.06999969482422,45.310001373291016,43.2599983215332,43.84999847412109,1291000,0,0,-0.02620475987483961,1.3698844352835513,46.90649967193603,49.510706201947876,44.30229314192419,46.14999961853027,47.03499984741211,44.54499912261963,47.02499961853027,44.880001068115234
2021-12-06,44.34999847412109,44.95000076293945,43.59000015258789,44.47999954223633,1164300,0,0,0.014367185633701762,1.3895658192619889,46.73049964904785,49.4882771126371,43.9727221854586,45.8799991607666,47.03499984741211,44.54499912261963,46.619998931884766,45.310001373291016
2021-12-07,45.27000045776367,47.34999847412109,45.2599983215332,46.70000076293945,1225600,0,0,0.04991009989995843,1.4589191881189223,46.69499969482422,49.43490360013126,43.95509578951718,45.584999084472656,46.14999961853027,46.4375,46.295000076293945,44.310001373291016
2021-12-08,46.68000030517578,47.34999847412109,46.34999847412109,46.56999969482422,878200,0,0,-0.002783748736432612,1.454857923672439,46.653499603271484,49.37430360733443,43.932695599208536,45.334999084472656,46.14999961853027,46.58250045776367,46.295000076293945,43.630001068115234
2021-12-09,46.08000183105469,46.75,45.65999984741211,45.70000076293945,608700,0,0,-0.018681531835643472,1.4276789490550141,46.56649971008301,49.29247093918045,43.84052848098557,45.334999084472656,46.14999961853027,46.69250011444092,46.295000076293945,43.709999084472656
2021-12-10,46.18999862670898,46.18999862670898,45.11000061035156,45.34999847412109,930000,0,0,-0.007658693281734075,1.4167447938794133,46.465999603271484,49.215905719079636,43.71609348746333,45.334999084472656,46.14999961853027,46.80000019073486,46.295000076293945,43.43999862670898
2021-12-13,45.09999847412109,45.369998931884766,43.08000183105469,43.65999984741211,1170300,0,0,-0.037265682107428755,1.3639488327633484,46.26449966430664,49.211845572458145,43.317153756155136,45.2450008392334,46.060001373291016,46.80000019073486,46.295000076293945,41.77000045776367
2021-12-14,43.18000030517578,44.0,43.11000061035156,43.27000045776367,973800,0,0,-0.008932647526602167,1.351765158595953,46.08149967193604,49.28695060664729,42.876048737224785,45.21500015258789,46.060001373291016,46.80000019073486,46.295000076293945,41.18999862670898
2021-12-15,43.02999877929688,43.220001220703125,41.68999862670898,43.040000915527344,1089600,0,0,-0.005315450422997636,1.3445799179119007,45.832999801635744,49.1712082575437,42.49479134572779,44.51999855041503,45.364999771118164,46.80000019073486,46.21500015258789,43.2400016784668
2021-12-16,43.220001220703125,43.43999862670898,41.59999847412109,41.68999862670898,826000,0,0,-0.03136622351537477,1.3024055236723917,45.5379997253418,49.23096987821607,41.845029572467524,44.47499847412109,45.31999969482422,46.86250019073486,46.21500015258789,42.27999877929688
2021-12-17,41.58000183105469,42.22999954223633,41.150001525878906,41.68999862670898,2048400,0,0,0.0,1.3024055236723917,45.229999732971194,49.12454587831904,41.33545358762335,44.25,45.095001220703125,46.96000003814697,46.21500015258789,41.29999923706055
2021-12-20,40.86000061035156,41.130001068115234,39.41999816894531,40.15999984741211,1185400,0,0,-0.0366994202373675,1.2546079960396699,44.84849967956543,49.14397836109625,40.553020998034604,43.3849983215332,44.22999954223633,46.429999351501465,46.119998931884766,41.04999923706055
2021-12-21,41.09999847412109,41.54999923706055,40.7400016784668,41.11000061035156,1715800,0,0,0.023655397573430825,1.2842862469847935,44.46749973297119,48.66795420490403,40.267045261038355,43.084999084472656,44.22999954223633,46.429999351501465,46.119998931884766,41.31999969482422
2021-12-22,41.31999969482422,41.959999084472656,41.06999969482422,41.61000061035156,891500,0,0,0.012162490697557926,1.2999063665167476,44.18499984741211,48.35577351938062,40.014226175443596,42.80499839782715,44.22999954223633,46.52250003814697,45.829999923706055,42.0
2021-12-23,41.650001525878906,42.810001373291016,41.650001525878906,42.27000045776367,1603600,0,0,0.015861567837802903,1.320524919532045,43.90999984741211,47.8128743996589,40.00712529516532,42.39499855041504,44.22999954223633,46.739999771118164,45.829999923706055,42.459999084472656
2021-12-27,42.5099983215332,43.0099983215332,42.15999984741211,43.0,899300,0,0,0.017269920376881576,1.3433302797480513,43.75999984741211,47.558116957963804,39.96188273686042,41.709999084472656,44.22999954223633,46.822500228881836,45.829999923706055,42.4900016784668
2021-12-28,42.970001220703125,43.63999938964844,42.970001220703125,43.369998931884766,1275800,0,0,0.008604626322901598,1.3548891348335221,43.60249977111816,47.182434991627446,40.02256455060888,41.529998779296875,44.22999954223633,47.22749996185303,45.829999923706055,41.70000076293945
2021-12-29,43.5099983215332,44.22999954223633,43.25,43.83000183105469,727600,0,0,0.010606477069376563,1.3692597353736813,43.547999954223634,47.078358159562534,40.017641748884735,41.82499885559082,44.22999954223633,47.3174991607666,45.829999923706055,44.43000030517578
2021-12-30,43.70000076293945,44.2599983215332,43.58000183105469,43.58000183105469,567600,0,0,-0.005703855568239269,1.3614496756077044,43.49799995422363,46.99631229381947,39.99968761462779,41.83999824523926,43.959999084472656,47.40499973297119,45.829999923706055,44.959999084472656
2021-12-31,43.27999877929688,43.68000030517578,43.0099983215332,43.400001525878906,704400,0,0,-0.00413034184517902,1.3558264230424364,43.416500091552734,46.842682865613504,39.990317317491964,41.83999824523926,43.66499900817871,47.44999980926514,45.829999923706055,46.27999877929688
2022-01-03,43.81999969482422,44.52999877929688,43.540000915527344,44.459999084472656,1513200,0,0,0.024423906021332487,1.3889410001800642,43.447000122070314,46.89912021952723,39.9948800246134,42.635000228881836,43.41499900817871,47.317501068115234,45.829999923706055,47.41999816894531
2022-01-04,45.400001525878906,46.9900016784668,45.209999084472656,46.43999862670898,1410400,0,0,0.04453440357644589,1.4507966592259556,43.545000076293945,47.21566270463109,39.8743374479568,44.03000068664551,43.41499900817871,47.42750072479248,45.829999923706055,48.209999084472656
2022-01-05,46.400001525878906,46.77000045776367,45.040000915527344,45.290000915527344,2479100,0,0,-0.024763086675033574,1.4148704558056941,43.47450008392334,46.946781485721004,40.00221868212567,44.32000160217285,43.41499900817871,47.535000801086426,45.829999923706055,47.2400016784668
2022-01-06,45.65999984741211,46.56999969482422,44.88999938964844,46.310001373291016,1418500,0,0,0.022521537583232165,1.446735513951527,43.46150016784668,46.88849132735532,40.03450900833804,44.57500076293945,43.41499900817871,47.062500953674316,45.829999923706055,46.93999862670898
2022-01-07,46.33000183105469,46.880001068115234,45.93000030517578,46.040000915527344,1512900,0,0,-0.005830283950701731,1.4383006351036252,43.47850017547607,46.95330115801805,40.00369919293409,44.98000144958496,43.3849983215332,47.062500953674316,45.829999923706055,47.90999984741211
2022-01-10,45.2599983215332,45.41999816894531,43.2400016784668,44.65999984741211,1690700,0,0,-0.0299739583117562,1.3951890718272566,43.444000244140625,46.856258091705776,40.031742396575474,45.0,43.3849983215332,46.9975004196167,45.829999923706055,48.93999862670898
2022-01-11,44.790000915527344,44.91999816894531,43.880001068115234,44.880001068115234,852400,0,0,0.004926135724469205,1.402061962556374,43.505000305175784,46.97428811587905,40.03571249447252,45.0,43.3849983215332,46.59249973297119,45.829999923706055,47.5099983215332
2022-01-12,45.11000061035156,45.84999847412109,44.68999862670898,45.310001373291016,867400,0,0,0.009581111741133075,1.4154952748876188,43.60700035095215,47.162483374464635,40.05151732743966,45.0,43.3849983215332,46.457499504089355,45.829999923706055,
2022-01-13,44.709999084472656,45.709999084472656,44.119998931884766,44.310001373291016,1249200,0,0,-0.022070182513600045,1.3842550358237107,43.67050037384033,47.22860050376879,40.11240024391188,45.1150016784668,43.3849983215332,45.867499351501465,45.829999923706055,
2022-01-14,43.59000015258789,43.810001373291016,42.650001525878906,43.630001068115234,1166400,0,0,-0.015346429341021595,1.3630116637264889,43.767500495910646,47.206874662241255,40.32812632958004,44.82000160217285,43.204999923706055,45.742499351501465,45.829999923706055,
2022-01-18,42.959999084472656,44.310001373291016,42.5,43.709999084472656,1244600,0,0,0.0018335552234465258,1.3655108208821332,43.868500518798825,47.17244662311928,40.56455441447837,44.69000053405762,43.204999923706055,45.742499351501465,45.829999923706055,
2022-01-19,43.869998931884766,44.5099983215332,43.41999816894531,43.43999862670898,769800,0,0,-0.0061770867860665435,1.3570759420342313,44.032500457763675,46.87216870315969,41.19283221236766,44.69000053405762,43.204999923706055,45.742499351501465,45.829999923706055,
2022-01-20,43.77000045776367,43.93000030517578,41.63999938964844,41.77000045776367,927800,0,0,-0.038443789634894476,1.3049048000000911,44.06550045013428,46.7797958728256,41.35120502744296,44.260000228881836,43.204999923706055,45.65250110626221,45.829999923706055,
2022-01-21,41.310001373291016,42.209999084472656,40.68000030517578,41.18999862670898,1172400,0,0,-0.01388560748619505,1.286785404140438,44.04450035095215,46.840627112807034,41.24837358909726,43.26499938964844,43.204999923706055,45.63750076293945,45.829999923706055,
2022-01-24,40.060001373291016,43.34999847412109,39.84999847412109,43.2400016784668,2259000,0,0,0.049769437244616244,1.3508279895590938,44.093000411987305,46.795408455261374,41.390592368713236,42.84999847412109,43.204999923706055,44.9424991607666,45.829999923706055,
2022-01-25,42.52999877929688,42.869998931884766,41.150001525878906,42.27999877929688,1568400,0,0,-0.022201731311402573,1.3208372694869805,44.05700035095215,46.83563572787726,41.27836497402704,42.84999847412109,43.204999923706055,44.897499084472656,45.829999923706055,
2022-01-26,43.04999923706055,43.209999084472656,41.02000045776367,41.29999923706055,1320800,0,0,-0.023178797789280225,1.2902218495049969,43.95350036621094,46.97325569861023,40.93374503381165,42.779998779296875,43.204999923706055,44.67250061035156,45.829999923706055,
2022-01-27,41.63999938964844,42.130001068115234,40.720001220703125,41.04999923706055,997200,0,0,-0.006053268876955897,1.2824117897390197,43.81450023651123,47.09203437312305,40.53696609989941,42.17999839782715,43.420000076293945,43.807498931884766,45.114999771118164,
2022-01-28,40.97999954223633,41.34000015258789,39.29999923706055,41.31999969482422,1611800,0,0,0.006577355975196042,1.2908466685869215,43.70150012969971,47.156584374026515,40.246415885372905,41.904998779296875,43.14500045776367,43.65749931335449,45.114999771118164,
2022-01-31,41.040000915527344,42.09999847412109,40.63999938964844,42.0,1136100,0,0,0.01645692909482177,1.3120900406841434,43.63150005340576,47.16487981014707,40.09812029666445,41.904998779296875,43.14500045776367,43.51749897003174,45.114999771118164,
2022-02-01,42.119998931884766,42.61000061035156,41.52999877929688,42.459999084472656,1426300,0,0,0.010952359154110969,1.326460522052248,43.531500053405765,47.078757779197915,39.984242327613615,41.614999771118164,43.14500045776367,43.312499046325684,45.114999771118164,
2022-02-02,42.84000015258789,42.93000030517578,41.75,42.4900016784668,1971700,0,0,0.0007066084465627842,1.3273978102611623,43.334000205993654,46.64069477084766,40.02730564113965,41.32499885559082,43.14500045776367,42.96999931335449,45.114999771118164,
2022-02-03,41.959999084472656,42.70000076293945,41.59000015258789,41.70000076293945,1740200,0,0,-0.0185926308383203,1.3027179927993817,43.15450019836426,46.405685998862126,39.903314397866396,41.32499885559082,43.14500045776367,42.8799991607666,45.114999771118164,
2022-02-04,44.59999847412109,45.0099983215332,43.25,44.43000030517578,3710400,0,0,0.06546761372394494,1.3880038311432046,43.060500144958496,46.035425651923454,40.08557463799354,42.154998779296875,43.14500045776367,43.027499198913574,45.114999771118164,
2022-02-07,44.56999969482422,45.310001373291016,43.9900016784668,44.959999084472656,1776000,0,0,0.011928849328302515,1.4045611197120185,43.00650005340576,45.79450781190149,40.21849229491003,42.30500030517578,43.14500045776367,42.89999866485596,45.114999771118164,
2022-02-08,44.959999084472656,46.400001525878906,44.369998931884766,46.27999877929688,2043200,0,0,0.029359424415115187,1.445798225742613,43.0875,46.1469571829852,40.0280428170148,42.85000038146973,43.14500045776367,42.752498626708984,45.114999771118164,
2022-02-09,46.84000015258789,47.66999816894531,46.54999923706055,47.41999816894531,1662100,0,0,0.024632658161572785,1.4814120792079393,43.2144998550415,46.74162543795637,39.68737427212663,43.48499870300293,43.48499870300293,43.02499961853027,45.114999771118164,
2022-02-10,46.31999969482422,49.88999938964844,46.220001220703125,48.209999084472656,2121200,0,0,0.016659657233911496,1.5060918966697197,43.35949974060058,47.423167494358545,39.29583198684262,45.26499938964844,44.59499931335449,43.72249984741211,45.114999771118164,
2022-02-11,48.31999969482422,48.650001525878906,47.18000030517578,47.2400016784668,1604800,0,0,-0.020120253566199953,1.475788945814726,43.50599975585938,47.897874846905566,39.11412466481319,45.709999084472656,44.59499931335449,43.86750030517578,45.114999771118164,
2022-02-14,47.09999847412109,48.18000030517578,46.54999923706055,46.93999862670898,1270000,0,0,-0.006350614756530981,1.4664167787579097,43.67149963378906,48.31466518415654,39.02833408342158,45.739999771118164,44.59499931335449,43.99499988555908,45.114999771118164,
2022-02-15,47.54999923706055,48.18000030517578,47.459999084472656,47.90999984741211,1471100,0,0,0.020664704922918276,1.4967198487849582,43.881499671936034,48.88276610293266,38.880233240939404,45.739999771118164,44.59499931335449,44.18249988555908,45.114999771118164,
2022-02-16,47.7400016784668,49.18999862670898,47.36000061035156,48.93999862670898,1027100,0,0,0.021498617878883186,1.528897256885726,44.15649967193603,49.61920508319458,38.693794260677485,46.56999969482422,44.59499931335449,44.1924991607666,45.114999771118164,
2022-02-17,48.56999969482422,49.08000183105469,47.33000183105469,47.5099983215332,1144400,0,0,-0.029219459446313767,1.4842237054905731,44.44349956512451,49.977967519580865,38.90903161066816,46.94000053405762,44.59499931335449,44.1924991607666,45.114999771118164,
