Date,Open,High,Low,Close,Volume,Dividends,Stock Splits,daily_return,cum_return,middle_band,upper_band,lower_band,Conversion,Baseline,SpanA,SpanB,Lagging
2016-02-18,4.570000171661377,4.590000152587891,4.449999809265137,4.53000020980835,93900,0,0,,,,,,,,,,5.360000133514404
2016-02-19,4.519999980926514,4.639999866485596,4.480000019073486,4.630000114440918,85900,0,0,0.02207503311281278,1.0220750331128128,,,,,,,,5.760000228881836
2016-02-22,4.670000076293945,4.679999828338623,4.360000133514404,4.429999828338623,151100,0,0,-0.04319660500190836,0.9779248616251262,,,,,,,,5.789999961853027
2016-02-23,4.400000095367432,4.599999904632568,4.320000171661377,4.570000171661377,169200,0,0,0.031602787527704734,1.0088300132451251,,,,,,,,5.71999979019165
2016-02-24,4.489999771118164,4.670000076293945,4.230000019073486,4.389999866485596,92800,0,0,-0.03938737383249247,0.969094848380001,,,,,,,,5.239999771118164
2016-02-25,4.420000076293945,4.599999904632568,4.320000171661377,4.579999923706055,84200,0,0,0.043280196582913044,1.0110374639253759,,,,,,,,5.179999828338623
2016-02-26,4.590000152587891,4.820000171661377,4.539999961853027,4.760000228881836,68800,0,0,0.03930137733061967,1.0507726287905,,,,,,,,5.360000133514404
2016-02-29,4.739999771118164,4.949999809265137,4.730000019073486,4.769999980926514,141000,0,0,0.002100788143664989,1.0529800794707507,,,,,,,,5.429999828338623
2016-03-01,4.800000190734863,4.989999771118164,4.800000190734863,4.880000114440918,61400,0,0,0.023060824728355245,1.0772626685258753,,,,4.609999895095825,,,,5.170000076293945
2016-03-02,4.880000114440918,5.090000152587891,4.869999885559082,5.010000228881836,94900,0,0,0.026639367088582944,1.1059602642035624,,,,4.6600000858306885,,,,5.21999979019165
2016-03-03,5.019999980926514,5.289999961853027,4.96999979019165,5.199999809265137,195900,0,0,0.037924066208217644,1.1479027744868762,,,,4.759999990463257,,,,5.409999847412109
2016-03-04,5.25,5.460000038146973,5.130000114440918,5.25,169900,0,0,0.00961542164785767,1.158940343674313,,,,4.8450000286102295,,,,5.429999828338623
2016-03-07,5.230000019073486,5.429999828338623,5.199999809265137,5.400000095367432,145400,0,0,0.028571446736653572,1.1920529459745628,,,,4.8450000286102295,,,,5.789999961853027
2016-03-08,5.369999885559082,5.369999885559082,5.230000019073486,5.260000228881836,90200,0,0,-0.025925900743168362,1.161147899616625,,,,4.890000104904175,,,,5.800000190734863
2016-03-09,5.289999961853027,5.309999942779541,5.110000133514404,5.179999828338623,59300,0,0,-0.01520920096237699,1.1434877678643136,,,,5.0,,,,5.739999771118164
2016-03-10,5.190000057220459,5.199999809265137,5.039999961853027,5.199999809265137,46700,0,0,0.003861000306814244,1.1479027744868762,,,,5.0950000286102295,,,,5.960000038146973
2016-03-11,5.199999809265137,5.230000019073486,5.050000190734863,5.179999828338623,82600,0,0,-0.0038461503192516178,1.1434877678643136,,,,5.130000114440918,,,,5.949999809265137
2016-03-14,5.179999828338623,5.380000114440918,5.079999923706055,5.300000190734863,128100,0,0,0.0231660938943945,1.1699779128617498,,,,5.164999961853027,,,,6.039999961853027
2016-03-15,5.25,5.349999904632568,5.130000114440918,5.289999961853027,69400,0,0,-0.0018868355701793238,1.167770356919438,,,,5.2149999141693115,,,,6.050000190734863
2016-03-16,5.199999809265137,5.369999885559082,4.980000019073486,5.039999961853027,49100,0,0,-0.04725897954684066,1.1125827215063755,4.942500019073487,5.5918699411444415,4.293130097002532,5.2200000286102295,,,,6.210000038146973
2016-03-17,5.039999961853027,5.389999866485596,4.889999866485596,5.349999904632568,52000,0,0,0.061507925620214676,1.1810153767871256,4.983500003814697,5.626970847567883,4.340029160061512,5.159999847412109,,,,6.059999942779541
2016-03-18,5.389999866485596,5.690000057220459,5.190000057220459,5.670000076293945,214500,0,0,0.05981311726459815,1.2516555880101876,5.035500001907349,5.7233536311676225,4.347646372647075,5.289999961853027,,,,6.170000076293945
2016-03-21,5.639999866485596,5.650000095367432,5.389999866485596,5.559999942779541,59300,0,0,-0.019400376020153987,1.227372998955063,5.0920000076293945,5.7566257430315,4.427374272227289,5.289999961853027,,,,6.139999866485596
2016-03-22,5.5,5.690000057220459,5.25,5.670000076293945,83900,0,0,0.01978419687886057,1.2516555880101876,5.147000002861023,5.811793075459369,4.482206930262676,5.289999961853027,,,,5.960000038146973
2016-03-23,5.639999866485596,5.639999866485596,5.130000114440918,5.139999866485596,78800,0,0,-0.09347446255323,1.1346577546191883,5.184500002861023,5.750546503288167,4.61845350243388,5.289999961853027,,,,5.670000076293945
2016-03-24,5.099999904632568,5.400000095367432,4.949999809265137,5.389999866485596,86900,0,0,0.04863813355912283,1.1898453900322508,5.225,5.7234276970802735,4.726572302919726,5.289999961853027,4.960000038146973,,,5.739999771118164
2016-03-28,5.389999866485596,5.489999771118164,5.230000019073486,5.360000133514404,54600,0,0,-0.005565813305066336,1.1832229327294375,5.254999995231628,5.707501149246362,4.802498841216895,5.289999961853027,4.960000038146973,,,5.449999809265137
2016-03-29,5.329999923706055,5.800000190734863,5.070000171661377,5.760000228881836,87300,0,0,0.07462688160516184,1.2715231704427497,5.304500007629395,5.750428691110197,4.858571324148593,5.3450000286102295,5.015000104904175,,,5.329999923706055
2016-03-30,5.769999980926514,5.929999828338623,5.650000095367432,5.789999961853027,86900,0,0,0.005208286767206527,1.2781456277455632,5.35,5.799115002457935,4.9008849975420645,5.409999847412109,5.079999923706055,,,5.199999809265137
2016-03-31,5.789999961853027,5.789999961853027,5.559999942779541,5.71999979019165,138100,0,0,-0.012089839744830355,1.2626930519355637,5.385499978065491,5.833735119383946,4.937264836747036,5.43999981880188,5.079999923706055,,,5.159999847412109
2016-04-01,5.659999847412109,5.659999847412109,5.210000038146973,5.239999771118164,91800,0,0,-0.08391609032863334,1.1567327877320013,5.387499976158142,5.83272079515501,4.942279157161273,5.43999981880188,5.125,,,5.449999809265137
2016-04-04,5.269999980926514,5.320000171661377,5.059999942779541,5.179999828338623,99900,0,0,-0.011450371259603576,1.1434877678643136,5.383999967575074,5.834616135197477,4.93338379995267,5.43999981880188,5.234999895095825,,,5.539999961853027
2016-04-05,5.139999866485596,5.389999866485596,5.03000020980835,5.360000133514404,122700,0,0,0.03474909481483768,1.1832229327294377,5.381999969482422,5.832669974685739,4.931329964279104,5.43999981880188,5.329999923706055,,,5.420000076293945
2016-04-06,5.340000152587891,5.440000057220459,5.230000019073486,5.429999828338623,70800,0,0,0.01305964423144923,1.198675403277376,5.390499949455261,5.838012806986667,4.942987091923856,5.43999981880188,5.365000009536743,,,5.389999866485596
2016-04-07,5.389999866485596,5.429999828338623,5.079999923706055,5.170000076293945,66400,0,0,-0.04788209212968386,1.1412803171840629,5.389999961853027,5.838484255637061,4.941515668068993,5.480000019073486,5.3999998569488525,,,5.360000133514404
2016-04-08,5.199999809265137,5.320000171661377,5.099999904632568,5.21999979019165,61400,0,0,0.00967112440229334,1.1523177811094387,5.390999960899353,5.83785380037688,4.944146121421825,5.480000019073486,5.409999847412109,,,5.679999828338623
2016-04-11,5.25,5.449999809265137,5.159999847412109,5.409999847412109,64500,0,0,0.03639847985769418,1.1942603966548135,5.402499961853027,5.838636251639565,4.966363672066489,5.480000019073486,5.409999847412109,,,5.599999904632568
2016-04-12,5.409999847412109,5.5,5.340000152587891,5.429999828338623,103400,0,0,0.003696854249650494,1.198675403277376,5.408999943733216,5.842673409315064,4.975326478151367,5.4100000858306885,5.409999847412109,,,5.940000057220459
2016-04-13,5.46999979019165,5.800000190734863,5.46999979019165,5.789999961853027,114300,0,0,0.06629836922564891,1.2781456277455632,5.433999943733215,5.894469411825275,4.973530475641155,5.4150002002716064,5.409999847412109,,,5.690000057220459
2016-04-14,5.760000228881836,5.829999923706055,5.739999771118164,5.800000190734863,70800,0,0,0.0017271552586739514,1.280353183687875,5.471999955177307,5.921322047858894,5.022677862495721,5.430000066757202,5.409999847412109,,,5.940000057220459
2016-04-15,5.769999980926514,5.820000171661377,5.519999980926514,5.739999771118164,58000,0,0,-0.010344899593718315,1.2671080585581262,5.491499948501587,5.9517882703913125,5.031211626611861,5.430000066757202,5.409999847412109,,,5.820000171661377
2016-04-18,5.71999979019165,5.96999979019165,5.699999809265137,5.960000038146973,114600,0,0,0.038327574181410196,1.3156732366683754,5.505999946594239,6.004950797341538,5.00704909584694,5.5249998569488525,5.429999828338623,,,6.300000190734863
2016-04-19,5.960000038146973,6.119999885559082,5.880000114440918,5.949999809265137,64300,0,0,-0.0016778907412465793,1.3134656807260636,5.525499939918518,6.060928288600671,4.990071591236365,5.599999904632568,5.504999876022339,,,6.960000038146973
2016-04-20,5.940000057220459,6.090000152587891,5.489999771118164,6.039999961853027,59200,0,0,0.01512607655007736,1.3333332631586254,5.5439999341964725,6.122445598407405,4.96555426998554,5.609999895095825,5.504999876022339,,,6.809999942779541
2016-04-21,6.019999980926514,6.630000114440918,5.940000057220459,6.050000190734863,79700,0,0,0.0016556670438732102,1.335540819100937,5.5894999504089355,6.176862694969655,5.002137205848216,5.894999980926514,5.759999990463257,,,6.769999980926514
2016-04-22,6.050000190734863,6.25,6.050000190734863,6.210000038146973,81000,0,0,0.02644625493684072,1.3708608720814375,5.630499958992004,6.269246580193568,4.991753337790441,5.985000133514404,5.759999990463257,,,6.75
2016-04-25,6.159999847412109,6.159999847412109,5.909999847412109,6.059999942779541,46800,0,0,-0.02415460458067742,1.3377482697811878,5.665499949455262,6.31783982358988,5.013160075320643,6.049999952316284,5.789999961853027,,,6.940000057220459
2016-04-26,6.079999923706055,6.21999979019165,6.03000020980835,6.170000076293945,72900,0,0,0.018151837384993597,1.3620308588363124,5.685999941825867,6.374115948153991,4.997883935497743,6.059999942779541,5.789999961853027,,,6.900000095367432
2016-04-27,6.150000095367432,6.21999979019165,6.019999980926514,6.139999866485596,57600,0,0,-0.0048622705733205596,1.355408296271438,5.7034999370574955,6.418868945227569,4.988130928887422,6.059999942779541,5.789999961853027,,,6.670000076293945
2016-04-28,6.070000171661377,6.21999979019165,5.960000038146973,5.960000038146973,50800,0,0,-0.029315933591648635,1.315673236668375,5.715499949455261,6.4396670411846815,4.991332857725841,6.059999942779541,5.789999961853027,,,6.849999904632568
2016-04-29,5.599999904632568,5.690000057220459,5.300000190734863,5.670000076293945,109600,0,0,-0.04865771140887298,1.2516555880101874,5.73699996471405,6.427834379021943,5.046165550406156,5.965000152587891,5.789999961853027,,,6.71999979019165
2016-05-02,5.670000076293945,5.75,5.570000171661377,5.739999771118164,65400,0,0,0.012345625023337359,1.267108058558126,5.764999961853027,6.406369250504213,5.123630673201841,5.965000152587891,5.830000162124634,5.125,,6.730000019073486
2016-05-03,5.639999866485596,5.639999866485596,5.340000152587891,5.449999809265137,72200,0,0,-0.05052264345239421,1.2030904098999384,5.769499945640564,6.4005077490261595,5.138492142254968,5.965000152587891,5.830000162124634,5.125,,6.760000228881836
2016-05-04,5.420000076293945,5.630000114440918,5.269999980926514,5.329999923706055,61300,0,0,-0.022018328396099962,1.176600370164563,5.764499950408935,6.4077886112633005,5.12121128955457,5.759999990463257,5.830000162124634,5.180000066757202,,6.769999980926514
2016-05-05,5.369999885559082,5.369999885559082,5.199999809265137,5.199999809265137,48500,0,0,-0.024390265722654347,1.147902774486876,5.7659999370574955,6.403793898538625,5.128205975576366,5.7099997997283936,5.830000162124634,5.244999885559082,,6.489999771118164
2016-05-06,5.179999828338623,5.349999904632568,5.130000114440918,5.159999847412109,99100,0,0,-0.0076923006385033466,1.1390727612417508,5.762999939918518,6.4116293173200365,5.114370562516999,5.674999952316284,5.830000162124634,5.259999871253967,,6.449999809265137
2016-05-09,5.159999847412109,5.5,5.110000133514404,5.449999809265137,50700,0,0,0.05620154465672522,1.2030904098999384,5.76499993801117,6.409451309221033,5.120548566801307,5.664999961853027,5.830000162124634,5.28249990940094,,6.46999979019165
2016-05-10,5.46999979019165,5.559999942779541,5.400000095367432,5.539999961853027,90300,0,0,0.01651379004360476,1.2229579923325005,5.77049994468689,6.405118220755687,5.135881668618092,5.664999961853027,5.830000162124634,5.3374998569488525,,6.489999771118164
2016-05-11,5.5,5.650000095367432,5.389999866485596,5.420000076293945,57000,0,0,-0.02166062931143853,1.1964679525971251,5.751999950408935,6.4047774747483865,5.099222426069484,5.430000066757202,5.855000019073486,5.384999871253967,,6.46999979019165
2016-05-12,5.429999828338623,5.460000038146973,5.260000228881836,5.389999866485596,57900,0,0,-0.00553509398266705,1.1898453900322508,5.7314999341964725,6.402654887639365,5.06034498075358,5.430000066757202,5.855000019073486,5.4024999141693115,,6.699999809265137
2016-05-13,5.360000133514404,5.519999980926514,5.300000190734863,5.360000133514404,74500,0,0,-0.005565813305066336,1.1832229327294375,5.712499952316284,6.4030643250817345,5.021935579550833,5.380000114440918,5.865000009536743,5.439999938011169,,6.579999923706055
2016-05-16,5.360000133514404,5.710000038146973,5.340000152587891,5.679999828338623,61800,0,0,0.059701434114406204,1.2538630386904384,5.698499941825867,6.379612822141321,5.017387061510413,5.4100000858306885,5.870000123977661,5.444999933242798,,6.550000190734863
2016-05-17,5.650000095367432,5.800000190734863,5.5,5.599999904632568,111600,0,0,-0.014084494035883521,1.2362030122001881,5.6809999465942385,6.353197175484275,5.008802717704202,5.455000162124634,5.870000123977661,5.444999933242798,,6.909999847412109
2016-05-18,5.590000152587891,5.960000038146973,5.590000152587891,5.940000057220459,99300,0,0,0.06071431399608196,1.3112582300458127,5.67599995136261,6.338761386481565,5.013238516243655,5.5350000858306885,5.870000123977661,5.409999966621399,,6.289999961853027
2016-05-19,6.0,6.0,5.659999847412109,5.690000057220459,108200,0,0,-0.04208754168210971,1.2560705946327502,5.65799994468689,6.298078588161731,5.0179213012120485,5.555000066757202,5.870000123977661,5.412500023841858,,5.730000019073486
2016-05-20,5.739999771118164,5.960000038146973,5.619999885559082,5.940000057220459,76900,0,0,0.043936730665363743,1.3112582300458127,5.644499945640564,6.247355364121465,5.041644527159662,5.630000114440918,5.870000123977661,5.419999957084656,,5.880000114440918
2016-05-23,5.929999828338623,5.980000019073486,5.809999942779541,5.820000171661377,98300,0,0,-0.02020200074126499,1.2847681903104373,5.632499957084656,6.210577644417372,5.0544222697519405,5.630000114440918,5.870000123977661,5.419999957084656,,5.929999828338623
2016-05-24,5.900000095367432,6.349999904632568,5.900000095367432,6.300000190734863,152500,0,0,0.08247422764877088,1.3907284545139997,5.638999962806702,6.243711448058543,5.034288477554861,5.805000066757202,5.870000123977661,5.477499842643738,,6.019999980926514
2016-05-25,6.309999942779541,7.050000190734863,6.239999771118164,6.960000038146973,177600,0,0,0.1047618773698995,1.5364237783206252,5.679999971389771,6.492992953196496,4.867006989583046,6.175000190734863,6.080000162124634,5.552499890327454,,5.929999828338623
2016-05-26,6.989999771118164,7.0,6.769999980926514,6.809999942779541,102400,0,0,-0.021551737722025566,1.5033111760203755,5.722499966621399,6.669060877998801,4.775939055243997,6.195000171661377,6.080000162124634,5.557499885559082,,5.480000019073486
2016-05-27,6.840000152587891,6.980000019073486,6.650000095367432,6.769999980926514,72400,0,0,-0.005873709572558505,1.4944811627752503,5.777499961853027,6.828709496268472,4.726290427437583,6.275000095367432,6.080000162124634,5.827499985694885,,5.550000190734863
2016-05-31,6.880000114440918,6.880000114440918,6.610000133514404,6.75,122400,0,0,-0.002954206939861259,1.4900661561526878,5.8279999732971195,6.961872297701239,4.694127648893,6.320000171661377,6.080000162124634,5.872500061988831,,5.579999923706055
2016-06-01,6.659999847412109,6.949999809265137,6.489999771118164,6.940000057220459,62700,0,0,0.028148156625253273,1.5320087716980628,5.902499985694885,7.120838588262908,4.684161383126863,6.335000038146973,6.080000162124634,5.919999957084656,,6.090000152587891
2016-06-02,6.909999847412109,6.980000019073486,6.769999980926514,6.900000095367432,72800,0,0,-0.005763683216603255,1.5231787584529377,5.980999994277954,7.243672184348424,4.718327804207484,6.335000038146973,6.080000162124634,5.924999952316284,,6.059999942779541
2016-06-03,6.849999904632568,6.849999904632568,6.559999942779541,6.670000076293945,73800,0,0,-0.033333335636894446,1.4724061296624378,6.054500007629395,7.297541177484928,4.811458837773862,6.430000066757202,6.080000162124634,5.924999952316284,,6.360000133514404
2016-06-06,6.679999828338623,6.96999979019165,6.679999828338623,6.849999904632568,78800,0,0,0.02698648070160692,1.5121411892655008,6.139000010490418,7.356558743481694,4.921441277499142,6.4750001430511475,6.080000162124634,5.924999952316284,,6.070000171661377
2016-06-07,6.880000114440918,6.909999847412109,6.690000057220459,6.71999979019165,45400,0,0,-0.018978119160702578,1.4834435935878136,6.2025000095367435,7.40183786128436,5.003162157789127,6.644999980926514,6.080000162124634,5.877500057220459,,6.150000095367432
2016-06-08,6.690000057220459,6.820000171661377,6.690000057220459,6.730000019073486,53900,0,0,0.001488129344353828,1.4856511495301254,6.262000012397766,7.441666705106353,5.0823333196891785,6.744999885559082,6.080000162124634,5.897500157356262,5.430000066757202,6.25
2016-06-09,6.71999979019165,6.989999771118164,6.429999828338623,6.760000228881836,82000,0,0,0.004457683465575846,1.4922737120949996,6.329000020027161,7.460485652444382,5.19751438760994,6.7099997997283936,6.080000162124634,5.897500157356262,5.430000066757202,6.21999979019165
2016-06-10,6.599999904632568,6.929999828338623,6.460000038146973,6.769999980926514,157600,0,0,0.0014792532109619838,1.4944811627752503,6.398000025749207,7.4572707618313885,5.338729289667025,6.7099997997283936,6.080000162124634,5.795000076293945,5.430000066757202,6.230000019073486
2016-06-13,6.760000228881836,6.960000038146973,6.46999979019165,6.489999771118164,87600,0,0,-0.041358967591906826,1.4326709647973135,6.454500007629394,7.399491672055347,5.509508343203442,6.7099997997283936,6.080000162124634,5.769999980926514,5.430000066757202,6.050000190734863
2016-06-14,6.400000095367432,6.550000190734863,6.369999885559082,6.449999809265137,88800,0,0,-0.006163322536779647,1.4238409515521884,6.49300000667572,7.368063416602528,5.617936596748912,6.679999828338623,6.080000162124634,5.752500057220459,5.430000066757202,5.889999866485596
2016-06-15,6.489999771118164,6.699999809265137,6.369999885559082,6.46999979019165,70400,0,0,0.0031007723283626998,1.428255958174751,6.536500000953675,7.309128787998542,5.763871213908807,6.679999828338623,6.15500020980835,5.747500061988831,5.4750001430511475,5.960000038146973
2016-06-16,6.400000095367432,6.510000228881836,6.300000190734863,6.489999771118164,52400,0,0,0.003091187260443773,1.4326709647973137,6.563999986648559,7.286767473803371,5.8412324994937475,6.644999980926514,6.15500020980835,5.747500061988831,5.585000038146973,5.78000020980835
2016-06-17,6.46999979019165,6.539999961853027,6.309999942779541,6.46999979019165,163400,0,0,-0.0030816612683898237,1.4282559581747512,6.602999973297119,7.205976865979594,6.0000230806146435,6.644999980926514,6.15500020980835,5.642500042915344,5.680000066757202,5.75
2016-06-20,6.599999904632568,6.78000020980835,6.599999904632568,6.699999809265137,68600,0,0,0.03554869034496111,1.479028586965251,6.640999960899353,7.161353779935211,6.120646141863495,6.644999980926514,6.175000190734863,5.642500042915344,5.715000152587891,6.079999923706055
2016-06-21,6.730000019073486,6.730000019073486,6.409999847412109,6.579999923706055,72200,0,0,-0.0179104311903322,1.4525385472298757,6.678999948501587,7.038718298999288,6.319281598003886,6.644999980926514,6.195000171661377,5.622500061988831,5.75,5.96999979019165
2016-06-22,6.599999904632568,6.710000038146973,6.460000038146973,6.550000190734863,62800,0,0,-0.004559229987694979,1.4459160899270624,6.691499948501587,7.012572231500506,6.3704276655026675,6.630000114440918,6.275000095367432,5.640000104904175,5.759999990463257,5.300000190734863
2016-06-23,6.650000095367432,6.96999979019165,6.650000095367432,6.909999847412109,81600,0,0,0.05496177804490365,1.5253862091331887,6.688999938964844,7.002271075017364,6.375728802912323,6.634999990463257,6.320000171661377,5.6625001430511475,5.759999990463257,5.230000019073486
2016-06-24,6.409999847412109,6.730000019073486,6.170000076293945,6.289999961853027,308400,0,0,-0.08972502159913653,1.3885208985716884,6.662999939918518,7.016034937668254,6.309964942168783,6.569999933242798,6.335000038146973,5.702500104904175,5.759999990463257,4.849999904632568
2016-06-27,6.159999847412109,6.900000095367432,5.559999942779541,5.730000019073486,140300,0,0,-0.08903019812015478,1.2649006078778755,6.610999941825867,7.147085865476879,6.074914018174854,6.264999866485596,6.305000066757202,5.712500095367432,5.759999990463257,4.889999866485596
2016-06-28,5.769999980926514,5.940000057220459,5.71999979019165,5.880000114440918,55600,0,0,0.026178027027595974,1.2980132101781252,6.567499947547913,7.187073890793995,5.947926004301831,6.264999866485596,6.305000066757202,5.7500001192092896,5.759999990463257,4.869999885559082
2016-06-29,5.940000057220459,6.0,5.860000133514404,5.929999828338623,45300,0,0,0.008503352538192788,1.309050674103501,6.5169999361038204,7.170968757388778,5.863031114818863,6.264999866485596,6.305000066757202,5.7500001192092896,5.759999990463257,4.949999809265137
2016-06-30,5.920000076293945,6.059999942779541,5.730000019073486,6.019999980926514,69700,0,0,0.01517709193814687,1.328918256536063,6.472999930381775,7.136422913915641,5.809576946847908,6.264999866485596,6.305000066757202,5.837500095367432,5.759999990463257,5.050000190734863
2016-07-01,5.960000038146973,6.03000020980835,5.849999904632568,5.929999828338623,34000,0,0,-0.014950191507149935,1.309050674103501,6.435999917984009,7.133397012332953,5.738602823635064,6.264999866485596,6.2799999713897705,6.1275001764297485,5.9700000286102295,4.960000038146973
2016-07-05,5.849999904632568,5.849999904632568,5.409999847412109,5.480000019073486,54100,0,0,-0.07588529886875406,1.209712972464813,6.367499923706054,7.153325587682065,5.581674259730043,6.18999981880188,6.199999809265137,6.137500166893005,5.9700000286102295,4.829999923706055
2016-07-06,5.409999847412109,5.590000152587891,5.380000114440918,5.550000190734863,43100,0,0,0.01277375390834612,1.2251655482748125,6.308999943733215,7.153798285959063,5.464201601507368,6.174999952316284,6.184999942779541,6.177500128746033,5.9700000286102295,4.860000133514404
2016-07-07,5.550000190734863,5.730000019073486,5.46999979019165,5.579999923706055,23600,0,0,0.005405357106342601,1.2317880055776258,6.251499938964844,7.13009538768929,5.372904490240397,6.140000104904175,6.184999942779541,6.200000166893005,5.9700000286102295,4.900000095367432
2016-07-08,5.690000057220459,6.090000152587891,5.690000057220459,6.090000152587891,69800,0,0,0.09139789173027624,1.3443708323460626,6.2179999351501465,7.066754737461329,5.369245132838964,6.140000104904175,6.184999942779541,6.207500100135803,6.0,4.880000114440918
2016-07-11,6.119999885559082,6.139999866485596,6.03000020980835,6.059999942779541,68900,0,0,-0.004926142702246339,1.3377482697811882,6.182499933242798,6.99412055529507,5.370879311190525,5.759999990463257,6.184999942779541,6.207500100135803,6.0,4.940000057220459
2016-07-12,6.119999885559082,6.389999866485596,6.079999923706055,6.360000133514404,80700,0,0,0.049504982436891165,1.4039734743816874,6.17599995136261,6.9796224829074855,5.3723774198177345,5.884999990463257,6.184999942779541,6.255000114440918,6.0,5.159999847412109
2016-07-13,6.360000133514404,6.360000133514404,6.050000190734863,6.070000171661377,62500,0,0,-0.04559747732155772,1.3399558257234998,6.156999969482422,6.951632965457555,5.36236697350729,5.884999990463257,6.184999942779541,6.277500152587891,6.0,5.190000057220459
2016-07-14,6.21999979019165,6.260000228881836,6.010000228881836,6.150000095367432,44300,0,0,0.01317955872218013,1.35761585221375,6.140999984741211,6.9224140998140715,5.359585869668351,5.884999990463257,6.184999942779541,6.362500071525574,6.0,5.269999980926514
2016-07-15,6.21999979019165,6.289999961853027,6.010000228881836,6.25,57900,0,0,0.016260146842582035,1.3796908853265628,6.128999996185303,6.895681858847376,5.362318133523229,5.884999990463257,6.184999942779541,6.412500023841858,6.0400002002716064,5.139999866485596
2016-07-18,6.25,6.420000076293945,6.110000133514404,6.21999979019165,103600,0,0,-0.004800033569335893,1.3730683227616884,6.116499996185302,6.868386153855932,5.364613838514673,5.900000095367432,6.174999952316284,6.394999980926514,6.0400002002716064,5.550000190734863
2016-07-19,6.199999809265137,6.25,6.110000133514404,6.230000019073486,43000,0,0,0.001607753893755115,1.3752758787040003,6.09300000667572,6.797886103023705,5.388113910327736,5.944999933242798,6.174999952316284,6.394999980926514,6.0400002002716064,5.860000133514404
2016-07-20,6.239999771118164,6.239999771118164,6.039999961853027,6.050000190734863,25200,0,0,-0.028892428216299115,1.3355408191009372,6.066500020027161,6.734665753000566,5.398334287053756,6.055000066757202,6.174999952316284,6.394999980926514,6.0400002002716064,5.860000133514404
2016-07-21,6.010000228881836,6.119999885559082,5.880000114440918,5.889999866485596,46000,0,0,-0.02644633375289751,1.3002206608583757,6.033500003814697,6.66680411881839,5.400195888811004,6.150000095367432,6.174999952316284,6.379999995231628,6.0400002002716064,6.059999942779541
2016-07-22,5.940000057220459,6.039999961853027,5.829999923706055,5.960000038146973,42300,0,0,0.011884579498835146,1.315673236668375,5.986000013351441,6.473555261665789,5.4984447650370925,6.125,6.174999952316284,6.417500019073486,6.0400002002716064,6.059999942779541
2016-07-25,5.920000076293945,6.039999961853027,5.78000020980835,5.78000020980835,51600,0,0,-0.030201313286331244,1.275938177065312,5.960500025749207,6.43481554171005,5.486184509788364,6.1000001430511475,6.174999952316284,6.400000095367432,6.0400002002716064,6.119999885559082
2016-07-26,5.78000020980835,5.869999885559082,5.71999979019165,5.75,73500,0,0,-0.00519034752930303,1.2693156145004376,5.961500024795532,6.433927643919481,5.489072405671583,6.069999933242798,6.174999952316284,6.400000095367432,6.065000057220459,6.190000057220459
2016-07-27,5.78000020980835,6.130000114440918,5.78000020980835,6.079999923706055,52800,0,0,0.057391291079313955,1.3421632764037505,5.971500015258789,6.445081768867018,5.497918261650559,6.069999933242798,6.174999952316284,6.4100000858306885,6.065000057220459,6.130000114440918
2016-07-28,6.019999980926514,6.119999885559082,5.940000057220459,5.96999979019165,28900,0,0,-0.018092127449790163,1.317880687348626,5.97350001335144,6.44669736470555,5.500302661997331,6.069999933242798,6.174999952316284,6.420000076293945,6.075000047683716,6.190000057220459
2016-07-29,5.900000095367432,5.900000095367432,4.929999828338623,5.300000190734863,171500,0,0,-0.11222774254658363,1.1699779128617498,5.937500023841858,6.494232772586208,5.380767275097509,5.5899999141693115,5.949999809265137,6.452500104904175,6.080000162124634,6.090000152587891
2016-08-01,5.199999809265137,5.590000152587891,5.070000171661377,5.230000019073486,53800,0,0,-0.013207579083439835,1.1545253370517503,5.902500033378601,6.53983318524576,5.265166881511442,5.5849997997283936,5.914999961853027,6.477500081062317,6.080000162124634,6.119999885559082
2016-08-02,5.199999809265137,5.599999904632568,4.840000152587891,4.849999904632568,96800,0,0,-0.07265776540250113,1.0706401059610007,5.871000027656555,6.639157378515348,5.102842676797762,5.485000133514404,5.870000123977661,6.452499985694885,6.080000162124634,6.119999885559082
2016-08-03,4.809999942779541,5.03000020980835,4.809999942779541,4.889999866485596,60700,0,0,0.008247414977229361,1.0794701192061258,5.838000011444092,6.709439950995433,4.966560071892751,5.4700000286102295,5.615000009536743,6.284999966621399,6.080000162124634,6.039999961853027
2016-08-04,4.840000152587891,4.940000057220459,4.840000152587891,4.869999885559082,73600,0,0,-0.004089975761264686,1.0750551125835632,5.802500009536743,6.767025422057931,4.837974597015555,5.4700000286102295,5.615000009536743,6.284999966621399,6.080000162124634,6.239999771118164
2016-08-05,4.960000038146973,5.070000171661377,4.860000133514404,4.949999809265137,124200,0,0,0.016427089442707654,1.0927151390738137,5.745499992370606,6.768926239784158,4.722073744957053,5.4700000286102295,5.615000009536743,6.284999966621399,6.080000162124634,6.03000020980835
2016-08-08,4.829999923706055,5.679999828338623,4.739999771118164,5.050000190734863,227500,0,0,0.02020209804504458,1.1147902774486873,5.695000004768372,6.750884987491142,4.639115022045601,5.434999942779541,5.579999923706055,6.284999966621399,6.080000162124634,6.03000020980835
2016-08-09,5.619999885559082,5.710000038146973,4.900000095367432,4.960000038146973,360000,0,0,-0.01782181172052466,1.0949226950161253,5.625,6.680884960352145,4.569115039647855,5.429999828338623,5.579999923706055,6.272499918937683,6.080000162124634,6.110000133514404
2016-08-10,5.010000228881836,5.019999980926514,4.800000190734863,4.829999923706055,169900,0,0,-0.026209700290543814,1.0662250993384381,5.562999987602234,6.652540689806694,4.473459285397775,5.319999933242798,5.579999923706055,6.194999814033508,6.080000162124634,6.110000133514404
2016-08-11,4.929999828338623,4.960000038146973,4.849999904632568,4.860000133514404,98500,0,0,0.006211223660916865,1.0728476619033125,5.4984999895095825,6.594187597078188,4.4028123819409775,5.224999904632568,5.579999923706055,6.179999947547913,6.080000162124634,6.170000076293945
2016-08-12,4.900000095367432,4.989999771118164,4.869999885559082,4.900000095367432,168900,0,0,0.008230444599618192,1.0816776751484376,5.430999994277954,6.498869160232209,4.363130828323699,5.224999904632568,5.579999923706055,6.162500023841858,6.080000162124634,6.099999904632568
2016-08-15,4.880000114440918,5.079999923706055,4.809999942779541,4.880000114440918,1921200,0,0,-0.004081628681073313,1.077262668525875,5.364000010490417,6.392450186642384,4.33554983433845,5.224999904632568,5.579999923706055,6.162500023841858,6.080000162124634,6.179999828338623
2016-08-16,4.840000152587891,4.96999979019165,4.78000020980835,4.940000057220459,976700,0,0,0.01229506995337748,1.0905076883935627,5.2995000123977665,6.261582225901852,4.337417798893681,5.224999904632568,5.579999923706055,5.972499966621399,6.080000162124634,6.380000114440918
2016-08-17,4.96999979019165,5.159999847412109,4.96999979019165,5.159999847412109,408400,0,0,0.044534369968294296,1.139072761241751,5.254999995231628,6.153691158283191,4.356308832180066,5.224999904632568,5.579999923706055,6.034999966621399,6.080000162124634,6.320000171661377
2016-08-18,5.110000133514404,5.210000038146973,5.0,5.190000057220459,81900,0,0,0.005813994320832405,1.1456953238066254,5.220000004768371,6.069716780271456,4.3702832292652865,5.224999904632568,5.579999923706055,6.034999966621399,6.080000162124634,6.199999809265137
2016-08-19,5.190000057220459,5.28000020980835,5.019999980926514,5.269999980926514,187700,0,0,0.01541424331869834,1.1633553502968756,5.185500001907348,5.964596905236115,4.406403098578582,5.245000123977661,5.579999923706055,6.034999966621399,6.080000162124634,6.199999809265137
2016-08-22,5.170000076293945,5.28000020980835,5.099999904632568,5.139999866485596,77600,0,0,-0.02466795349362838,1.1346577546191885,5.153499984741211,5.882752889398207,4.424247080084216,5.03000020980835,5.579999923706055,6.034999966621399,6.080000162124634,6.199999809265137
2016-08-23,5.150000095367432,5.579999923706055,5.130000114440918,5.550000190734863,285200,0,0,0.07976660212047815,1.2251655482748125,5.1434999942779545,5.844392725477642,4.4426072630782665,5.180000066757202,5.494999885559082,6.037500023841858,6.080000162124634,6.309999942779541
2016-08-24,5.519999980926514,6.110000133514404,5.519999980926514,5.860000133514404,400400,0,0,0.055855843626285484,1.2935982035555627,5.132500004768372,5.778435888678819,4.486564120857924,5.445000171661377,5.489999771118164,6.059999942779541,6.080000162124634,6.420000076293945
2016-08-25,5.820000171661377,5.889999866485596,5.809999942779541,5.860000133514404,154700,0,0,0.0,1.2935982035555627,5.127000021934509,5.745307417091482,4.5086926267775365,5.445000171661377,5.434999942779541,6.115000009536743,6.080000162124634,6.369999885559082
2016-08-26,5.849999904632568,6.090000152587891,5.849999904632568,6.059999942779541,177600,0,0,0.0341296595065419,1.3377482697811882,5.165000009536743,5.904200353856934,4.425799665216552,5.445000171661377,5.434999942779541,6.162500023841858,6.080000162124634,6.519999980926514
2016-08-29,6.070000171661377,6.190000057220459,6.019999980926514,6.059999942779541,544100,0,0,0.0,1.3377482697811882,5.206500005722046,6.043493005766002,4.3695070056780905,5.579999923706055,5.4649999141693115,6.149999976158142,6.15500020980835,6.539999961853027
2016-08-30,6.099999904632568,6.269999980926514,6.050000190734863,6.119999885559082,165100,0,0,0.009900980750178201,1.3509932896488759,5.270000004768372,6.179548500086337,4.360451509450407,5.634999990463257,5.504999876022339,6.137500047683716,6.15500020980835,6.75
2016-08-31,6.070000171661377,6.239999771118164,6.070000171661377,6.190000057220459,260900,0,0,0.011437936759860268,1.3664458654588754,5.335000014305114,6.3107717389345845,4.359228289675644,5.644999980926514,5.504999876022339,6.122499942779541,6.15500020980835,6.710000038146973
2016-09-01,6.25,6.25,6.010000228881836,6.130000114440918,195300,0,0,-0.00969304397817461,1.3532008455911877,5.398000025749207,6.4080252944802,4.387974757018214,5.684999942779541,5.504999876022339,6.122499942779541,6.175000190734863,7.010000228881836
2016-09-02,6.110000133514404,6.210000038146973,6.079999923706055,6.190000057220459,79800,0,0,0.00978791870463347,1.3664458654588756,5.460000038146973,6.504438941710504,4.415561134583442,5.700000047683716,5.504999876022339,6.122499942779541,6.195000171661377,6.949999809265137
2016-09-06,6.150000095367432,6.300000190734863,5.96999979019165,6.090000152587891,133800,0,0,-0.016155073296957645,1.3443708323460628,5.512000036239624,6.573215953654373,4.450784118824876,5.9100000858306885,5.519999980926514,5.769999861717224,5.990000009536743,6.920000076293945
2016-09-07,6.130000114440918,6.159999847412109,6.019999980926514,6.119999885559082,90100,0,0,0.004926064403864228,1.350993289648876,5.570000028610229,6.630994897001849,4.509005160218609,6.055000066757202,5.519999980926514,5.7499998807907104,5.990000009536743,6.920000076293945
2016-09-08,6.079999923706055,6.139999866485596,5.980000019073486,6.119999885559082,55300,0,0,0.0,1.350993289648876,5.634500026702881,6.663737721981806,4.605262331423956,6.075000047683716,5.519999980926514,5.677500128746033,5.945000171661377,7.0
2016-09-09,6.079999923706055,6.289999961853027,6.03000020980835,6.039999961853027,127100,0,0,-0.01307188320294328,1.3333332631586259,5.693500018119812,6.671874429328435,4.715125606911188,6.134999990463257,5.519999980926514,5.542500019073486,5.930000066757202,6.949999809265137
2016-09-12,6.090000152587891,6.260000228881836,6.039999961853027,6.239999771118164,141400,0,0,0.033112551411967006,1.3774833293842517,5.7605000019073485,6.694386089471898,4.826613914342799,6.134999990463257,5.519999980926514,5.542500019073486,5.930000066757202,7.010000228881836
2016-09-13,6.179999828338623,6.28000020980835,5.96999979019165,6.03000020980835,166200,0,0,-0.033653777085345005,1.3311258124783751,5.81800000667572,6.66458436302946,4.97141565032198,6.134999990463257,5.519999980926514,5.542500019073486,5.930000066757202,7.010000228881836
2016-09-14,6.050000190734863,6.159999847412109,5.96999979019165,6.03000020980835,78400,0,0,0.0,1.3311258124783751,5.872500014305115,6.619438172527998,5.125561856082232,6.134999990463257,5.5400002002716064,5.507499933242798,5.894999980926514,6.940000057220459
2016-09-15,6.090000152587891,6.130000114440918,5.980000019073486,6.110000133514404,45700,0,0,0.013266985227617045,1.3487858389686256,5.92000002861023,6.596427977528356,5.243572079692103,6.134999990463257,5.5400002002716064,5.504999876022339,5.869999885559082,7.110000133514404
2016-09-16,6.090000152587891,6.170000076293945,5.960000038146973,6.110000133514404,290000,0,0,0.0,1.3487858389686256,5.966000032424927,6.556381600659758,5.3756184641900955,6.130000114440918,5.5400002002716064,5.449999928474426,5.864999771118164,7.019999980926514
2016-09-19,6.159999847412109,6.190000057220459,6.010000228881836,6.170000076293945,93500,0,0,0.009819957687141612,1.3620308588363133,6.011000037193298,6.511831556637933,5.510168517748664,6.125,5.5400002002716064,5.4024999141693115,5.864999771118164,7.130000114440918
2016-09-20,6.21999979019165,6.239999771118164,6.059999942779541,6.099999904632568,52500,0,0,-0.011345246482301952,1.3465782830263138,6.059000039100647,6.358545649318394,5.759454428882901,6.125,5.5400002002716064,5.4024999141693115,5.864999771118164,7.019999980926514
2016-09-21,6.119999885559082,6.239999771118164,6.119999885559082,6.179999828338623,100400,0,0,0.013114741796192542,1.3642383095165642,6.090500020980835,6.281004490908501,5.89999555105317,6.125,5.5400002002716064,5.4024999141693115,5.864999771118164,7.019999980926514
2016-09-22,6.199999809265137,6.380000114440918,6.179999828338623,6.380000114440918,110600,0,0,0.03236250674072605,1.4083884810042508,6.116500020027161,6.315902994081499,5.917097045972822,6.170000076293945,5.674999952316284,5.4024999141693115,5.864999771118164,5.989999771118164
2016-09-23,6.340000152587891,6.409999847412109,6.289999961853027,6.320000171661377,88800,0,0,-0.009404379577318989,1.3951434611365632,6.139500021934509,6.320312150831694,5.958687893037324,6.184999942779541,5.704999923706055,5.4024999141693115,5.864999771118164,6.230000019073486
2016-09-26,6.289999961853027,6.300000190734863,6.139999866485596,6.199999809265137,93800,0,0,-0.01898739859760079,1.368653316139127,6.146500015258789,6.325265361180302,5.967734669337277,6.184999942779541,5.7149999141693115,5.4024999141693115,5.864999771118164,6.389999866485596
2016-09-27,6.179999828338623,6.25,6.170000076293945,6.199999809265137,91300,0,0,0.0,1.368653316139127,6.153500008583069,6.329069884233728,5.97793013293241,6.184999942779541,5.754999876022339,5.412500023841858,5.864999771118164,6.409999847412109
2016-09-28,6.239999771118164,6.28000020980835,6.139999866485596,6.199999809265137,119400,0,0,0.0,1.368653316139127,6.157500004768371,6.333483959622173,5.981516049914569,6.184999942779541,5.769999980926514,5.305000066757202,5.864999771118164,6.650000095367432
2016-09-29,6.21999979019165,6.320000171661377,6.210000038146973,6.309999942779541,121200,0,0,0.017741957564260336,1.3929359051942516,6.1634999990463255,6.351418539979174,5.975581458113477,6.210000038146973,5.9649999141693115,5.337499976158142,5.854999780654907,6.510000228881836
2016-09-30,6.300000190734863,6.449999809265137,6.300000190734863,6.420000076293945,112400,0,0,0.01743266790996989,1.4172184942493762,6.177999997138977,6.396033880633964,5.959966113643991,6.254999876022339,6.129999876022339,5.4674999713897705,5.854999780654907,6.650000095367432
2016-10-03,6.429999828338623,6.489999771118164,6.300000190734863,6.369999885559082,50000,0,0,-0.007788191610696438,1.4061809250619393,6.186999988555908,6.4207426174199504,5.953257359691866,6.304999828338623,6.169999837875366,5.440000057220459,5.854999780654907,6.559999942779541
2016-10-04,6.369999885559082,6.550000190734863,6.340000152587891,6.519999980926514,111800,0,0,0.023547896085129416,1.439293527362189,6.2084999799728395,6.479211209057882,5.937788750887797,6.3450000286102295,6.255000114440918,5.440000057220459,5.854999780654907,6.690000057220459
2016-10-05,6.539999961853027,6.639999866485596,6.429999828338623,6.539999961853027,204800,0,0,0.0030674817461688875,1.4437085339847515,6.229499983787536,6.533040277032664,5.925959690542409,6.389999866485596,6.299999952316284,5.522499918937683,5.854999780654907,6.679999828338623
2016-10-06,6.590000152587891,6.800000190734863,6.590000152587891,6.75,142200,0,0,0.032110097763283774,1.490066156152689,6.260999989509583,6.635802841078598,5.8861971379405675,6.4700000286102295,6.380000114440918,5.569999933242798,5.854999780654907,6.800000190734863
2016-10-07,6.769999980926514,6.789999961853027,6.639999866485596,6.710000038146973,72400,0,0,-0.005925920274522545,1.4812361429075638,6.29449999332428,6.70294277283347,5.886057213815089,6.4700000286102295,6.380000114440918,5.574999928474426,5.854999780654907,7.0
2016-10-10,6.71999979019165,7.03000020980835,6.71999979019165,7.010000228881836,161200,0,0,0.04470941714297094,1.5474613475080634,6.333000016212464,6.846556273829509,5.819443758595418,6.585000038146973,6.495000123977661,5.59499990940094,5.854999780654907,6.980000019073486
2016-10-11,7.019999980926514,7.119999885559082,6.789999961853027,6.949999809265137,118500,0,0,-0.00855926072148927,1.5342162223783147,6.378999996185303,6.938992715697652,5.819007276672953,6.664999961853027,6.539999961853027,5.602499961853027,5.854999780654907,7.070000171661377
2016-10-12,6.909999847412109,7.039999961853027,6.829999923706055,6.920000076293945,112300,0,0,-0.004316508459640267,1.5275937650755014,6.423499989509582,7.006710345333992,5.840289633685173,6.710000038146973,6.539999961853027,5.715000033378601,5.854999780654907,7.050000190734863
2016-10-13,6.829999923706055,6.940000057220459,6.809999942779541,6.920000076293945,143500,0,0,0.0,1.5275937650755014,6.46399998664856,7.066886440102195,5.861113533194924,6.710000038146973,6.539999961853027,5.787500023841858,5.819999933242798,7.190000057220459
2016-10-14,7.039999961853027,7.099999904632568,6.949999809265137,7.0,195600,0,0,0.011560682489023755,1.5452537915657516,6.508499979972839,7.131569028249458,5.885430931696221,6.730000019073486,6.539999961853027,5.797500014305115,5.819999933242798,7.300000190734863
2016-10-17,7.059999942779541,7.110000133514404,6.880000114440918,6.949999809265137,129000,0,0,-0.00714288439069477,1.5342162223783147,6.547499966621399,7.178616694624662,5.9163832386181365,6.7749998569488525,6.539999961853027,5.827499985694885,5.579999923706055,7.440000057220459
2016-10-18,7.059999942779541,7.079999923706055,6.980000019073486,7.010000228881836,115500,0,0,0.008633154138610433,1.5474613475080632,6.592999982833862,7.219655061317525,5.9663449043501995,6.855000019073486,6.539999961853027,5.827499985694885,5.579999923706055,7.599999904632568
2016-10-19,7.059999942779541,7.139999866485596,6.75,7.010000228881836,382800,0,0,0.0,1.5474613475080632,6.634500002861023,7.256113587805251,6.0128864179167945,6.889999866485596,6.549999952316284,5.827499985694885,5.579999923706055,7.599999904632568
2016-10-20,7.0,7.039999961853027,6.889999866485596,6.940000057220459,148800,0,0,-0.009985758826792868,1.5320087716980637,6.6625,7.286204792553959,6.03879520744604,6.929999828338623,6.549999952316284,5.837500095367432,5.579999923706055,7.429999828338623
2016-10-21,6.840000152587891,7.239999771118164,6.840000152587891,7.110000133514404,295300,0,0,0.024495688024825713,1.569536380620876,6.701999998092651,7.334036398243513,6.069963597941789,6.994999885559082,6.599999904632568,5.837500095367432,5.579999923706055,7.190000057220459
2016-10-24,7.170000076293945,7.230000019073486,7.010000228881836,7.019999980926514,104000,0,0,-0.012658249071424987,1.549668798188314,6.74300000667572,7.344802307963911,6.141197705387529,6.994999885559082,6.625,5.835000157356262,5.579999923706055,6.920000076293945
2016-10-25,7.039999961853027,7.300000190734863,7.010000228881836,7.130000114440918,288600,0,0,0.015669534731236112,1.5739513872434387,6.78950002193451,7.358787862120359,6.220212181748661,7.025000095367432,6.680000066757202,5.832500100135803,5.579999923706055,6.96999979019165
2016-10-26,7.099999904632568,7.28000020980835,6.980000019073486,7.019999980926514,234900,0,0,-0.015427788464072112,1.5496687981883142,6.8305000305175785,7.3382110115394825,6.322789049495674,7.025000095367432,6.710000038146973,5.832500100135803,5.579999923706055,6.929999828338623
2016-10-27,7.059999942779541,7.110000133514404,6.980000019073486,7.019999980926514,235400,0,0,0.0,1.5496687981883142,6.866000032424926,7.318943388199885,6.413056676649968,7.025000095367432,6.7200000286102295,5.832500100135803,5.579999923706055,7.320000171661377
2016-10-28,6.789999961853027,6.820000171661377,5.630000114440918,5.989999771118164,796600,0,0,-0.14672367700952726,1.3222956939711896,6.844500017166138,7.40861451608451,6.2803855182477655,6.465000152587891,6.465000152587891,5.922500014305115,5.579999923706055,7.420000076293945
2016-10-31,5.920000076293945,6.380000114440918,5.920000076293945,6.230000019073486,1897500,0,0,0.04006682088913016,1.3752758787040014,6.837500023841858,7.428137648799079,6.246862398884637,6.465000152587891,6.465000152587891,5.944999933242798,5.579999923706055,7.489999771118164
2016-11-01,6.260000228881836,6.389999866485596,6.039999961853027,6.389999866485596,315300,0,0,0.025682158414488176,1.410595931684502,6.831000018119812,7.438280612023608,6.223719424216016,6.465000152587891,6.465000152587891,5.949999928474426,5.579999923706055,7.699999809265137
2016-11-02,6.409999847412109,6.460000038146973,6.260000228881836,6.409999847412109,306700,0,0,0.00312988753433463,1.4150109383070646,6.824500012397766,7.446861281638571,6.202138743156961,6.465000152587891,6.465000152587891,5.96999990940094,5.579999923706055,7.849999904632568
2016-11-03,6.449999809265137,6.690000057220459,6.449999809265137,6.650000095367432,374000,0,0,0.037441537233767086,1.4679911230398763,6.8195000171661375,7.445812212938793,6.193187821393482,6.465000152587891,6.465000152587891,5.977499961853027,5.579999923706055,7.550000190734863
2016-11-04,6.840000152587891,6.840000152587891,6.510000228881836,6.510000228881836,1245600,0,0,-0.021052611199678495,1.4370860766819384,6.809500026702881,7.448879445142289,6.170120608263472,6.465000152587891,6.465000152587891,6.087499976158142,5.574999809265137,7.579999923706055
2016-11-07,6.619999885559082,6.75,6.590000152587891,6.650000095367432,427100,0,0,0.021505355078864863,1.4679911230398763,6.7915000200271605,7.42751221685204,6.1554878232022805,6.455000162124634,6.465000152587891,6.192499876022339,5.59499979019165,7.610000133514404
2016-11-08,6.650000095367432,6.670000076293945,6.449999809265137,6.559999942779541,299000,0,0,-0.013533857337925004,1.4481235406073143,6.772000026702881,7.411320149701734,6.1326799037040285,6.370000123977661,6.465000152587891,6.237499833106995,5.614999771118164,7.71999979019165
2016-11-09,6.590000152587891,6.75,6.579999923706055,6.690000057220459,418100,0,0,0.019817090788850855,1.4768211362850017,6.760500025749207,7.3969952639358585,6.124004787562555,6.235000133514404,6.465000152587891,6.300000071525574,5.644999980926514,7.579999923706055
2016-11-10,6.809999942779541,6.929999828338623,6.610000133514404,6.679999828338623,400300,0,0,-0.0014948025106581442,1.4746135803426899,6.748500013351441,7.381516894715566,6.1154831319873155,6.424999952316284,6.465000152587891,6.34499990940094,5.68999981880188,7.699999809265137
2016-11-11,6.699999809265137,6.800000190734863,6.570000171661377,6.800000190734863,517500,0,0,0.017964126568860372,1.5011037253401263,6.738500022888184,7.36143927904611,6.115560766730258,6.484999895095825,6.465000152587891,6.425000071525574,5.769999980926514,7.880000114440918
2016-11-14,6.880000114440918,7.199999809265137,6.829999923706055,7.0,584700,0,0,0.02941173583166079,1.545253791565752,6.741000032424926,7.367745467101734,6.114254597748118,6.730000019073486,6.465000152587891,6.425000071525574,5.769999980926514,7.900000095367432
2016-11-15,7.039999961853027,7.130000114440918,6.809999942779541,6.980000019073486,401100,0,0,-0.0028571401323590484,1.5408387849431895,6.739500021934509,7.363775082300641,6.1152249615683765,6.824999809265137,6.465000152587891,6.540000081062317,5.884999990463257,8.039999961853027
2016-11-16,6.929999828338623,7.159999847412109,6.800000190734863,7.070000171661377,613900,0,0,0.012894004633518197,1.5607063673757515,6.7425000190734865,7.372558672497192,6.112441365649781,6.824999809265137,6.465000152587891,6.602499961853027,5.929999828338623,8.039999961853027
2016-11-17,7.119999885559082,7.269999980926514,7.039999961853027,7.050000190734863,462800,0,0,-0.0028288515475118903,1.556291360753189,6.7480000257492065,7.386813946533361,6.109186104965052,6.859999895095825,6.465000152587891,6.625,5.929999828338623,7.980000019073486
2016-11-18,7.019999980926514,7.199999809265137,6.929999828338623,7.190000057220459,345600,0,0,0.019858136552901584,1.5871964071111269,6.752000021934509,7.400863136679537,6.103136907189481,6.859999895095825,6.465000152587891,6.625,5.929999828338623,8.029999732971191
2016-11-21,7.21999979019165,7.309999942779541,7.139999866485596,7.300000190734863,256700,0,0,0.015299044873294365,1.6114789961662517,6.766000032424927,7.448954679930635,6.0830453849192185,6.940000057220459,6.4700000286102295,6.634999990463257,5.929999828338623,7.75
2016-11-22,7.320000171661377,7.489999771118164,7.260000228881836,7.440000057220459,372400,0,0,0.01917806340105077,1.6423840425241898,6.781500029563904,7.509865359611366,6.053134699516441,7.0299999713897705,6.559999942779541,6.65749990940094,5.929999828338623,7.860000133514404
2016-11-23,7.46999979019165,7.659999847412109,7.409999847412109,7.599999904632568,389800,0,0,0.02150535566956502,1.6777040955046905,6.8105000257492065,7.617388785145342,6.003611266353071,7.115000009536743,6.644999980926514,6.697499990463257,5.929999828338623,8.0600004196167
2016-11-25,7.579999923706055,7.699999809265137,7.510000228881836,7.599999904632568,94900,0,0,0.0,1.6777040955046905,6.8395000219345095,7.714040606446845,5.9649594374221735,7.25,6.664999961853027,6.71999990940094,5.93999981880188,7.599999904632568
2016-11-28,7.599999904632568,7.599999904632568,7.429999828338623,7.429999828338623,254000,0,0,-0.0223684313719954,1.6401764865818782,6.911500024795532,7.729087640386663,6.0939124092044015,7.25,6.664999961853027,6.739999890327454,5.960000038146973,7.179999828338623
2016-11-29,7.420000076293945,7.5,7.170000076293945,7.190000057220459,280300,0,0,-0.03230145042571675,1.5871964071111273,6.959500026702881,7.7216742561124105,6.1973257972933515,7.25,6.664999961853027,6.797499895095825,6.009999990463257,7.170000076293945
2016-11-30,7.25,7.369999885559082,6.900000095367432,6.920000076293945,303800,0,0,-0.03755215282027291,1.5275937650755023,6.986000037193298,7.702106920597988,6.269893153788608,7.299999952316284,6.664999961853027,6.809999942779541,6.009999990463257,7.099999904632568
2016-12-01,6.929999828338623,7.079999923706055,6.900000095367432,6.96999979019165,294900,0,0,0.0072253921020883904,1.5386312290008783,7.014000034332275,7.6792885741690595,6.3487114944954905,7.299999952316284,6.664999961853027,6.852500081062317,6.0400002002716064,7.289999961853027
2016-12-02,7.0,7.099999904632568,6.880000114440918,6.929999828338623,174800,0,0,-0.005738875617947059,1.5298012157557532,7.028000020980835,7.673332205530214,6.382667836431457,7.289999961853027,6.664999961853027,6.867500066757202,6.0400002002716064,7.480000019073486
2016-12-05,7.0,7.329999923706055,6.909999847412109,7.320000171661377,297900,0,0,0.05627710721260604,1.615894002788815,7.068500018119812,7.6790801192993134,6.45791991694031,7.289999961853027,6.664999961853027,6.872500061988831,6.0400002002716064,7.099999904632568
2016-12-06,7.300000190734863,7.449999809265137,7.25,7.420000076293945,278400,0,0,0.013661188837086113,1.637969035901628,7.107000017166138,7.703978425234823,6.510021609097453,7.289999961853027,6.809999942779541,6.465000152587891,6.134999990463257,7.260000228881836
2016-12-07,7.440000057220459,7.519999980926514,7.340000152587891,7.489999771118164,184100,0,0,0.009433921038338067,1.6534215064495665,7.153500008583069,7.716351273173571,6.590648743992566,7.289999961853027,6.869999885559082,6.465000152587891,6.150000095367432,6.949999809265137
2016-12-08,7.710000038146973,7.71999979019165,7.460000038146973,7.699999809265137,243000,0,0,0.028037389127399504,1.6997791286175041,7.203999996185303,7.772716433134818,6.635283559235788,7.299999952316284,6.990000009536743,6.465000152587891,6.1600000858306885,6.980000019073486
2016-12-09,7.699999809265137,7.860000133514404,7.639999866485596,7.849999904632568,196800,0,0,0.019480532348447932,1.732891730917754,7.2625,7.844273144204065,6.680726855795935,7.370000123977661,7.1549999713897705,6.465000152587891,6.200000047683716,7.03000020980835
2016-12-12,7.889999866485596,7.940000057220459,7.489999771118164,7.550000190734863,170500,0,0,-0.03821652452768365,1.6666666315793155,7.3,7.853386033249427,6.746613966750573,7.4100000858306885,7.194999933242798,6.465000152587891,6.215000152587891,7.070000171661377
2016-12-13,7.610000133514404,7.699999809265137,7.5,7.579999923706055,267700,0,0,0.003973474465339244,1.6732890888821288,7.328999996185303,7.877169558647197,6.780830433723408,7.4100000858306885,7.194999933242798,6.465000152587891,6.4100000858306885,6.949999809265137
2016-12-14,7.519999980926514,7.730000019073486,7.46999979019165,7.610000133514404,324300,0,0,0.003957811360198793,1.6799116514470032,7.360500001907349,7.896984521189103,6.824015482625595,7.4100000858306885,7.194999933242798,6.460000157356262,6.465000152587891,7.199999809265137
2016-12-15,7.670000076293945,7.860000133514404,7.599999904632568,7.71999979019165,419200,0,0,0.014454619546300451,1.704194135240067,7.392999982833862,7.933936743341857,6.852063222325867,7.424999952316284,7.255000114440918,6.417500138282776,6.465000152587891,7.300000190734863
2016-12-16,7.760000228881836,7.760000228881836,7.5,7.579999923706055,646500,0,0,-0.01813469822414593,1.673289088882129,7.4194999694824215,7.942047411590183,6.89695252737466,7.5950000286102295,7.255000114440918,6.3500001430511475,6.465000152587891,7.349999904632568
2016-12-19,7.630000114440918,7.739999771118164,7.489999771118164,7.699999809265137,158700,0,0,0.015831119626240175,1.6997791286175044,7.444999957084656,7.970057378596643,6.91994253557267,7.640000104904175,7.255000114440918,6.445000052452087,6.465000152587891,7.320000171661377
2016-12-20,7.78000020980835,7.880000114440918,7.610000133514404,7.880000114440918,192900,0,0,0.02337666358889945,1.7395142934826284,7.473999953269958,8.0274371951372,6.920562711402716,7.700000047683716,7.370000123977661,6.475000023841858,6.465000152587891,7.039999961853027
2016-12-21,7.829999923706055,7.920000076293945,7.739999771118164,7.900000095367432,121300,0,0,0.002538068608636479,1.7439293001051912,7.496999955177307,8.080620077775622,6.9133798325789915,7.704999923706055,7.370000123977661,6.5975000858306885,6.465000152587891,5.989999771118164
2016-12-22,7.889999866485596,8.0600004196167,7.840000152587891,8.039999961853027,231900,0,0,0.017721501872853374,1.7748343464631293,7.51899995803833,8.148385048788372,6.88961486728829,7.765000104904175,7.430000305175781,6.644999980926514,6.465000152587891,5.0
2016-12-23,8.029999732971191,8.199999809265137,7.96999979019165,8.039999961853027,315500,0,0,0.0,1.7748343464631293,7.540999960899353,8.210122033608489,6.871877888190217,7.8349997997283936,7.539999961853027,6.644999980926514,6.465000152587891,5.059999942779541
2016-12-27,8.020000457763672,8.079999923706055,7.860000133514404,7.980000019073486,282800,0,0,-0.007462679485599422,1.7615893265954417,7.568499970436096,8.262143406003501,6.87485653486869,7.8349997997283936,7.539999961853027,6.662500023841858,6.465000152587891,5.179999828338623
2016-12-28,7.96999979019165,8.050000190734863,7.909999847412109,8.029999732971191,167400,0,0,0.006265628293007142,1.7726267905208175,7.6104999542236325,8.309144782196725,6.91185512625054,7.84499979019165,7.539999961853027,6.662500023841858,6.465000152587891,4.989999771118164
2016-12-29,8.029999732971191,8.039999961853027,7.690000057220459,7.75,212800,0,0,-0.0348692082543306,1.7108166978049415,7.6519999504089355,8.275436318597418,7.028563582220452,7.84499979019165,7.539999961853027,6.705000042915344,6.4700000286102295,4.940000057220459
2016-12-30,7.78000020980835,7.920000076293945,7.670000076293945,7.860000133514404,187900,0,0,0.014193565614761816,1.735099286860066,7.696499967575074,8.239979042373463,7.153020892776684,7.84499979019165,7.539999961853027,6.794999957084656,6.559999942779541,5.010000228881836
2017-01-03,7.980000019073486,8.09000015258789,7.949999809265137,8.0600004196167,316100,0,0,0.025445328588419525,1.779249458347753,7.752999997138977,8.18933205321016,7.316667941067794,7.9049999713897705,7.539999961853027,6.879999995231628,6.644999980926514,5.289999961853027
2017-01-04,7.820000171661377,7.920000076293945,7.579999923706055,7.599999904632568,634500,0,0,-0.05707202122031729,1.677704095504692,7.766999983787537,8.162496974129617,7.371502993445457,7.889999866485596,7.539999961853027,6.957499980926514,6.664999961853027,5.070000171661377
2017-01-05,7.590000152587891,7.599999904632568,7.159999847412109,7.179999828338623,290900,0,0,-0.05526316862687519,1.584988851168817,7.75499997138977,8.203506832856462,7.306493109923077,7.679999828338623,7.539999961853027,6.957499980926514,6.664999961853027,4.980000019073486
2017-01-06,7.269999980926514,7.269999980926514,7.099999904632568,7.170000076293945,202300,0,0,-0.0013927231592972822,1.5827814004885663,7.73899998664856,8.244092737751313,7.233907235545808,7.6499998569488525,7.539999961853027,6.957499980926514,6.664999961853027,5.039999961853027
2017-01-09,7.110000133514404,7.230000019073486,7.019999980926514,7.099999904632568,225500,0,0,-0.00976292481402019,1.5673288246785668,7.708999991416931,8.28669365949475,7.131306323339112,7.555000066757202,7.539999961853027,6.982499957084656,6.664999961853027,5.349999904632568
2017-01-10,7.110000133514404,7.360000133514404,7.050000190734863,7.289999961853027,244600,0,0,0.026760571798950084,1.6092714402239416,7.680999994277954,8.282694693488653,7.079305295067257,7.555000066757202,7.539999961853027,6.982499957084656,6.664999961853027,5.349999904632568
2017-01-11,7.300000190734863,7.53000020980835,7.210000038146973,7.480000019073486,318800,0,0,0.02606310812272805,1.6512140557693165,7.677499985694885,8.28304590976201,7.07195406162776,7.555000066757202,7.554999828338623,6.977499961853027,6.664999961853027,5.289999961853027
2017-01-12,7.400000095367432,7.5,7.070000171661377,7.099999904632568,228400,0,0,-0.05080215420747913,1.5673288246785666,7.653499984741211,8.309141692682674,6.9978582767997475,7.555000066757202,7.609999895095825,6.977499961853027,6.664999961853027,5.239999771118164
2017-01-13,7.099999904632568,7.440000057220459,7.099999904632568,7.260000228881836,182400,0,0,0.022535257239210793,1.6026489829211281,7.635999989509583,8.313902993714127,6.958096985305038,7.555000066757202,7.609999895095825,7.049999952316284,6.664999961853027,5.159999847412109
2017-01-17,7.199999809265137,7.199999809265137,6.940000057220459,6.949999809265137,226200,0,0,-0.04269978097017835,1.534216222378317,7.597499990463257,8.337284784752532,6.8577151961739835,7.430000066757202,7.569999933242798,7.079999923706055,6.664999961853027,5.21999979019165
2017-01-18,6.940000057220459,7.019999980926514,6.860000133514404,6.980000019073486,175800,0,0,0.004316577069305216,1.5408387849431913,7.567499995231628,8.355330125621057,6.779669864842201,7.230000019073486,7.5299999713897705,7.144999980926514,6.674999952316284,5.179999828338623
2017-01-19,7.019999980926514,7.059999942779541,6.900000095367432,7.03000020980835,160000,0,0,0.007163351088572023,1.551876354130628,7.534000015258789,8.353147287761061,6.714852742756516,7.195000171661377,7.5299999713897705,7.262500047683716,6.745000123977661,5.260000228881836
2017-01-20,7.03000020980835,7.170000076293945,7.010000228881836,7.070000171661377,124700,0,0,0.005689894830617437,1.5607063673757533,7.493500018119812,8.320358322772051,6.666641713467572,7.195000171661377,7.5299999713897705,7.302500009536743,6.7850000858306885,5.179999828338623
2017-01-23,7.039999961853027,7.179999828338623,6.949999809265137,6.949999809265137,132800,0,0,-0.01697317673021237,1.534216222378317,7.446000003814698,8.28318925582468,6.608810751804715,7.195000171661377,7.5299999713897705,7.302500009536743,6.7850000858306885,5.159999847412109
2017-01-24,6.980000019073486,7.239999771118164,6.920000076293945,7.199999809265137,199900,0,0,0.035971224008772174,1.5894038577913796,7.403999996185303,8.200648349565288,6.607351642805317,7.195000171661377,7.5299999713897705,7.302500009536743,6.7850000858306885,5.119999885559082
2017-01-25,7.230000019073486,7.369999885559082,7.230000019073486,7.300000190734863,182900,0,0,0.01388894223872672,1.6114789961662535,7.367000007629395,8.108292597114811,6.6257074181439775,7.180000066757202,7.5299999713897705,7.340000033378601,6.7850000858306885,5.130000114440918
2017-01-26,7.269999980926514,7.389999866485596,7.269999980926514,7.349999904632568,87400,0,0,0.00684927569743965,1.6225164600916293,7.335500001907349,8.020762102096233,6.650237901718465,7.150000095367432,7.5299999713897705,7.425000071525574,6.7850000858306885,5.079999923706055
2017-01-27,7.340000152587891,7.400000095367432,7.289999961853027,7.320000171661377,151500,0,0,-0.004081596375570484,1.6158940027888158,7.300000023841858,7.905817255079617,6.694182792604099,7.130000114440918,7.5299999713897705,7.447500109672546,6.7850000858306885,5.059999942779541
2017-01-30,7.300000190734863,7.300000190734863,6.989999771118164,7.039999961853027,169000,0,0,-0.038251393885527674,1.554083804810879,7.264500021934509,7.842983368530318,6.686016675338701,7.130000114440918,7.5299999713897705,7.5350000858306885,6.7850000858306885,5.0
2017-01-31,7.039999961853027,7.119999885559082,5.900000095367432,5.989999771118164,1079100,0,0,-0.1491477551739202,1.3222956939711916,7.171000003814697,7.916665674794736,6.425334332834659,6.650000095367432,7.049999952316284,7.537500023841858,6.7850000858306885,5.010000228881836
2017-02-01,5.730000019073486,5.889999866485596,4.989999771118164,5.0,1798900,0,0,-0.16527542720312305,1.1037527082612528,7.017999982833862,8.138057652377388,5.897942313290337,6.194999933242798,6.59499979019165,7.597500205039978,6.845000267028809,4.929999828338623
2017-02-02,4.980000019073486,5.230000019073486,4.929999828338623,5.059999942779541,618300,0,0,0.011999988555908114,1.1169977281289405,6.890999984741211,8.267941251776625,5.514058717705797,6.164999961853027,6.509999990463257,7.6874998807907104,6.914999961853027,4.880000114440918
2017-02-03,5.099999904632568,5.230000019073486,5.059999942779541,5.179999828338623,318300,0,0,0.023715392671163515,1.1434877678643158,6.790999984741211,8.350024149973414,5.231975819509007,6.164999961853027,6.509999990463257,7.6874998807907104,6.914999961853027,4.869999885559082
2017-02-06,5.170000076293945,5.199999809265137,4.989999771118164,4.989999771118164,284600,0,0,-0.0366795489414905,1.101545152318941,6.681999969482422,8.416730926714509,4.947269012250335,6.164999961853027,6.509999990463257,7.692499876022339,6.914999961853027,4.840000152587891
2017-02-07,4.989999771118164,5.059999942779541,4.909999847412109,4.940000057220459,229000,0,0,-0.010019983204628713,1.0905076883935652,6.573999977111816,8.455582883549841,4.692417070673791,6.1549999713897705,6.5,7.692499876022339,6.914999961853027,4.96999979019165
2017-02-08,4.949999809265137,5.050000190734863,4.800000190734863,5.010000228881836,334600,0,0,0.01417007507096324,1.1059602642035646,6.459999990463257,8.429447176679718,4.490552804246796,6.1000001430511475,6.445000171661377,7.692499876022339,6.914999961853027,5.010000228881836
2017-02-09,5.050000190734863,5.340000152587891,5.0,5.289999961853027,367100,0,0,0.05588816770048011,1.1677703569194406,6.350499987602234,8.324494773275708,4.37650520192876,6.050000190734863,6.360000133514404,7.722499966621399,6.914999961853027,4.860000133514404
2017-02-10,4.96999979019165,5.179999828338623,4.75,5.070000171661377,573700,0,0,-0.041587862339905746,1.1192052840712523,6.249000000953674,8.267152949550171,4.230847052357177,5.934999942779541,6.174999952316284,7.7149999141693115,6.914999961853027,4.590000152587891
2017-02-13,5.070000171661377,5.090000152587891,4.900000095367432,4.980000019073486,760900,0,0,-0.01775150878513654,1.0993377016386903,6.134999990463257,8.169532875372028,4.100467105554486,5.319999933242798,6.140000104904175,7.609999895095825,6.914999961853027,4.519999980926514
2017-02-14,4.960000038146973,5.139999866485596,4.960000038146973,5.039999961853027,643100,0,0,0.0120481812348876,1.112582721506378,6.039499998092651,8.091468491425951,3.987531504759351,5.045000076293945,6.140000104904175,7.59499990940094,6.914999961853027,4.849999904632568
2017-02-15,5.119999885559082,5.369999885559082,5.03000020980835,5.349999904632568,455400,0,0,0.061507925620214676,1.1810153767871283,5.957999992370605,7.983090872291799,3.9329091124494115,5.059999942779541,6.140000104904175,7.547500014305115,6.914999961853027,4.900000095367432
2017-02-16,5.349999904632568,5.420000076293945,5.079999923706055,5.349999904632568,495100,0,0,0.0,1.1810153767871283,5.873999977111817,7.852597781577057,3.8954021726465764,5.085000038146973,6.140000104904175,7.547500014305115,6.914999961853027,5.0
2017-02-17,5.349999904632568,5.349999904632568,5.199999809265137,5.289999961853027,287800,0,0,-0.011214942775529257,1.1677703569194406,5.784999966621399,7.698781874865412,3.871218058377386,5.085000038146973,6.125,7.554999947547913,6.914999961853027,4.980000019073486
2017-02-21,5.289999961853027,5.369999885559082,5.119999885559082,5.239999771118164,270900,0,0,-0.009451831965108126,1.1567327877320037,5.69949996471405,7.548456134075627,3.8505437953524737,5.085000038146973,6.0950000286102295,7.582499980926514,6.914999961853027,4.929999828338623
2017-02-22,5.199999809265137,5.309999942779541,5.119999885559082,5.159999847412109,167900,0,0,-0.015267161679471508,1.1390727612417535,5.597499966621399,7.323821813854032,3.871178119388766,5.085000038146973,6.075000047683716,7.582499980926514,7.059999942779541,5.099999904632568
2017-02-23,5.199999809265137,5.230000019073486,5.090000152587891,5.21999979019165,252500,0,0,0.011627896231359847,1.1523177811094412,5.4934999465942385,7.035970419441965,3.9510294737465115,5.085000038146973,6.075000047683716,7.5,7.119999885559082,5.099999904632568
2017-02-24,5.199999809265137,5.25,5.039999961853027,5.179999828338623,255200,0,0,-0.007662828249186293,1.143487767864316,5.384999942779541,6.6713193686959755,4.098680516863107,5.1600000858306885,6.075000047683716,7.379999995231628,7.230000019073486,4.920000076293945
2017-02-27,5.179999828338623,5.300000190734863,5.119999885559082,5.260000228881836,229300,0,0,0.015444093280765792,1.1611478996166271,5.281999945640564,6.208192819837068,4.35580707144406,5.190000057220459,6.075000047683716,7.362500071525574,7.324999809265137,4.880000114440918
2017-02-28,5.210000038146973,5.21999979019165,5.059999942779541,5.179999828338623,365300,0,0,-0.01520920096237699,1.1434877678643158,5.188999938964844,5.636305834391141,4.741694043538546,5.2250001430511475,6.075000047683716,7.362500071525574,7.324999809265137,4.75
2017-03-01,5.25,5.329999923706055,5.150000095367432,5.159999847412109,330200,0,0,-0.003861000306814355,1.1390727612417533,5.147499942779541,5.399617528887603,4.89538235667148,5.230000019073486,6.075000047683716,7.362500071525574,7.324999809265137,4.75
2017-03-02,5.190000057220459,5.190000057220459,5.010000228881836,5.119999885559082,241700,0,0,-0.007751930820906638,1.1302427479966282,5.153499937057495,5.396752328995336,4.9102475451196534,5.190000057220459,6.075000047683716,7.362500071525574,7.324999809265137,4.78000020980835
2017-03-03,5.119999885559082,5.179999828338623,4.96999979019165,5.130000114440918,222800,0,0,0.0019531697471404375,1.13245030393894,5.156999945640564,5.396721150920142,4.917278740360986,5.169999837875366,6.075000047683716,7.355000019073486,7.384999990463257,4.75
2017-03-06,5.070000171661377,5.119999885559082,4.989999771118164,5.079999923706055,191500,0,0,-0.009746625656812946,1.121412734751503,5.1519999504089355,5.393778747346419,4.910221153471452,5.1499998569488525,6.075000047683716,7.340000033378601,7.384999990463257,5.130000114440918
2017-03-07,5.059999942779541,5.110000133514404,5.0,5.059999942779541,176700,0,0,-0.003937004178520276,1.1169977281289405,5.155499958992005,5.389620675036147,4.921379242947863,5.1499998569488525,6.025000095367432,7.330000042915344,7.384999990463257,5.03000020980835
2017-03-08,5.110000133514404,5.119999885559082,4.980000019073486,5.0,251900,0,0,-0.011857696335581758,1.1037527082612528,5.1584999561309814,5.382721685547043,4.93427822671492,5.1499998569488525,5.934999942779541,7.330000042915344,7.5,4.900000095367432
2017-03-09,5.010000228881836,5.059999942779541,4.96999979019165,5.010000228881836,141000,0,0,0.002000045776367143,1.1059602642035646,5.1584999561309814,5.382721685547043,4.93427822671492,5.1499998569488525,5.319999933242798,6.850000023841858,7.049999952316284,4.96999979019165
2017-03-10,5.039999961853027,5.059999942779541,4.909999847412109,4.929999828338623,227800,0,0,-0.015968143091495968,1.0883001324512533,5.140499949455261,5.3771973577763035,4.903802541134219,5.119999885559082,5.085000038146973,6.394999861717224,6.59499979019165,4.989999771118164
2017-03-13,4.909999847412109,4.949999809265137,4.849999904632568,4.880000114440918,105200,0,0,-0.010141930149834222,1.0772626685258775,5.130999946594239,5.392488752934356,4.869511140254121,5.0899999141693115,5.085000038146973,6.337499976158142,6.56499981880188,4.869999885559082
2017-03-14,4.849999904632568,4.900000095367432,4.710000038146973,4.869999885559082,229000,0,0,-0.002049227181827984,1.0750551125835657,5.125499939918518,5.403739600512618,4.847260279324417,4.950000047683716,5.065000057220459,6.337499976158142,6.56499981880188,4.960000038146973
2017-03-15,4.869999885559082,4.960000038146973,4.809999942779541,4.840000152587891,134200,0,0,-0.0061601095844271425,1.0684326552807522,5.115499949455261,5.4188402957735065,4.812159603137015,4.944999933242798,5.065000057220459,6.337499976158142,6.56499981880188,4.929999828338623
2017-03-16,4.869999885559082,4.96999979019165,4.820000171661377,4.96999979019165,138400,0,0,0.02685942841019351,1.0971301456963785,5.096499943733216,5.385839748195401,4.807160139271031,4.914999961853027,5.065000057220459,6.327499985694885,6.554999828338623,5.0
2017-03-17,4.840000152587891,5.039999961853027,4.840000152587891,5.010000228881836,341000,0,0,0.008048378345835605,1.1059602642035646,5.079499959945679,5.346086803648886,4.812913116242472,4.914999961853027,5.065000057220459,6.272500157356262,6.5,5.0
2017-03-20,4.980000019073486,5.019999980926514,4.829999923706055,4.860000133514404,215300,0,0,-0.02994013742807944,1.072847661903315,5.057999968528748,5.322540632205466,4.793459304852029,4.914999961853027,5.065000057220459,6.205000162124634,6.5,5.210000038146973
2017-03-21,4.889999866485596,4.889999866485596,4.53000020980835,4.590000152587891,394300,0,0,-0.055555550104742335,1.0132450198676897,5.025499987602234,5.346899299944334,4.7041006752601335,4.795000076293945,4.9750001430511475,6.054999947547913,6.474999904632568,5.059999942779541
2017-03-22,4.53000020980835,4.730000019073486,4.409999847412109,4.519999980926514,274000,0,0,-0.015250581554318687,0.9977924440576902,4.993499994277954,5.377120323381606,4.609879665174303,4.734999895095825,4.914999961853027,5.730000019073486,6.474999904632568,6.449999809265137
2017-03-23,4.570000171661377,4.860000133514404,4.480000019073486,4.849999904632568,261300,0,0,0.07300883298641314,1.0706401059610031,4.975,5.348592499882057,4.601407500117943,4.724999904632568,4.914999961853027,5.59250009059906,6.474999904632568,6.730000019073486
2017-03-24,4.880000114440918,4.960000038146973,4.820000171661377,4.900000095367432,223000,0,0,0.010309317880007551,1.08167767514844,4.96100001335144,5.323517722213905,4.598482304488975,4.724999904632568,4.914999961853027,5.600000023841858,6.474999904632568,6.71999979019165
2017-03-27,4.840000152587891,5.050000190734863,4.78000020980835,5.0,243700,0,0,0.020408143405366452,1.1037527082612528,4.9480000019073485,5.284106012560315,4.611893991254382,4.730000019073486,4.889999866485596,5.612500071525574,6.474999904632568,6.760000228881836
2017-03-28,4.960000038146973,5.059999942779541,4.940000057220459,4.980000019073486,388300,0,0,-0.003999996185302779,1.0993377016386903,4.938000011444092,5.2571978881852806,4.618802134702903,4.734999895095825,4.889999866485596,5.605000019073486,6.474999904632568,6.789999961853027
2017-03-29,4.949999809265137,5.099999904632568,4.909999847412109,4.929999828338623,212300,0,0,-0.010040198904289532,1.0883001324512533,4.926500010490417,5.228825567948939,4.624174453031896,4.754999876022339,4.869999885559082,5.590000033378601,6.474999904632568,6.760000228881836
2017-03-30,4.960000038146973,5.150000095367432,4.960000038146973,5.099999904632568,170200,0,0,0.03448277529681665,1.1258277413740656,4.925500011444091,5.225354360291303,4.62564566259688,4.7799999713897705,4.869999885559082,5.580000042915344,6.474999904632568,6.789999961853027
2017-03-31,5.099999904632568,5.139999866485596,4.980000019073486,5.099999904632568,160900,0,0,0.0,1.1258277413740656,4.924000000953674,5.219980779888356,4.628019222018992,4.7799999713897705,4.869999885559082,5.580000042915344,6.474999904632568,6.730000019073486
2017-04-03,5.079999923706055,5.130000114440918,4.889999866485596,4.920000076293945,168200,0,0,-0.03529408464794692,1.0860926817710024,4.916000008583069,5.203103781141439,4.628896236024699,4.7799999713897705,4.869999885559082,5.617500066757202,6.474999904632568,6.619999885559082
2017-04-04,4.909999847412109,4.960000038146973,4.820000171661377,4.880000114440918,196200,0,0,-0.008130073421291018,1.0772626685258773,4.907000017166138,5.186589839614921,4.6274101947173545,4.815000057220459,4.869999885559082,5.632500052452087,6.474999904632568,6.489999771118164
2017-04-05,4.929999828338623,4.980000019073486,4.75,4.75,238600,0,0,-0.026639367088582833,1.0485650728481901,4.894500017166138,5.178707089608103,4.610292944724172,4.950000047683716,4.869999885559082,5.650000095367432,6.474999904632568,6.550000190734863
2017-04-06,4.75,4.860000133514404,4.730000019073486,4.75,217900,0,0,0.0,1.0485650728481901,4.881500005722046,5.167182973621875,4.595817037822217,4.940000057220459,4.799999952316284,5.652500033378601,6.474999904632568,6.570000171661377
2017-04-07,4.730000019073486,4.909999847412109,4.730000019073486,4.78000020980835,164600,0,0,0.006315833643863122,1.0551876354130645,4.874000024795532,5.162088027956348,4.585912021634717,4.940000057220459,4.794999837875366,5.632500052452087,6.474999904632568,6.460000038146973
2017-04-10,4.789999961853027,4.880000114440918,4.699999809265137,4.75,300900,0,0,-0.006276194245094513,1.0485650728481901,4.8675000190734865,5.160630424714476,4.574369613432497,4.924999952316284,4.7799999713897705,5.622499942779541,6.474999904632568,6.309999942779541
2017-04-11,4.75,5.170000076293945,4.710000038146973,5.130000114440918,261400,0,0,0.08000002409282492,1.13245030393894,4.880500030517578,5.195417318201189,4.565582742833968,4.934999942779541,4.789999961853027,5.612499952316284,6.474999904632568,6.159999847412109
2017-04-12,5.150000095367432,5.150000095367432,4.980000019073486,5.03000020980835,183000,0,0,-0.019493158362914875,1.1103752708261272,4.890000033378601,5.21092884589056,4.5690712208666415,4.934999942779541,4.789999961853027,5.587499976158142,6.474999904632568,6.21999979019165
2017-04-13,4.989999771118164,5.03000020980835,4.860000133514404,4.900000095367432,311100,0,0,-0.02584495209113946,1.0816776751484398,4.88650004863739,5.205360490123676,4.567639607151104,4.934999942779541,4.789999961853027,5.542499899864197,6.474999904632568,6.139999866485596
2017-04-17,4.909999847412109,5.119999885559082,4.789999961853027,4.96999979019165,323200,0,0,0.014285651726904769,1.0971301456963785,4.884500026702881,5.200698791820491,4.568301261585271,4.934999942779541,4.789999961853027,5.234999895095825,6.474999904632568,6.230000019073486
2017-04-18,4.929999828338623,5.03000020980835,4.880000114440918,4.989999771118164,142900,0,0,0.0040241412013706235,1.101545152318941,4.8910000085830685,5.210280222848767,4.57171979431737,4.934999942779541,4.789999961853027,5.102499961853027,6.474999904632568,6.119999885559082
2017-04-19,5.039999961853027,5.090000152587891,4.860000133514404,4.869999885559082,118000,0,0,-0.024048074361372684,1.0750551125835655,4.904999995231629,5.192954661145852,4.617045329317405,4.934999942779541,4.789999961853027,5.087499976158142,6.420000076293945,6.210000038146973
2017-04-20,4.940000057220459,4.980000019073486,4.800000190734863,4.960000038146973,111100,0,0,0.018480524579634228,1.0949226950161275,4.9269999980926515,5.154162455721278,4.699837540464025,4.934999942779541,4.789999961853027,5.007500052452087,6.400000095367432,6.119999885559082
2017-04-21,4.929999828338623,5.039999961853027,4.800000190734863,4.929999828338623,242100,0,0,-0.006048429350326678,1.0883001324512531,4.930999994277954,5.1553682559538885,4.70663173260202,4.934999942779541,4.789999961853027,5.004999995231628,6.400000095367432,6.110000133514404
2017-04-24,5.079999923706055,5.099999904632568,4.989999771118164,5.0,198000,0,0,0.014198818275611647,1.1037527082612526,4.9359999895095825,5.161850257896292,4.710149721122873,4.940000057220459,4.789999961853027,4.990000009536743,6.400000095367432,6.119999885559082
2017-04-25,5.059999942779541,5.119999885559082,4.96999979019165,5.0,290000,0,0,0.0,1.1037527082612526,4.9359999895095825,5.161850257896292,4.710149721122873,4.9700000286102295,4.789999961853027,4.990000009536743,6.400000095367432,6.170000076293945
2017-04-26,5.0,5.21999979019165,5.0,5.210000038146973,222500,0,0,0.04200000762939449,1.15011033042919,4.947499990463257,5.202963677612747,4.692036303313767,5.004999876022339,4.81499981880188,4.990000009536743,6.315000057220459,6.179999828338623
2017-04-27,5.210000038146973,5.210000038146973,5.019999980926514,5.059999942779541,262100,0,0,-0.028790805042063217,1.1169977281289403,4.953999996185303,5.213976690774234,4.6940233015963715,5.004999876022339,4.81499981880188,4.885000109672546,6.065000057220459,6.150000095367432
2017-04-28,5.599999904632568,6.730000019073486,5.599999904632568,6.449999809265137,2427900,0,0,0.27470353403246195,1.4238409515521913,5.021499991416931,5.726735177143299,4.3162648056905635,5.765000104904175,5.605000019073486,4.824999928474426,5.9700000286102295,6.139999866485596
2017-05-01,6.78000020980835,6.900000095367432,6.449999809265137,6.730000019073486,879100,0,0,0.04341088652532088,1.4856511495301283,5.102999997138977,6.132289240008868,4.0737107542690865,5.8500001430511475,5.799999952316284,4.819999933242798,5.9700000286102295,6.119999885559082
2017-05-02,6.75,6.96999979019165,6.619999885559082,6.71999979019165,571300,0,0,-0.001485918106016948,1.4834435935878165,5.192999982833863,6.43741671414844,3.9485832515192856,5.884999990463257,5.8349997997283936,4.819999933242798,5.9700000286102295,6.340000152587891
2017-05-03,6.650000095367432,6.849999904632568,6.650000095367432,6.760000228881836,449700,0,0,0.005952446419502655,1.4922737120950025,5.286999988555908,6.697499181609522,3.8765007955022943,5.884999990463257,5.8349997997283936,4.809999942779541,5.9700000286102295,6.5
2017-05-04,6.820000171661377,6.840000152587891,6.630000114440918,6.789999961853027,286900,0,0,0.004437830170924917,1.4988961693978158,5.388999986648559,6.920626259657335,3.8573737136397837,5.96999979019165,5.8349997997283936,4.8124998807907104,5.954999923706055,6.460000038146973
2017-05-05,6.789999961853027,6.789999961853027,6.519999980926514,6.760000228881836,346400,0,0,-0.004418222848267095,1.4922737120950023,5.4894999980926515,7.102733180370846,3.8762668158144566,5.96999979019165,5.8349997997283936,4.8124998807907104,5.924999952316284,6.630000114440918
2017-05-08,6.760000228881836,6.920000076293945,6.679999828338623,6.789999961853027,421200,0,0,0.004437830170924917,1.4988961693978156,5.589999985694885,7.263876016115727,3.916123955274044,5.984999895095825,5.8349997997283936,4.824999928474426,5.9049999713897705,6.659999847412109
2017-05-09,6.769999980926514,6.820000171661377,6.599999904632568,6.730000019073486,360200,0,0,-0.008836515922920118,1.485651149530128,5.688999986648559,7.386742120023678,3.9912578532734404,5.994999885559082,5.8349997997283936,4.824999928474426,5.9049999713897705,6.929999828338623
2017-05-10,6.659999847412109,6.71999979019165,6.510000228881836,6.619999885559082,266100,0,0,-0.01634474490381177,1.4613685604750033,5.763499975204468,7.4874355563991815,4.039564394009754,6.284999847412109,5.8349997997283936,4.824999928474426,5.9049999713897705,7.190000057220459
2017-05-11,6.559999942779541,6.570000171661377,6.420000076293945,6.489999771118164,273400,0,0,-0.019637479862273266,1.4326709647973161,5.836499953269959,7.55357251439322,4.119427392146697,6.694999933242798,5.8349997997283936,4.8424999713897705,5.9049999713897705,7.300000190734863
2017-05-12,6.449999809265137,6.579999923706055,6.349999904632568,6.550000190734863,407500,0,0,0.009245057277769586,1.4459160899270647,5.91899995803833,7.606133515395396,4.231866400681263,6.659999847412109,5.8349997997283936,4.909999966621399,5.9049999713897705,7.260000228881836
2017-05-15,6.550000190734863,6.679999828338623,6.5,6.570000171661377,269100,0,0,0.0030534321136057585,1.4503310965496272,5.998999977111817,7.6494954863937235,4.34850446782991,6.634999990463257,5.8349997997283936,4.870000004768372,5.9049999713897705,7.25
2017-05-16,6.570000171661377,6.599999904632568,6.389999866485596,6.460000038146973,181000,0,0,-0.01674279005179813,1.4260485074945026,6.072499990463257,7.666053890225289,4.478946090701225,6.634999990463257,5.8349997997283936,4.867499947547913,5.9049999713897705,7.25
2017-05-17,6.320000171661377,6.360000133514404,6.260000228881836,6.309999942779541,363100,0,0,-0.02321982886713092,1.3929359051942527,6.144499993324279,7.640323671745899,4.6486763149026595,6.590000152587891,5.8399999141693115,4.852499961853027,5.9049999713897705,7.260000228881836
2017-05-18,6.300000190734863,6.340000152587891,6.159999847412109,6.159999847412109,309800,0,0,-0.0237718061375064,1.359823302894003,6.204499983787537,7.597087311864303,4.8119126557107705,6.539999961853027,5.879999876022339,4.862499952316284,5.9049999713897705,7.429999828338623
2017-05-19,6.210000038146973,6.269999980926514,6.179999828338623,6.21999979019165,292600,0,0,0.00974025069249751,1.3730683227616907,6.268999981880188,7.531576025024897,5.0064239387354785,6.490000009536743,5.879999876022339,4.862499952316284,5.855000019073486,7.610000133514404
2017-05-22,6.230000019073486,6.230000019073486,6.110000133514404,6.139999866485596,441200,0,0,-0.012861724502339578,1.3554082962714402,6.325999975204468,7.447929831799014,5.204070118609922,6.414999961853027,5.879999876022339,4.862499952316284,5.764999866485596,7.610000133514404
2017-05-23,6.159999847412109,6.309999942779541,6.139999866485596,6.230000019073486,269000,0,0,0.014658005626212667,1.3752758787040023,6.387499976158142,7.3307870324975575,5.444212919818726,6.394999980926514,5.884999990463257,4.862499952316284,5.1499998569488525,7.739999771118164
2017-05-24,6.230000019073486,6.300000190734863,6.110000133514404,6.119999885559082,164600,0,0,-0.017656522179395284,1.3509932896488777,6.432999968528748,7.217569792829061,5.648430144228434,6.394999980926514,5.884999990463257,4.862499952316284,4.914999961853027,7.579999923706055
2017-05-25,6.150000095367432,6.239999771118164,6.099999904632568,6.210000038146973,283100,0,0,0.014705907560596199,1.37086087208144,6.490499973297119,6.971209290310623,6.009790656283616,6.389999866485596,5.884999990463257,4.862499952316284,4.914999961853027,7.679999828338623
2017-05-26,6.210000038146973,6.28000020980835,6.070000171661377,6.119999885559082,256600,0,0,-0.014492778105480664,1.3509932896488779,6.473999977111816,6.981349457315483,5.96665049690815,6.335000038146973,5.884999990463257,4.862499952316284,4.914999961853027,7.610000133514404
2017-05-30,6.130000114440918,6.190000057220459,6.050000190734863,6.110000133514404,314100,0,0,-0.001633946443083012,1.3487858389686271,6.442999982833863,6.959774589994272,5.926225375673454,6.205000162124634,5.96999979019165,4.862499952316284,4.914999961853027,7.650000095367432
2017-05-31,6.110000133514404,6.170000076293945,6.039999961853027,6.119999885559082,234900,0,0,0.0016366205934803535,1.3509932896488779,6.412999987602234,6.931649241910007,5.894350733294461,6.190000057220459,5.96999979019165,4.865000009536743,4.914999961853027,7.670000076293945
2017-06-01,6.150000095367432,6.179999828338623,6.03000020980835,6.170000076293945,287800,0,0,0.008169965959124559,1.362030858836315,6.383499979972839,6.886562153772036,5.880437806173643,6.170000076293945,5.984999895095825,4.879999995231628,4.914999961853027,7.659999847412109
2017-06-02,6.150000095367432,6.300000190734863,6.130000114440918,6.179999828338623,295700,0,0,0.0016207053356609435,1.364238309516566,6.352999973297119,6.826574367488088,5.87942557910615,6.170000076293945,5.994999885559082,4.909999847412109,4.914999961853027,7.690000057220459
2017-06-05,6.199999809265137,6.269999980926514,6.139999866485596,6.150000095367432,226100,0,0,-0.004854325858332009,1.3576158522137525,6.322499966621399,6.764484649430819,5.880515283811978,6.170000076293945,6.284999847412109,4.909999847412109,4.914999961853027,7.699999809265137
2017-06-06,6.099999904632568,6.170000076293945,6.019999980926514,6.139999866485596,151400,0,0,-0.0016260534515062375,1.3554082962714407,6.289999961853027,6.681948446024868,5.898051477681187,6.1600000858306885,6.494999885559082,5.685000061988831,5.569999933242798,7.650000095367432
2017-06-07,6.179999828338623,6.179999828338623,6.050000190734863,6.119999885559082,156600,0,0,-0.003257325954627577,1.350993289648878,6.259499955177307,6.600910655343465,5.918089255011149,6.1600000858306885,6.494999885559082,5.825000047683716,5.6549999713897705,7.599999904632568
2017-06-08,6.150000095367432,6.5,6.110000133514404,6.340000152587891,163400,0,0,0.035947756722663815,1.3995584677591273,6.245499968528748,6.546834243591132,5.944165693466363,6.259999990463257,6.4700000286102295,5.859999895095825,5.68999981880188,7.550000190734863
2017-06-09,6.400000095367432,6.579999923706055,6.349999904632568,6.5,274200,0,0,0.025236568385065494,1.434878520739628,6.245999979972839,6.54900209640829,5.942997863537388,6.299999952316284,6.4700000286102295,5.859999895095825,5.68999981880188,7.570000171661377
2017-06-12,6.519999980926514,6.659999847412109,6.369999885559082,6.460000038146973,153800,0,0,-0.006153840285081147,1.4260485074945028,6.241499972343445,6.528383749179433,5.954616195507457,6.3399999141693115,6.4700000286102295,5.902499794960022,5.68999981880188,7.570000171661377
2017-06-13,6.480000019073486,6.659999847412109,6.409999847412109,6.630000114440918,493800,0,0,0.026315801128494964,1.4635761164173153,6.244499969482422,6.546102513205646,5.942897425759197,6.3399999141693115,6.4700000286102295,5.902499794960022,5.68999981880188,7.5
2017-06-14,6.590000152587891,6.679999828338623,6.420000076293945,6.659999847412109,496900,0,0,0.00452484652388585,1.4701985737201286,6.2544999599456785,6.5951992427293735,5.9138006771619835,6.349999904632568,6.420000076293945,5.909999847412109,5.68999981880188,7.389999866485596
2017-06-15,6.579999923706055,6.940000057220459,6.46999979019165,6.929999828338623,441200,0,0,0.04054053860548179,1.5298012157557537,6.285499954223633,6.736971103621488,5.8340288048257785,6.480000019073486,6.480000019073486,5.914999842643738,5.68999981880188,7.449999809265137
2017-06-16,6.980000019073486,7.289999961853027,6.96999979019165,7.190000057220459,517000,0,0,0.03751807147507069,1.587196407111128,6.3369999647140505,6.93309714973444,5.740902779693661,6.6549999713897705,6.6549999713897705,6.0599998235702515,5.68999981880188,7.550000190734863
2017-06-19,7.199999809265137,7.360000133514404,7.130000114440918,7.300000190734863,308100,0,0,0.015299044873294365,1.6114789961662528,6.390999984741211,7.117826451796851,5.664173517685572,6.705000162124634,6.690000057220459,6.264999866485596,5.68999981880188,7.519999980926514
2017-06-20,7.25,7.309999942779541,7.150000095367432,7.260000228881836,346200,0,0,-0.005479446686014522,1.6026489829211277,6.447000002861023,7.256656053978599,5.637343951743446,6.735000133514404,6.690000057220459,6.2474998235702515,5.68999981880188,7.550000190734863
2017-06-21,7.260000228881836,7.300000190734863,7.130000114440918,7.25,333400,0,0,-0.001377441951317393,1.6004414269788159,6.498000001907348,7.3731444001570114,5.622855603657685,6.855000019073486,6.690000057220459,6.234999895095825,5.68999981880188,7.699999809265137
2017-06-22,7.210000038146973,7.300000190734863,7.190000057220459,7.25,118800,0,0,0.0,1.6004414269788159,6.554500007629395,7.47015181111677,5.63884820414202,6.865000009536743,6.690000057220459,6.234999895095825,5.68999981880188,7.75
2017-06-23,7.260000228881836,7.300000190734863,7.170000076293945,7.260000228881836,639300,0,0,0.0013793419147360986,1.602648982921128,6.607000017166138,7.557743154830509,5.656256879501767,6.884999990463257,6.690000057220459,6.215000033378601,5.68999981880188,7.730000019073486
2017-06-26,7.28000020980835,7.5,7.21999979019165,7.429999828338623,438300,0,0,0.02341592205197074,1.6401764865818793,6.672500014305115,7.660204057791123,5.684795970819106,6.960000038146973,6.759999990463257,6.209999918937683,5.68999981880188,7.690000057220459
2017-06-27,7.46999979019165,7.650000095367432,7.369999885559082,7.610000133514404,490800,0,0,0.02422615199656475,1.6799116514470034,6.747500014305115,7.780236482618835,5.714763545991395,7.059999942779541,6.835000038146973,6.184999942779541,5.68999981880188,7.71999979019165
2017-06-28,7.679999828338623,7.690000057220459,7.550000190734863,7.610000133514404,274200,0,0,0.0,1.6799116514470034,6.822000026702881,7.877886960094787,5.766113093310975,7.329999923706055,6.855000019073486,6.147499918937683,5.68999981880188,7.880000114440918
2017-06-29,7.71999979019165,7.800000190734863,7.659999847412109,7.739999771118164,428600,0,0,0.017082737887380794,1.7086091418626295,6.900500011444092,7.984205077551931,5.816794945336253,7.465000152587891,6.9100000858306885,6.139999985694885,5.68999981880188,7.960000038146973
2017-06-30,7.769999980926514,7.809999942779541,7.559999942779541,7.579999923706055,289400,0,0,-0.02067181552241759,1.673289088882129,6.970500016212464,8.039610088160522,5.901389944264405,7.4700000286102295,6.914999961853027,6.139999985694885,5.68999981880188,7.909999847412109
2017-07-03,7.599999904632568,7.739999771118164,7.460000038146973,7.679999828338623,140600,0,0,0.01319259968853359,1.695364121994942,7.047000002861023,8.088630081775282,6.0053699239467635,7.4700000286102295,6.914999961853027,6.137499928474426,5.68999981880188,7.75
2017-07-05,7.670000076293945,7.670000076293945,7.489999771118164,7.610000133514404,239000,0,0,-0.009114543800629371,1.6799116514470036,7.120500016212463,8.100757359134255,6.140242673290672,7.490000009536743,6.914999961853027,6.110000014305115,5.68999981880188,7.440000057220459
2017-07-06,7.599999904632568,7.760000228881836,7.539999961853027,7.650000095367432,441900,0,0,0.0052562366821609086,1.688741664692129,7.197000026702881,8.086682750252074,6.307317303153688,7.490000009536743,6.914999961853027,6.087499976158142,5.68999981880188,7.360000133514404
2017-07-07,7.679999828338623,7.730000019073486,7.610000133514404,7.670000076293945,195900,0,0,0.0026143765591093437,1.6931566713146913,7.263500022888183,8.082273830325063,6.444726215451304,7.514999866485596,6.914999961853027,6.079999923706055,5.68999981880188,7.550000190734863
2017-07-10,7.650000095367432,7.769999980926514,7.619999885559082,7.659999847412109,121000,0,0,-0.0013038107930068987,1.6909491153723795,7.321500015258789,8.076954253181523,6.566045777336057,7.5899999141693115,6.914999961853027,6.077499985694885,5.68999981880188,7.489999771118164
2017-07-11,7.710000038146973,7.809999942779541,7.630000114440918,7.690000057220459,367300,0,0,0.003916476554302495,1.6975716779372538,7.383000016212463,8.040883609003266,6.72511642342166,7.634999990463257,6.914999961853027,6.082499980926514,5.68999981880188,7.46999979019165
2017-07-12,7.710000038146973,7.800000190734863,7.610000133514404,7.699999809265137,255800,0,0,0.0013003578634942503,1.6997791286175046,7.436500000953674,8.008261368976646,6.8647386329307025,7.634999990463257,6.914999961853027,6.227499961853027,5.68999981880188,7.510000228881836
2017-07-13,7.670000076293945,7.739999771118164,7.619999885559082,7.650000095367432,124900,0,0,-0.006493469498212501,1.6887416646921285,7.486000013351441,7.938004852743768,7.033995173959113,7.634999990463257,6.930000066757202,6.327499985694885,5.724999904632568,7.679999828338623
2017-07-14,7.559999942779541,7.739999771118164,7.210000038146973,7.599999904632568,139700,0,0,-0.006535972563600612,1.6777040955046916,7.519500017166138,7.893523804802313,7.1454762295299625,7.509999990463257,6.960000038146973,6.327499985694885,5.8349997997283936,7.75
2017-07-17,7.610000133514404,7.679999828338623,7.46999979019165,7.550000190734863,202800,0,0,-0.006578909805936672,1.6666666315793157,7.537500023841858,7.879289341238875,7.1957107064448405,7.509999990463257,7.079999923706055,6.365000009536743,5.8349997997283936,7.800000190734863
2017-07-18,7.46999979019165,7.590000152587891,7.429999828338623,7.570000171661377,173900,0,0,0.0026490040293054573,1.6710816382018783,7.551000022888184,7.874870039348394,7.2271300064279735,7.509999990463257,7.0899999141693115,6.384999990463257,5.8349997997283936,7.599999904632568
2017-07-19,7.559999942779541,7.659999847412109,7.489999771118164,7.570000171661377,144900,0,0,0.0,1.6710816382018783,7.566500020027161,7.8612400350602165,7.271760004994105,7.509999990463257,7.109999895095825,6.4049999713897705,5.8349997997283936,7.760000228881836
2017-07-20,7.539999961853027,7.630000114440918,7.489999771118164,7.5,255400,0,0,-0.009247050207928043,1.6556290623918788,7.579000020027161,7.837612065814898,7.320387974239424,7.509999990463257,7.115000009536743,6.4049999713897705,5.8349997997283936,7.920000076293945
2017-07-21,7.610000133514404,7.610000133514404,7.300000190734863,7.389999866485596,365100,0,0,-0.01466668446858721,1.6313464733367542,7.58600001335144,7.814077354091498,7.357922672611383,7.509999990463257,7.139999866485596,6.384999990463257,5.8349997997283936,7.710000038146973
2017-07-24,7.409999847412109,7.570000171661377,7.409999847412109,7.449999809265137,229500,0,0,0.008119072241346892,1.6445914932044419,7.5954999923706055,7.779636275073743,7.411363709667468,7.505000114440918,7.389999866485596,6.480000019073486,5.8349997997283936,7.690000057220459
2017-07-25,7.550000190734863,7.650000095367432,7.5,7.550000190734863,217900,0,0,0.013422870339588666,1.6666666315793157,7.601500010490417,7.77073694855707,7.432263072423765,7.474999904632568,7.4700000286102295,6.6549999713897705,5.994999885559082,7.849999904632568
2017-07-26,7.389999866485596,7.590000152587891,7.389999866485596,7.519999980926514,188800,0,0,-0.003973537622577128,1.6600440690144413,7.597000002861023,7.7698804227623075,7.424119582959738,7.474999904632568,7.4700000286102295,6.697500109672546,6.0299999713897705,7.849999904632568
2017-07-27,7.519999980926514,7.679999828338623,7.480000019073486,7.550000190734863,266900,0,0,0.003989389612292671,1.6666666315793157,7.594000005722046,7.767964679774531,7.4200353316695615,7.490000009536743,7.4700000286102295,6.712500095367432,6.0299999713897705,7.849999904632568
2017-07-28,7.539999961853027,7.840000152587891,7.289999961853027,7.699999809265137,382100,0,0,0.019867498641171988,1.6997791286175046,7.5920000076293945,7.759956752734488,7.424043262524301,7.565000057220459,7.505000114440918,6.772500038146973,6.0299999713897705,7.710000038146973
2017-07-31,8.010000228881836,8.09000015258789,7.739999771118164,7.75,769600,0,0,0.006493531425117771,1.7108166978049417,7.600500011444092,7.78198181774083,7.4190182051473545,7.690000057220459,7.630000114440918,6.777500033378601,6.0299999713897705,7.690000057220459
2017-08-01,7.769999980926514,7.860000133514404,7.650000095367432,7.730000019073486,421000,0,0,-0.0025806427001953125,1.7064016911823792,7.603000020980835,7.790145040753504,7.415855001208166,7.690000057220459,7.650000095367432,6.787500023841858,6.0350000858306885,7.75
2017-08-02,7.730000019073486,7.760000228881836,7.619999885559082,7.690000057220459,619100,0,0,-0.00517463929551476,1.697571677937254,7.607000017166138,7.797994843577863,7.416005190754413,7.690000057220459,7.650000095367432,6.860000014305115,6.144999980926514,7.789999961853027
2017-08-03,7.699999809265137,7.880000114440918,7.699999809265137,7.71999979019165,427300,0,0,0.003901135597915051,1.7041941352400674,7.610500001907349,7.807063948368061,7.413936055446637,7.690000057220459,7.650000095367432,6.947499990463257,6.2200000286102295,7.760000228881836
2017-08-04,7.760000228881836,7.920000076293945,7.639999866485596,7.880000114440918,423800,0,0,0.020725431165496966,1.739514293482629,7.621000003814697,7.849387477875225,7.39261252975417,7.690000057220459,7.650000095367432,7.0924999713897705,6.240000009536743,7.840000152587891
2017-08-07,7.949999809265137,8.09000015258789,7.820000171661377,7.960000038146973,817000,0,0,0.010152274434545472,1.7571743199728793,7.63600001335144,7.9083587437200995,7.363641282982781,7.690000057220459,7.650000095367432,7.1875001192092896,6.300000190734863,7.820000171661377
2017-08-08,8.0,8.050000190734863,7.860000133514404,7.909999847412109,444700,0,0,-0.0062814309667393875,1.7461367507854424,7.647000002861023,7.944119429173134,7.3498805765489115,7.690000057220459,7.650000095367432,7.192499995231628,6.305000066757202,7.789999961853027
2017-08-09,7.820000171661377,7.889999866485596,7.53000020980835,7.75,400800,0,0,-0.020227541150263817,1.710816697804942,7.649500012397766,7.9492194838035,7.3497805409920325,7.690000057220459,7.650000095367432,7.192499995231628,6.305000066757202,7.869999885559082
2017-08-10,7.71999979019165,7.71999979019165,7.389999866485596,7.440000057220459,273500,0,0,-0.03999999261671494,1.6423840425241916,7.639000010490418,7.952464563150283,7.3255354578305525,7.740000009536743,7.650000095367432,7.202499985694885,6.305000066757202,7.940000057220459
2017-08-11,7.449999809265137,7.510000228881836,7.289999961853027,7.360000133514404,221900,0,0,-0.01075267783478251,1.6247240160339411,7.627000021934509,7.963316548859725,7.290683495009294,7.690000057220459,7.650000095367432,7.202499985694885,6.389999866485596,7.960000038146973
2017-08-14,7.46999979019165,7.579999923706055,7.409999847412109,7.550000190734863,244400,0,0,0.025815224697520955,1.666666631579316,7.627000021934509,7.963316548859725,7.290683495009294,7.690000057220459,7.650000095367432,7.2149999141693115,6.389999866485596,7.980000019073486
2017-08-15,7.579999923706055,7.659999847412109,7.480000019073486,7.489999771118164,219200,0,0,-0.007947075245154256,1.6534215064495674,7.623000001907348,7.963854960770366,7.282145043044331,7.690000057220459,7.650000095367432,7.252499938011169,6.4049999713897705,8.09000015258789
2017-08-16,7.5,7.53000020980835,7.340000152587891,7.46999979019165,504100,0,0,-0.00267022450436305,1.6490064998270049,7.6179999828338625,7.964765216627997,7.271234749039728,7.690000057220459,7.650000095367432,7.274999976158142,6.414999961853027,8.15999984741211
2017-08-17,7.460000038146973,7.590000152587891,7.409999847412109,7.510000228881836,332700,0,0,0.005354811220036115,1.657836618334191,7.618499994277954,7.96460425347974,7.272395735076168,7.690000057220459,7.650000095367432,7.274999976158142,6.704999923706055,8.25
2017-08-18,7.449999809265137,7.78000020980835,7.449999809265137,7.679999828338623,286300,0,0,0.022636430662545948,1.6953641219949427,7.632999992370605,7.963372357405939,7.302627627335271,7.670000076293945,7.650000095367432,7.2825000286102295,6.914999961853027,8.25
2017-08-21,7.630000114440918,7.769999980926514,7.570000171661377,7.75,194900,0,0,0.00911460588880253,1.7108166978049424,7.648000001907349,7.970850866893772,7.325149136920925,7.5899999141693115,7.690000057220459,7.235000014305115,6.914999961853027,8.3100004196167
2017-08-22,7.75,7.849999904632568,7.639999866485596,7.800000190734863,168000,0,0,0.006451637514175879,1.7218542669923793,7.660500001907349,7.986583451198206,7.334416552616491,7.569999933242798,7.690000057220459,7.294999957084656,6.914999961853027,8.34000015258789
2017-08-23,7.739999771118164,7.809999942779541,7.599999904632568,7.599999904632568,171600,0,0,-0.025641061693801315,1.6777040955046927,7.664499998092651,7.985458733515447,7.343541262669856,7.569999933242798,7.690000057220459,7.299999952316284,6.914999961853027,8.270000457763672
2017-08-24,7.659999847412109,7.78000020980835,7.639999866485596,7.760000228881836,237500,0,0,0.021052674507501035,1.7130242537472544,7.675,7.994001510537208,7.355998489462792,7.5950000286102295,7.690000057220459,7.309999942779541,6.914999961853027,8.380000114440918
2017-08-25,7.800000190734863,7.929999828338623,7.679999828338623,7.920000076293945,142200,0,0,0.020618536429497514,1.7483443067277549,7.686000013351441,8.02257500980043,7.34942501690245,7.634999990463257,7.690000057220459,7.3125,6.914999961853027,8.4399995803833
2017-08-28,7.880000114440918,7.929999828338623,7.639999866485596,7.710000038146973,318300,0,0,-0.026515156076265978,1.7019866845598175,7.684000015258789,8.019491962623265,7.348508067894313,7.634999990463257,7.690000057220459,7.324999928474426,6.914999961853027,8.300000190734863
2017-08-29,7.650000095367432,7.809999942779541,7.539999961853027,7.690000057220459,231000,0,0,-0.002594031235740535,1.697571677937255,7.682000017166137,8.016840453112804,7.34715958121947,7.669999837875366,7.690000057220459,7.447499990463257,6.914999961853027,8.369999885559082
2017-08-30,7.679999828338623,7.860000133514404,7.670000076293945,7.849999904632568,184000,0,0,0.020806221875366404,1.7328917309177556,7.690000009536743,8.032859985790306,7.347140033283179,7.68999981880188,7.690000057220459,7.472499966621399,6.914999961853027,8.329999923706055
2017-08-31,7.840000152587891,7.909999847412109,7.730000019073486,7.849999904632568,317200,0,0,0.0,1.7328917309177556,7.696500015258789,8.046323097379037,7.346676933138541,7.734999895095825,7.690000057220459,7.472499966621399,6.914999961853027,8.390000343322754
2017-09-01,7.889999866485596,8.020000457763672,7.800000190734863,7.849999904632568,317300,0,0,0.0,1.7328917309177556,7.695000004768372,8.041875977307706,7.348124032229037,7.78000020980835,7.690000057220459,7.480000019073486,6.914999961853027,8.5
2017-09-05,7.820000171661377,7.920000076293945,7.639999866485596,7.710000038146973,301600,0,0,-0.017834378112919103,1.7019866845598175,7.682500004768372,8.007365871992908,7.357634137543834,7.78000020980835,7.690000057220459,7.5350000858306885,6.930000066757202,8.270000457763672
2017-09-06,7.730000019073486,7.800000190734863,7.670000076293945,7.690000057220459,220500,0,0,-0.002594031235740535,1.697571677937255,7.671500015258789,7.979063590703408,7.36393643981417,7.78000020980835,7.690000057220459,7.6600000858306885,7.055000066757202,8.140000343322754
2017-09-07,7.699999809265137,7.800000190734863,7.610000133514404,7.75,377300,0,0,0.0078023332032624015,1.7108166978049426,7.671500015258789,7.979063590703408,7.36393643981417,7.78000020980835,7.690000057220459,7.670000076293945,7.055000066757202,8.359999656677246
2017-09-08,7.730000019073486,7.809999942779541,7.599999904632568,7.789999961853027,172000,0,0,0.005161285400390625,1.7196467110500677,7.6890000104904175,7.981164948109007,7.396835072871828,7.78000020980835,7.690000057220459,7.670000076293945,7.055000066757202,8.399999618530273
2017-09-11,7.820000171661377,7.889999866485596,7.690000057220459,7.760000228881836,271700,0,0,-0.0038510568829394076,1.7130242537472542,7.709000015258789,7.95975268855683,7.458247341960749,7.78000020980835,7.690000057220459,7.670000076293945,7.055000066757202,8.279999732971191
2017-09-12,7.800000190734863,7.929999828338623,7.78000020980835,7.840000152587891,180800,0,0,0.010309268214748757,1.7306842802375044,7.72350001335144,7.9692334801074045,7.477766546595476,7.81000018119812,7.690000057220459,7.670000076293945,7.055000066757202,8.5600004196167
2017-09-13,7.849999904632568,7.909999847412109,7.789999961853027,7.820000171661377,192900,0,0,-0.0025510179256708065,1.7262692736149419,7.740000033378601,7.963926381822212,7.516073684934991,7.81000018119812,7.670000076293945,7.670000076293945,7.055000066757202,8.390000343322754
2017-09-14,7.869999885559082,7.909999847412109,7.769999980926514,7.789999961853027,151700,0,0,-0.003836343881048254,1.7196467110500675,7.75600004196167,7.942744871518206,7.5692552124051335,7.81000018119812,7.65500020980835,7.670000076293945,7.055000066757202,8.470000267028809
2017-09-15,7.800000190734863,7.880000114440918,7.75,7.869999885559082,467400,0,0,0.010269566636432303,1.7373067375403177,7.774000024795532,7.928775389987794,7.61922465960327,7.764999866485596,7.65500020980835,7.670000076293945,7.055000066757202,8.600000381469727
2017-09-18,7.880000114440918,7.989999771118164,7.860000133514404,7.940000057220459,532700,0,0,0.008894558154927346,1.7527593133503172,7.787000036239624,7.951490138380847,7.6225099340984,7.794999837875366,7.65500020980835,7.695000052452087,7.055000066757202,8.479999542236328
2017-09-19,7.96999979019165,8.100000381469727,7.929999828338623,7.960000038146973,282800,0,0,0.002518889267302482,1.7571743199728798,7.797500038146973,7.9774603024016715,7.6175397738922745,7.8500001430511475,7.720000267028809,7.670000076293945,7.055000066757202,8.399999618530273
2017-09-20,7.980000019073486,8.180000305175781,7.860000133514404,7.980000019073486,317200,0,0,0.002512560405862674,1.7615893265954423,7.806500029563904,8.003454486989504,7.6095455721383045,7.890000104904175,7.760000228881836,7.670000076293945,7.055000066757202,8.399999618530273
2017-09-21,8.010000228881836,8.130000114440918,8.010000228881836,8.09000015258789,294600,0,0,0.013784477851063404,1.785871915650567,7.83100004196167,8.040743656227091,7.621256427696249,7.93500018119812,7.760000228881836,7.670000076293945,7.055000066757202,8.640000343322754
2017-09-22,8.100000381469727,8.170000076293945,8.029999732971191,8.15999984741211,337900,0,0,0.008652619716184695,1.8013243861985055,7.851000022888184,8.102477266766565,7.599522779009804,7.965000152587891,7.795000076293945,7.670000076293945,7.055000066757202,8.489999771118164
2017-09-25,8.15999984741211,8.420000076293945,8.149999618530273,8.25,518900,0,0,0.011029430670447038,1.8211919686310676,7.8675000190734865,8.173058557075972,7.561941481071,8.085000038146973,7.934999942779541,7.670000076293945,7.055000066757202,8.40999984741211
2017-09-26,8.239999771118164,8.3100004196167,8.039999961853027,8.25,217800,0,0,0.0,1.8211919686310676,7.894500017166138,8.233593097829285,7.555406936502991,8.085000038146973,7.980000019073486,7.6600000858306885,7.070000171661377,8.520000457763672
2017-09-27,8.34000015258789,8.380000114440918,8.220000267028809,8.3100004196167,396800,0,0,0.007272778135357427,1.834437093760816,7.92550003528595,8.29637539036598,7.554624680205919,8.085000038146973,7.980000019073486,7.639999985694885,7.1000001430511475,8.720000267028809
2017-09-28,8.34000015258789,8.380000114440918,8.3100004196167,8.34000015258789,391100,0,0,0.0036100759875261623,1.8410595510636294,7.950000047683716,8.360739564974084,7.539260530393348,8.140000104904175,7.980000019073486,7.629999995231628,7.2200000286102295,8.869999885559082
2017-09-29,8.369999885559082,8.399999618530273,8.1899995803833,8.270000457763672,294100,0,0,-0.008393248626320182,1.825607080515691,7.971000075340271,8.401820211658768,7.540179939021774,8.140000104904175,7.980000019073486,7.629999995231628,7.230000019073486,8.8100004196167
2017-10-02,8.3100004196167,8.380000114440918,8.270000457763672,8.380000114440918,487000,0,0,0.013301046020376184,1.8498895643087547,7.997500085830689,8.459699648604845,7.535300523056533,8.140000104904175,7.980000019073486,7.642500042915344,7.25,8.699999809265137
2017-10-03,8.380000114440918,8.569999694824219,8.34000015258789,8.4399995803833,508300,0,0,0.007159840706802312,1.8631344789143813,8.034000062942505,8.514748174763023,7.553251951121988,8.289999961853027,8.054999828338623,7.662500023841858,7.255000114440918,8.710000038146973
2017-10-04,8.4399995803833,8.489999771118164,8.270000457763672,8.300000190734863,273600,0,0,-0.01658760623327893,1.8322295378185043,8.064500069618225,8.531122880897833,7.597877258338618,8.299999713897705,8.054999828338623,7.662500023841858,7.2799999713897705,8.880000114440918
2017-10-05,8.34000015258789,8.520000457763672,8.3100004196167,8.369999885559082,297700,0,0,0.00843369797778526,1.8476820083664427,8.095500063896178,8.556718579246134,7.634281548546223,8.304999828338623,8.084999799728394,7.679999947547913,7.5299999713897705,9.0
2017-10-06,8.380000114440918,8.479999542236328,8.319999694824219,8.329999923706055,141100,0,0,-0.004778968028666286,1.8388519951213176,8.12250006198883,8.571969333987234,7.6730307899904275,8.304999828338623,8.084999799728394,7.689999938011169,7.610000133514404,9.149999618530272
2017-10-09,8.329999923706055,8.430000305175781,8.279999732971191,8.390000343322754,226100,0,0,0.007202931592585671,1.852097120251066,8.154000067710877,8.58517194736499,7.722828188056764,8.37999963760376,8.084999799728394,7.712499976158142,7.610000133514404,9.119999885559082
2017-10-10,8.449999809265137,8.5600004196167,8.390000343322754,8.5,447000,0,0,0.01311080478855886,1.8763796040441298,8.187000060081482,8.618017168896806,7.755982951266159,8.37999963760376,8.084999799728394,7.735000133514404,7.610000133514404,8.989999771118164
2017-10-11,8.479999542236328,8.479999542236328,8.25,8.270000457763672,190700,0,0,-0.027058769674862093,1.8256070805156908,8.209500074386597,8.606852301305457,7.812147847467736,8.37999963760376,8.084999799728394,7.735000133514404,7.630000114440918,9.65999984741211
2017-10-12,8.260000228881836,8.329999923706055,8.130000114440918,8.140000343322754,190700,0,0,-0.015719480924438978,1.7969094848380036,8.227000093460083,8.576350381770215,7.87764980514995,8.349999904632568,8.084999799728394,7.735000133514404,7.630000114440918,9.710000038146973
2017-10-13,8.149999618530273,8.40999984741211,8.149999618530273,8.359999656677246,239000,0,0,0.027026941532620086,1.8454744524241309,8.25150008201599,8.563631418863704,7.939368745168278,8.349999904632568,8.084999799728394,7.735000133514404,7.650000095367432,10.0
2017-10-16,8.319999694824219,8.40999984741211,8.199999809265137,8.399999618530273,116100,0,0,0.00478468462867454,1.8543044656692562,8.274500060081483,8.557566506694823,7.991433613468143,8.345000267028809,8.129999876022339,7.735000133514404,7.650000095367432,10.079999923706056
2017-10-17,8.380000114440918,8.399999618530273,8.170000076293945,8.279999732971191,121500,0,0,-0.014285701310552956,1.8278144259338807,8.290500044822693,8.533602711185244,8.047397378460142,8.345000267028809,8.15999984741211,7.735000133514404,7.650000095367432,9.920000076293944
2017-10-18,8.279999732971191,8.579999923706055,8.279999732971191,8.5600004196167,466000,0,0,0.03381650913955192,1.8896247291738786,8.319500064849853,8.545088288558228,8.093911841141479,8.355000019073486,8.164999961853027,7.7500001192092896,7.650000095367432,9.789999961853027
2017-10-19,8.460000038146973,8.529999732971191,8.210000038146973,8.390000343322754,191400,0,0,-0.019859821023414992,1.8520971202510663,8.334500074386597,8.53533774782983,8.133662400943363,8.355000019073486,8.164999961853027,7.740000128746033,7.650000095367432,9.600000381469728
2017-10-20,8.5,8.59000015258789,8.430000305175781,8.470000267028809,246500,0,0,0.009535151422219279,1.8697571467413165,8.350000095367431,8.542145279604096,8.157854911130766,8.360000133514404,8.170000076293945,7.732500195503235,7.650000095367432,9.68000030517578
2017-10-23,8.5,8.640000343322754,8.449999809265137,8.600000381469727,213800,0,0,0.015348301103008222,1.8984547424190037,8.367500114440919,8.582665936622131,8.152334292259706,8.385000228881836,8.250000238418579,7.710000038146973,7.650000095367432,9.84000015258789
2017-10-24,8.600000381469727,8.65999984741211,8.420000076293945,8.479999542236328,153700,0,0,-0.013953585338433494,1.8719644921595064,8.379000091552735,8.59237533060922,8.165624852496249,8.394999980926514,8.259999990463257,7.725000023841858,7.650000095367432,9.670000076293944
2017-10-25,8.5,8.5,8.350000381469727,8.399999618530273,122000,0,0,-0.00943395377648304,1.8543044656692562,8.383500051498412,8.594624787078626,8.172375315918199,8.404999732971191,8.259999990463257,7.785000205039978,7.65500020980835,9.640000343322754
2017-10-26,8.399999618530273,8.5,8.350000381469727,8.399999618530273,150900,0,0,0.0,1.8543044656692562,8.386500024795533,8.596761082669884,8.176238966921181,8.414999961853027,8.335000038146973,7.825000166893005,7.695000171661377,9.65999984741211
2017-10-27,9.0,9.0,8.380000114440918,8.640000343322754,727000,0,0,0.02857151615376763,1.9072847556641288,8.405000019073487,8.635379627193824,8.17462041095315,8.585000038146973,8.514999866485596,7.847500205039978,7.695000171661377,9.59000015258789
2017-10-30,8.649999618530273,8.649999618530273,8.390000343322754,8.489999771118164,304000,0,0,-0.017361176648623022,1.874172048101818,8.410500001907348,8.643495458810152,8.177504545004544,8.605000019073486,8.519999980926514,7.880000114440918,7.695000171661377,9.640000343322754
2017-10-31,8.520000457763672,8.520000457763672,8.390000343322754,8.40999984741211,206800,0,0,-0.009422841679949556,1.8565120216115678,8.409000015258789,8.641598133889483,8.176401896628095,8.605000019073486,8.519999980926514,8.009999990463257,7.815000057220459,9.649999618530272
2017-11-01,8.529999732971191,8.569999694824219,8.4399995803833,8.520000457763672,520000,0,0,0.013079739874836127,1.8807947159287532,8.420000028610229,8.651736033671378,8.18826402354908,8.675000190734863,8.565000057220459,8.03250002861023,7.815000057220459,9.479999542236328
2017-11-02,8.520000457763672,8.75,8.479999542236328,8.720000267028809,317000,0,0,0.023474154755812382,1.924944782154379,8.437500047683717,8.702367500939738,8.172632594427695,8.675000190734863,8.565000057220459,8.03250002861023,7.855000019073486,9.470000267028809
2017-11-03,8.729999542236328,8.899999618530273,8.670000076293945,8.869999885559082,526700,0,0,0.01720179058909399,1.958057279192568,8.464500045776367,8.784954511452979,8.144045580099755,8.675000190734863,8.565000057220459,8.06000006198883,7.855000019073486,9.829999923706056
2017-11-06,8.899999618530273,8.930000305175781,8.779999732971191,8.8100004196167,343500,0,0,-0.006764314173223984,1.9448123645869413,8.485500049591064,8.837524224691762,8.133475874490365,8.675000190734863,8.565000057220459,8.06000006198883,7.855000019073486,9.84000015258789
2017-11-07,8.779999732971191,8.869999885559082,8.649999618530273,8.699999809265137,393800,0,0,-0.012485880262460669,1.9205296702697556,8.49550004005432,8.859885686065626,8.131114394043015,8.675000190734863,8.565000057220459,8.06000006198883,7.855000019073486,9.890000343322754
2017-11-08,8.640000343322754,8.739999771118164,8.510000228881836,8.710000038146973,478000,0,0,0.0011494516208134797,1.9227372262120677,8.517500019073486,8.877834793302403,8.157165244844569,8.690000057220459,8.565000057220459,8.172499895095825,7.929999828338623,10.130000114440918
2017-11-09,8.680000305175781,8.899999618530273,8.670000076293945,8.880000114440918,306200,0,0,0.019517804311067755,1.96026483513488,8.554500007629395,8.903872252481573,8.205127762777217,8.660000324249268,8.565000057220459,8.177499771118164,7.929999828338623,10.210000038146973
2017-11-10,8.84000015258789,9.06999969482422,8.84000015258789,9.0,191000,0,0,0.01351350045186761,1.9867548748702553,8.586500024795532,8.974314166730217,8.198685882860847,8.730000019073486,8.599999904632568,8.194999814033508,7.929999828338623,10.18000030517578
2017-11-13,8.9399995803833,9.229999542236328,8.520000457763672,9.149999618530272,216000,0,0,0.016666624281141296,2.0198673719084437,8.624000024795532,9.07331303396346,8.174687015627603,8.834999561309814,8.679999828338623,8.194999814033508,7.929999828338623,9.960000038146973
2017-11-14,9.119999885559082,9.220000267028809,9.06999969482422,9.119999885559082,148300,0,0,-0.0032786594778031475,2.0132449146056306,8.666000032424927,9.13564289297202,8.196357171877834,8.854999542236328,8.679999828338623,8.232499718666077,7.929999828338623,10.130000114440918
2017-11-15,9.020000457763672,9.130000114440918,8.890000343322754,8.989999771118164,748700,0,0,-0.014254398692127634,1.9845473189279434,8.6875,9.174991952795619,8.200008047204381,8.869999885559082,8.679999828338623,8.232499718666077,7.929999828338623,9.989999771118164
2017-11-16,9.09000015258789,9.6899995803833,9.09000015258789,9.65999984741211,367700,0,0,0.07452726288674993,2.132450198676881,8.750999975204468,9.379227445378442,8.122772505030495,9.099999904632568,8.90999984741211,8.232499718666077,7.929999828338623,10.029999732971191
2017-11-17,9.56999969482422,9.800000190734863,9.5,9.710000038146973,259600,0,0,0.005176003263422269,2.1434877678643183,8.812999963760376,9.554019683584173,8.07198024393658,9.15500020980835,8.974999904632568,8.217499852180481,7.929999828338623,9.960000038146973
2017-11-20,9.779999732971191,10.0600004196167,9.710000038146973,10.0,531000,0,0,0.02986611335877698,2.2075054165225056,8.88299994468689,9.780218584280329,7.985781305093453,9.285000324249268,9.115000247955322,8.217499852180481,7.929999828338623,9.920000076293944
2017-11-21,10.0,10.1899995803833,10.0,10.079999923706056,461400,0,0,0.007999992370605558,2.2251654430127563,8.962999963760376,9.980832196443739,7.945167731077013,9.355000019073486,9.179999828338623,8.237500071525574,7.929999828338623,9.880000114440918
2017-11-22,10.100000381469728,10.140000343322754,9.90999984741211,9.920000076293944,177500,0,0,-0.015873000855468944,2.189845390032255,9.038999986648559,10.103759447171603,7.974240526125516,9.355000019073486,9.199999809265137,8.252500057220459,7.929999828338623,9.970000267028809
2017-11-24,9.93000030517578,9.960000038146973,9.739999771118164,9.789999961853027,89800,0,0,-0.01310485014527174,2.161147794354568,9.108500003814697,10.178853655479008,8.038146352150386,9.355000019073486,9.199999809265137,8.259999990463257,7.934999942779541,9.9399995803833
2017-11-27,9.8100004196167,9.84000015258789,9.59000015258789,9.600000381469728,351700,0,0,-0.019407515947256093,2.1192052840712545,9.156500005722046,10.22458452059078,8.088415490853313,9.539999961853027,9.269999980926514,8.259999990463257,7.934999942779541,10.039999961853027
2017-11-28,9.640000343322754,9.729999542236328,9.289999961853027,9.68000030517578,1258900,0,0,0.008333325054910468,2.1368653105615043,9.216000032424926,10.26102726163648,8.170972803213372,9.539999961853027,9.269999980926514,8.265000104904175,7.940000057220459,10.06999969482422
2017-11-29,9.770000457763672,10.0,9.710000038146973,9.84000015258789,382200,0,0,0.016528909335525643,2.172185363542005,9.287500047683716,10.296849925492197,8.278150169875236,9.639999866485596,9.269999980926514,8.317500233650208,7.965000152587891,10.09000015258789
2017-11-30,9.960000038146973,9.960000038146973,9.609999656677246,9.670000076293944,414200,0,0,-0.017276430249773655,2.1346577546191927,9.34500002861023,10.302025706415586,8.387974350804873,9.739999771118164,9.269999980926514,8.327499985694885,7.974999904632568,10.25
2017-12-01,9.670000076293944,9.670000076293944,9.25,9.640000343322754,334500,0,0,-0.0031023508515510834,2.1280352973163796,9.391000032424927,10.310759164819148,8.471240900030706,9.71999979019165,9.269999980926514,8.332499861717224,8.0,10.31999969482422
2017-12-04,9.779999732971191,9.9399995803833,9.579999923706056,9.65999984741211,302100,0,0,0.0020746372797806334,2.132450198676881,9.430500030517578,10.324589292402152,8.536410768633004,9.71999979019165,9.28499984741211,8.375,8.0,10.800000190734863
2017-12-05,9.630000114440918,9.699999809265137,9.539999961853027,9.59000015258789,197900,0,0,-0.007246345334360638,2.1169977281289425,9.469500017166137,10.318347366927368,8.620652667404906,9.695000171661377,9.289999961853027,8.549999952316284,8.170000076293945,10.859999656677246
2017-12-06,9.579999923706056,9.6899995803833,9.520000457763672,9.640000343322754,244500,0,0,0.005213784143827116,2.128035297316379,9.51650004386902,10.289652185973921,8.743347901764118,9.625,9.289999961853027,8.5625,8.204999923706055,10.81999969482422
2017-12-07,9.579999923706056,9.789999961853027,9.529999732971191,9.649999618530272,393000,0,0,0.0010372691754563235,2.1302426427345686,9.563500022888183,10.242412669845974,8.884587375930392,9.625,9.3149995803833,8.5625,8.224999904632568,10.859999656677246
2017-12-08,9.68000030517578,9.68000030517578,9.43000030517578,9.479999542236328,189300,0,0,-0.017616588913382247,2.0927150338117566,9.593499994277954,10.197019193938715,8.989980794617193,9.625,9.334999561309814,8.620000123977661,8.269999980926514,10.800000190734863
2017-12-11,9.489999771118164,9.5600004196167,9.380000114440918,9.470000267028809,325100,0,0,-0.0010547759167044424,2.0905076883935667,9.617000007629395,10.159094460746038,9.074905554512751,9.625,9.349999904632568,8.620000123977661,8.269999980926514,10.850000381469728
2017-12-12,9.489999771118164,9.84000015258789,9.489999771118164,9.829999923706056,430800,0,0,0.03801474620128986,2.169977807599693,9.651000022888184,10.155251472732111,9.146748573044256,9.605000019073486,9.349999904632568,8.620000123977661,8.269999980926514,11.039999961853027
2017-12-13,9.850000381469728,10.050000190734863,9.760000228881836,9.84000015258789,460000,0,0,0.0010173172898728655,2.1721853635420048,9.687000036239624,10.133364925146799,9.24063514733245,9.650000095367432,9.349999904632568,8.620000123977661,8.269999980926514,11.079999923706056
2017-12-14,9.850000381469728,10.0600004196167,9.760000228881836,9.890000343322754,477700,0,0,0.005081320117837018,2.183222932729442,9.732000064849853,10.05005578392364,9.413944345776066,9.720000267028809,9.349999904632568,8.620000123977661,8.269999980926514,11.0
2017-12-15,9.880000114440918,10.18000030517578,9.81999969482422,10.130000114440918,2052300,0,0,0.02426691231413347,2.2362030122001926,9.755500078201294,10.115924450254017,9.395075706148571,9.78000020980835,9.355000019073486,8.627500057220459,8.269999980926514,11.279999732971191
2017-12-18,10.229999542236328,10.550000190734863,10.079999923706056,10.210000038146973,546700,0,0,0.007897327028852708,2.253863038690443,9.780500078201294,10.191262903708186,9.369737252694403,9.96500015258789,9.535000324249268,8.612500190734863,8.269999980926514,10.75
2017-12-19,10.229999542236328,10.260000228881836,10.119999885559082,10.18000030517578,325200,0,0,-0.0029382696238107187,2.247240581387629,9.789500093460083,10.226451515848325,9.35254867107184,9.96500015258789,9.535000324249268,8.664999961853027,8.334999799728394,10.68000030517578
2017-12-20,10.25,10.25,9.8100004196167,9.960000038146973,277700,0,0,-0.02161102754750932,2.19867540327738,9.78350009918213,10.207287621210813,9.359712577153445,9.96500015258789,9.720000267028809,8.757499694824219,8.414999723434448,10.449999809265137
2017-12-21,10.039999961853027,10.18000030517578,10.0,10.130000114440918,244600,0,0,0.017068280687032367,2.2362030122001926,9.794000101089477,10.240831296948667,9.347168905230287,9.96500015258789,9.720000267028809,8.767499685287476,8.414999723434448,10.56999969482422
2017-12-22,10.18000030517578,10.18000030517578,9.949999809265137,9.989999771118164,257000,0,0,-0.013820369372274266,2.2052978605801936,9.804000091552734,10.258992167119104,9.349008015986364,10.019999980926514,9.820000171661377,8.774999856948853,8.414999723434448,10.779999732971191
2017-12-26,9.989999771118164,10.100000381469728,9.93000030517578,10.029999732971191,295300,0,0,0.004004000277224362,2.214127873825319,9.825500059127808,10.280539899525056,9.37046021873056,10.15500020980835,9.900000095367432,9.004999876022339,8.644999742507935,10.600000381469728
2017-12-27,10.0,10.029999732971191,9.90999984741211,9.960000038146973,173500,0,0,-0.0069790325710689105,2.1986754032773805,9.839500045776367,10.292982068441338,9.386018023111395,10.15500020980835,9.900000095367432,9.065000057220459,8.700000047683716,10.0
2017-12-28,10.0,10.0,9.859999656677246,9.920000076293944,164400,0,0,-0.004016060411629385,2.189845390032255,9.84350004196167,10.298353241503502,9.388646842419838,10.180000305175781,9.900000095367432,9.200000286102295,8.830000162124634,10.140000343322754
2017-12-29,9.920000076293944,9.970000267028809,9.760000228881836,9.880000114440918,232000,0,0,-0.004032254188043205,2.1810153767871303,9.854000043869018,10.301915903716184,9.406084184021852,10.15500020980835,9.900000095367432,9.267499923706055,8.93999981880188,10.109999656677246
2018-01-02,9.899999618530272,10.0,9.880000114440918,9.970000267028809,244000,0,0,0.009109327079495078,2.2008829592196926,9.87050004005432,10.30980508797699,9.431194992131651,10.010000228881836,9.900000095367432,9.277499914169312,8.96999979019165,10.25
2018-01-03,9.979999542236328,10.0,9.920000076293944,9.9399995803833,169700,0,0,-0.0030090958718147487,2.1942602913927574,9.88450002670288,10.313701464453752,9.45529858895201,10.005000114440918,9.900000095367432,9.277499914169312,8.96999979019165,10.40999984741211
2018-01-04,10.0,10.0600004196167,9.90999984741211,10.039999961853027,188000,0,0,0.010060400974973627,2.2163354297676308,9.907000017166137,10.318727799586263,9.495272234746011,9.970000267028809,9.900000095367432,9.40499997138977,8.96999979019165,10.399999618530272
2018-01-05,10.050000190734863,10.119999885559082,9.989999771118164,10.06999969482422,436900,0,0,0.002988021223623294,2.2229578870704447,9.928499984741212,10.326756976488317,9.530242992994106,9.970000267028809,9.900000095367432,9.40499997138977,8.96999979019165,10.390000343322754
2018-01-08,10.020000457763672,10.220000267028809,9.989999771118164,10.09000015258789,295700,0,0,0.001986142837119509,2.227372998955068,9.950500011444092,10.332916915140617,9.568083107747567,9.990000247955322,9.900000095367432,9.454999923706055,9.024999856948853,10.449999809265137
2018-01-09,10.140000343322754,10.399999618530272,10.140000343322754,10.25,297300,0,0,0.01585726907755025,2.2626930519355684,9.989000034332275,10.326085180105665,9.651914888558885,10.079999923706055,9.900000095367432,9.504999876022339,9.024999856948853,10.699999809265137
2018-01-10,10.289999961853027,10.420000076293944,10.149999618530272,10.31999969482422,424400,0,0,0.006829238519436176,2.2781455224835074,10.031500005722046,10.303552272937646,9.759447738506447,10.09000015258789,9.96500015258789,9.494999885559082,9.024999856948853,10.75
2018-01-11,10.31999969482422,10.8100004196167,10.3100004196167,10.800000190734863,215300,0,0,0.04651167733574413,2.3841058919491305,10.080000019073486,10.499169038103851,9.660831000043121,10.285000324249268,10.095000267028809,9.50249981880188,9.099999904632568,10.720000267028809
2018-01-12,10.90999984741211,10.960000038146973,10.720000267028809,10.859999656677246,231700,0,0,0.005555506007662414,2.397350806554757,10.130999994277953,10.656880818304382,9.605119170251525,10.420000076293945,10.170000076293945,9.492500066757202,9.109999656677246,10.899999618530272
2018-01-16,10.949999809265137,11.050000190734863,10.710000038146973,10.81999969482422,402700,0,0,-0.00368323785612934,2.3885207933096324,10.177499961853027,10.770835568725296,9.584164354980757,10.480000019073486,10.21500015258789,9.457499980926514,9.114999771118164,10.9399995803833
2018-01-17,10.890000343322754,10.90999984741211,10.729999542236328,10.859999656677246,399600,0,0,0.003696854249650272,2.397350806554757,10.213999938964843,10.877614781961045,9.550385095968641,10.480000019073486,10.21500015258789,9.46999979019165,9.114999771118164,10.899999618530272
2018-01-18,10.869999885559082,10.899999618530272,10.720000267028809,10.800000190734863,224500,0,0,-0.005524812876535612,2.3841058919491305,10.243499946594238,10.955042940045951,9.531956953142524,10.519999980926514,10.21500015258789,9.479999780654907,9.15999984741211,10.779999732971191
2018-01-19,10.779999732971191,10.949999809265137,10.779999732971191,10.850000381469728,326500,0,0,0.004629647208502785,2.3951434611365676,10.276999950408936,11.035494483048653,9.518505417769218,10.519999980926514,10.269999980926514,9.487499952316284,9.15999984741211,10.670000076293944
2018-01-22,10.890000343322754,11.050000190734863,10.829999923706056,11.039999961853027,189200,0,0,0.017511481447299415,2.437085971419881,10.330999946594238,11.143965448978705,9.518034444209771,10.595000267028809,10.40500020980835,9.477499961853027,9.15999984741211,10.56999969482422
2018-01-23,11.0600004196167,11.09000015258789,10.93000030517578,11.079999923706056,138300,0,0,0.003623184962974868,2.4459159846650067,10.378499937057494,11.248585541145445,9.508414332969544,10.619999885559082,10.425000190734863,9.5,9.15999984741211,10.489999771118164
2018-01-24,11.109999656677246,11.199999809265137,10.949999809265137,11.0,193900,0,0,-0.0072202097704796575,2.428255958174756,10.428999948501588,11.320244874576028,9.537755022427147,10.755000114440918,10.480000019073486,9.535000085830688,9.15999984741211,10.489999771118164
2018-01-25,11.029999732971191,11.279999732971191,10.859999656677246,11.279999732971191,321600,0,0,0.02545452117919922,2.4900660508906323,10.491499948501588,11.436358884697087,9.546641012306088,10.994999885559082,10.519999980926514,9.567500114440918,9.15999984741211,10.640000343322754
2018-01-26,11.270000457763672,11.270000457763672,9.619999885559082,10.75,1222100,0,0,-0.04698579304235384,2.3730683227616938,10.530999946594239,11.449064709153232,9.612935184035246,10.449999809265137,10.449999809265137,9.750000238418579,9.34000015258789,10.789999961853027
2018-01-29,10.75,10.890000343322754,10.619999885559082,10.68000030517578,467100,0,0,-0.006511599518532196,2.3576158522137547,10.56899995803833,11.44422047789974,9.693779438176918,10.449999809265137,10.449999809265137,9.750000238418579,9.34000015258789,10.859999656677246
2018-01-30,10.630000114440918,10.649999618530272,10.420000076293944,10.449999809265137,450800,0,0,-0.021535626342555347,2.306843118161194,10.59749994277954,11.415794547820493,9.779205337738588,10.449999809265137,10.449999809265137,9.84250020980835,9.34000015258789,10.84000015258789
2018-01-31,10.489999771118164,10.789999961853027,10.399999618530272,10.56999969482422,240700,0,0,0.011483242846826558,2.3333331578965697,10.627499914169311,11.393336893513762,9.86166293482486,10.449999809265137,10.449999809265137,9.84250020980835,9.34000015258789,10.960000038146973
2018-02-01,10.550000190734863,10.800000190734863,10.43000030517578,10.779999732971191,253200,0,0,0.019867553851472763,2.379690780064507,10.669499921798707,11.368434094854011,9.970565748743402,10.449999809265137,10.449999809265137,9.920000076293945,9.34000015258789,10.970000267028809
2018-02-02,10.75,10.850000381469728,10.520000457763672,10.600000381469728,373300,0,0,-0.016697528382206284,2.3399558257235054,10.69749994277954,11.334833130574127,10.060166754984953,10.449999809265137,10.449999809265137,10.02750015258789,9.34000015258789,10.890000343322754
2018-02-05,10.43000030517578,10.520000457763672,9.979999542236328,10.0,445600,0,0,-0.05660380753557448,2.2075054165225056,10.69399995803833,11.3458412354227,10.042158680653959,10.449999809265137,10.449999809265137,10.02750015258789,9.349999904632568,10.899999618530272
2018-02-06,9.81999969482422,10.1899995803833,9.770000457763672,10.140000343322754,498300,0,0,0.01400003433227548,2.2384105681425046,10.696499967575074,11.339279064701598,10.053720870448549,10.449999809265137,10.449999809265137,10.040000200271606,9.360000133514404,10.949999809265137
2018-02-07,10.09000015258789,10.170000076293944,10.0,10.109999656677246,564200,0,0,-0.0029586474980016764,2.2317879003155694,10.689499950408935,11.354486824204626,10.024513076613244,10.445000171661377,10.449999809265137,10.02750015258789,9.360000133514404,10.989999771118164
2018-02-08,10.18000030517578,10.5600004196167,10.170000076293944,10.25,608000,0,0,0.01384770999772389,2.2626930519355684,10.685999965667724,11.359504196703913,10.012495734631536,10.330000400543213,10.449999809265137,9.955000162124634,9.380000114440918,11.170000076293944
2018-02-09,10.329999923706056,10.449999809265137,10.119999885559082,10.40999984741211,736000,0,0,0.0156097412109375,2.298013104916069,10.666499948501587,11.34829510053725,9.984704796465923,10.3100004196167,10.449999809265137,9.952500104904175,9.380000114440918,11.1899995803833
2018-02-12,10.420000076293944,10.5,10.369999885559082,10.399999618530272,330300,0,0,-0.0009606367942766036,2.2958055489737568,10.643499946594238,11.328697031580573,9.958302861607903,10.3100004196167,10.449999809265137,9.93500018119812,9.450000286102295,11.289999961853027
2018-02-13,10.399999618530272,10.449999809265137,10.010000228881836,10.390000343322754,234000,0,0,-0.0009614688052200782,2.2935982035555673,10.621999979019165,11.310709119369639,9.933290838668691,10.3100004196167,10.449999809265137,9.93500018119812,9.450000286102295,10.960000038146973
2018-02-14,10.329999923706056,10.579999923706056,10.329999923706056,10.449999809265137,506200,0,0,0.0057747318536849335,2.3068431181611944,10.601499986648559,11.284983471754677,9.918016501542441,10.3100004196167,10.449999809265137,9.945000171661377,9.450000286102295,10.59000015258789
2018-02-15,10.539999961853027,10.720000267028809,10.43000030517578,10.699999809265137,529400,0,0,0.023923445412730615,2.362030753574257,10.596499967575074,11.275501829199165,9.917498105950983,10.24500036239624,10.449999809265137,9.990000009536743,9.450000286102295,10.859999656677246
2018-02-16,10.640000343322754,11.020000457763672,10.640000343322754,10.75,493900,0,0,0.00467291510524781,2.373068322761694,10.591499948501587,11.264339662390551,9.918660234612624,10.395000457763672,10.449999809265137,10.02750015258789,9.450000286102295,10.699999809265137
2018-02-20,10.649999618530272,10.850000381469728,10.649999618530272,10.720000267028809,323000,0,0,-0.002790672834529384,2.366445865458881,10.575499963760375,11.219196959375903,9.931802968144847,10.510000228881836,10.449999809265137,10.190000295639038,9.595000267028809,10.720000267028809
2018-02-21,10.699999809265137,10.989999771118164,10.68000030517578,10.899999618530272,427100,0,0,0.016790983863599562,2.406180819799883,10.566499948501587,11.18605424290468,9.946945654098494,10.515000343322754,10.449999809265137,10.295000076293945,9.675000190734863,10.800000190734863
2018-02-22,10.93000030517578,11.220000267028809,10.890000343322754,10.9399995803833,300600,0,0,0.0036697213993501787,2.4150108330450086,10.563499927520752,11.175072531678842,9.951927323362662,10.615000247955322,10.449999809265137,10.347500085830688,9.720000267028809,10.5600004196167
2018-02-23,10.93000030517578,11.25,10.770000457763672,10.899999618530272,372400,0,0,-0.003656303783114767,2.406180819799883,10.544499921798707,11.0845528447612,10.004446998836213,10.630000114440918,10.449999809265137,10.347500085830688,9.744999885559082,10.220000267028809
2018-02-26,10.899999618530272,10.899999618530272,10.729999542236328,10.779999732971191,220900,0,0,-0.01100916419804987,2.3796907800645077,10.545999908447266,11.088515349234013,10.003484467660519,10.630000114440918,10.449999809265137,10.367500066757202,9.764999866485596,10.619999885559082
2018-02-27,10.800000190734863,10.880000114440918,10.630000114440918,10.670000076293944,553900,0,0,-0.01020405003729341,2.3554082962714435,10.545499897003173,11.08753341125774,10.003466382748607,10.789999961853027,10.449999809265137,10.394999980926514,9.78000020980835,10.760000228881836
2018-02-28,10.720000267028809,10.760000228881836,10.5600004196167,10.56999969482422,281800,0,0,-0.009372106912341915,2.3333331578965706,10.551499891281129,11.091807298897066,10.01119248366519,10.84000015258789,10.449999809265137,10.500000238418579,9.78000020980835,10.449999809265137
2018-03-01,10.539999961853027,10.6899995803833,10.449999809265137,10.489999771118164,233500,0,0,-0.007568583350596514,2.31567313140632,10.547499895095825,11.088390762521055,10.006609027670596,10.849999904632568,10.449999809265137,10.522500038146973,9.800000190734863,10.380000114440918
2018-03-02,10.4399995803833,10.539999961853027,10.300000190734863,10.489999771118164,341800,0,0,0.0,2.31567313140632,10.532999897003174,11.063520043921958,10.00247975008439,10.775000095367432,10.449999809265137,10.617500066757202,9.855000019073486,10.539999961853027
2018-03-05,10.470000267028809,10.800000190734863,10.359999656677246,10.640000343322754,554200,0,0,0.014299387557431764,2.3487858389686305,10.534999895095826,11.066829469379053,10.003170320812599,10.775000095367432,10.445000171661377,10.757499933242798,9.900000095367432,10.59000015258789
2018-03-06,10.649999618530272,10.800000190734863,10.579999923706056,10.789999961853027,254600,0,0,0.014097708053591118,2.3818983360068193,10.574499893188477,11.055965460145625,10.09303432623133,10.775000095367432,10.510000228881836,10.449999809265137,9.900000095367432,10.710000038146973
2018-03-07,10.760000228881836,10.979999542236328,10.760000228881836,10.859999656677246,233400,0,0,0.006487460154930069,2.397350806554758,10.610499858856201,11.063133834659007,10.157865883053395,10.775000095367432,10.510000228881836,10.449999809265137,9.900000095367432,10.65999984741211
2018-03-08,10.880000114440918,11.050000190734863,10.729999542236328,10.84000015258789,219400,0,0,-0.00184157502040605,2.3929359051942565,10.646999883651734,11.046363143061843,10.247636624241625,10.675000190734863,10.510000228881836,10.449999809265137,10.085000038146973,10.600000381469728
2018-03-09,10.890000343322754,10.979999542236328,10.829999923706056,10.960000038146973,171300,0,0,0.011070099987999793,2.419425944929632,10.682499885559082,11.05977469886795,10.305225072250215,10.675000190734863,10.510000228881836,10.449999809265137,10.085000038146973,10.68000030517578
2018-03-12,10.989999771118164,11.1899995803833,10.770000457763672,10.970000267028809,243700,0,0,0.0009124296393274722,2.4216335008719434,10.710499906539917,11.085818945203584,10.33518086787625,10.744999885559082,10.510000228881836,10.449999809265137,10.184999942779541,10.68000030517578
2018-03-13,10.989999771118164,11.1899995803833,10.81999969482422,10.890000343322754,267900,0,0,-0.007292609093775604,2.403973474381693,10.734999942779542,11.089201216347659,10.380798669211424,10.744999885559082,10.510000228881836,10.449999809265137,10.264999866485596,10.920000076293944
2018-03-14,10.920000076293944,10.979999542236328,10.75,10.899999618530272,256100,0,0,0.0009182070608151349,2.4061808197998826,10.760499906539916,11.083405645304266,10.437594167775567,10.744999885559082,10.510000228881836,10.449999809265137,10.264999866485596,11.220000267028809
2018-03-15,10.880000114440918,10.989999771118164,10.710000038146973,10.949999809265137,249400,0,0,0.004587173622452534,2.4172183889873198,10.785499906539917,11.084679225477684,10.48632058760215,10.774999618530273,10.625,10.449999809265137,10.264999866485596,11.079999923706056
2018-03-16,10.949999809265137,11.010000228881836,10.81999969482422,10.989999771118164,701500,0,0,0.003652964616417842,2.426048402232445,10.799999904632568,11.10924996937267,10.490749839892466,10.884999752044678,10.630000114440918,10.447499990463257,10.264999866485596,10.9399995803833
2018-03-19,10.989999771118164,11.18000030517578,10.869999885559082,11.170000076293944,188400,0,0,0.016378554042268734,2.4657835670975685,10.820999908447266,11.168888660221995,10.473111156672537,10.949999809265137,10.630000114440918,10.390000104904175,10.264999866485596,10.859999656677246
2018-03-20,11.229999542236328,11.369999885559082,11.079999923706056,11.1899995803833,283400,0,0,0.0017904658865492973,2.4701984684580705,10.844499874114991,11.224317144914867,10.464682603315115,11.039999961853027,10.690000057220459,10.380000114440918,10.264999866485596,10.899999618530272
2018-03-21,11.170000076293944,11.359999656677246,11.0600004196167,11.289999961853027,195200,0,0,0.008936584916860335,2.4922736068329443,10.863999891281129,11.290883163790822,10.437116618771435,11.039999961853027,10.690000057220459,10.380000114440918,10.264999866485596,10.90999984741211
2018-03-22,11.25,11.289999961853027,10.899999618530272,10.960000038146973,278300,0,0,-0.029229399895577268,2.4194259449296314,10.864999914169312,11.292692363739802,10.437307464598822,11.039999961853027,10.835000038146973,10.380000114440918,10.264999866485596,10.350000381469728
2018-03-23,11.020000457763672,11.029999732971191,10.579999923706056,10.59000015258789,327600,0,0,-0.033759113528400886,2.3377482697811933,10.849499940872192,11.293337961842864,10.40566191990152,10.974999904632568,10.835000038146973,10.380000114440918,10.264999866485596,10.260000228881836
2018-03-26,10.720000267028809,10.90999984741211,10.619999885559082,10.859999656677246,217300,0,0,0.025495703512655288,2.3973508065547575,10.853499937057496,11.29618848105384,10.410811393061152,10.974999904632568,10.835000038146973,10.347500085830688,10.264999866485596,10.43000030517578
2018-03-27,10.90999984741211,11.09000015258789,10.6899995803833,10.699999809265137,286000,0,0,-0.014732951424518137,2.362030753574257,10.854999923706055,11.295363331934412,10.414636515477698,10.974999904632568,10.835000038146973,10.422500133514404,10.329999923706055,10.350000381469728
2018-03-28,10.68000030517578,10.779999732971191,10.470000267028809,10.720000267028809,211300,0,0,0.0018692016934760414,2.3664458654588807,10.862499952316284,11.287887404470833,10.437112500161735,10.920000076293945,10.835000038146973,10.480000019073486,10.329999923706055,10.399999618530272
2018-03-29,10.789999961853027,10.850000381469728,10.579999923706056,10.800000190734863,661100,0,0,0.007462679264300887,2.3841058919491314,10.877999973297118,11.268791065254534,10.487208881339702,10.920000076293945,10.835000038146973,10.482500076293945,10.329999923706055,10.550000190734863
2018-04-02,10.8100004196167,10.989999771118164,10.460000038146973,10.5600004196167,225700,0,0,-0.02222220063700142,2.3311258124783807,10.881500005722046,11.259224571126389,10.503775440317703,10.914999961853027,10.835000038146973,10.53250002861023,10.329999923706055,11.15999984741211
2018-04-03,10.59000015258789,10.609999656677246,10.010000228881836,10.220000267028809,303800,0,0,-0.03219698286718742,2.2560705946327557,10.860500001907349,11.326949225686466,10.394050778128232,10.684999942779541,10.690000057220459,10.539999961853027,10.329999923706055,11.220000267028809
2018-04-04,10.119999885559082,10.699999809265137,10.09000015258789,10.619999885559082,346100,0,0,0.03913890490010363,2.3443707270840073,10.851999998092651,11.329464637578605,10.374535358606698,10.650000095367432,10.690000057220459,10.539999961853027,10.329999923706055,11.130000114440918
2018-04-05,10.640000343322754,10.779999732971191,10.529999732971191,10.760000228881836,194900,0,0,0.013182706669622846,2.3752758787040062,10.847000026702881,11.326134425882223,10.367865627523539,10.550000190734863,10.690000057220459,10.619999885559082,10.384999752044678,11.140000343322754
2018-04-06,10.710000038146973,10.779999732971191,10.329999923706056,10.449999809265137,193400,0,0,-0.028810447306924836,2.306843118161195,10.827500009536744,11.337293229930552,10.317706789142935,10.550000190734863,10.690000057220459,10.644999980926514,10.449999809265137,10.949999809265137
2018-04-09,10.479999542236328,10.640000343322754,10.369999885559082,10.380000114440918,154300,0,0,-0.006698535512139947,2.2913906476132566,10.79850001335144,11.34019023647954,10.25680979022334,10.550000190734863,10.690000057220459,10.649999856948853,10.449999809265137,11.0600004196167
2018-04-10,10.470000267028809,10.609999656677246,10.399999618530272,10.539999961853027,193800,0,0,0.01541424331869834,2.326710700593757,10.776999998092652,11.323921335668802,10.230078660516503,10.5,10.690000057220459,10.612499952316284,10.449999809265137,11.06999969482422
2018-04-11,10.520000457763672,10.65999984741211,10.449999809265137,10.59000015258789,139800,0,0,0.004743851130533772,2.3377482697811938,10.761999988555909,11.3121832985221,10.211816678589717,10.5,10.690000057220459,10.610000133514404,10.449999809265137,11.770000457763672
2018-04-12,10.630000114440918,10.779999732971191,10.56999969482422,10.710000038146973,160600,0,0,0.011331433789427914,2.364238309516569,10.752500009536742,11.299339078901358,10.205660940172127,10.5,10.690000057220459,10.642500162124634,10.449999809265137,11.65999984741211
2018-04-13,10.779999732971191,10.779999732971191,10.43000030517578,10.65999984741211,154300,0,0,-0.0046685518727145325,2.353200740329132,10.738000011444091,11.278394417277134,10.197605605611049,10.394999980926514,10.690000057220459,10.642500162124634,10.449999809265137,11.529999732971191
2018-04-16,10.68000030517578,10.779999732971191,10.510000228881836,10.600000381469728,167100,0,0,-0.005628467804992265,2.3399558257235054,10.71850004196167,11.249064955579394,10.187935128343947,10.434999942779541,10.690000057220459,10.59250020980835,10.449999809265137,11.4399995803833
2018-04-17,10.630000114440918,10.720000267028809,10.5600004196167,10.68000030517578,186900,0,0,0.00754716234217323,2.3576158522137547,10.694000053405762,11.182011068693924,10.2059890381176,10.554999828338623,10.690000057220459,10.59250020980835,10.449999809265137,11.31999969482422
2018-04-18,10.6899995803833,10.760000228881836,10.619999885559082,10.68000030517578,218700,0,0,0.0,2.3576158522137547,10.668500089645386,11.099572196652716,10.237427982638057,10.554999828338623,10.690000057220459,10.627500057220459,10.449999809265137,11.449999809265137
2018-04-19,10.65999984741211,10.979999542236328,10.65999984741211,10.920000076293944,236700,0,0,0.02247188803935285,2.410595931684506,10.650000095367432,10.995152212864738,10.304847977870125,10.674999713897705,10.690000057220459,10.627500057220459,10.449999809265137,11.479999542236328
2018-04-20,10.880000114440918,11.229999542236328,10.729999542236328,11.220000267028809,329300,0,0,0.027472544747149774,2.4768211362850057,10.663000106811523,11.068841924405314,10.257158289217733,10.8149995803833,10.690000057220459,10.627500057220459,10.449999809265137,11.31999969482422
2018-04-23,11.289999961853027,11.289999961853027,11.020000457763672,11.079999923706056,182600,0,0,-0.012477748662284682,2.445915984665007,10.687500095367431,11.130626856805986,10.244373333928877,10.860000133514404,10.690000057220459,10.699999809265137,10.449999809265137,11.529999732971191
2018-04-24,11.130000114440918,11.130000114440918,10.850000381469728,10.9399995803833,183500,0,0,-0.012635410134184233,2.4150108330450077,10.691500091552735,11.14224508189463,10.240755101210839,10.860000133514404,10.690000057220459,10.757499933242798,10.449999809265137,11.31999969482422
2018-04-25,10.949999809265137,10.970000267028809,10.770000457763672,10.859999656677246,153900,0,0,-0.007312607566229201,2.3973508065547575,10.69950008392334,11.156269414679235,10.242730753167445,10.860000133514404,10.690000057220459,10.789999961853027,10.449999809265137,11.479999542236328
2018-04-26,10.890000343322754,10.920000076293944,10.770000457763672,10.899999618530272,102400,0,0,0.00368323785612934,2.406180819799882,10.708500051498413,11.173638455572009,10.243361647424818,10.900000095367432,10.684999942779541,10.865000009536743,10.494999885559082,11.390000343322754
2018-04-27,11.010000228881836,11.630000114440918,10.81999969482422,10.90999984741211,664800,0,0,0.0009174522231025772,2.408388375742194,10.714000034332276,11.18596185061798,10.242038218046572,11.095000267028809,10.820000171661377,10.865000009536743,10.494999885559082,11.43000030517578
2018-04-30,10.899999618530272,11.0,10.149999618530272,10.350000381469728,332800,0,0,-0.051329007678695304,2.2847681903104426,10.703500032424927,11.197763395344364,10.20923666950549,10.889999866485596,10.820000171661377,10.9375,10.494999885559082,11.489999771118164
2018-05-01,10.369999885559082,10.43000030517578,10.239999771118164,10.260000228881836,242300,0,0,-0.008695666596208573,2.2649006078778804,10.705500030517578,11.192103484830518,10.218896576204639,10.889999866485596,10.820000171661377,10.90499997138977,10.494999885559082,11.43000030517578
2018-05-02,10.270000457763672,10.5,10.1899995803833,10.43000030517578,289000,0,0,0.01656920784615523,2.3024282168006924,10.696000051498412,11.196286081436046,10.195714021560779,10.889999866485596,10.820000171661377,10.90499997138977,10.494999885559082,11.489999771118164
2018-05-03,10.34000015258789,10.449999809265137,10.220000267028809,10.350000381469728,243000,0,0,-0.00767017462754549,2.284768190310443,10.675500059127808,11.197001551626194,10.153998566629422,10.889999866485596,10.820000171661377,10.90499997138977,10.494999885559082,11.279999732971191
2018-05-04,10.270000457763672,10.520000457763672,10.25,10.399999618530272,150600,0,0,0.004830843982388755,2.2958055489737577,10.673000049591064,11.199311179454257,10.14668891972787,10.889999866485596,10.820000171661377,10.877500057220459,10.494999885559082,11.18000030517578
2018-05-07,10.420000076293944,10.579999923706056,10.300000190734863,10.550000190734863,203400,0,0,0.014423132471786504,2.3289182565360687,10.681500053405761,11.193762098115814,10.169238008695709,10.889999866485596,10.820000171661377,10.877500057220459,10.494999885559082,11.140000343322754
2018-05-08,10.609999656677246,11.15999984741211,10.609999656677246,11.15999984741211,278200,0,0,0.057819871625495844,2.463576011155258,10.712500047683715,11.2609266569352,10.164073438432231,10.889999866485596,10.820000171661377,10.875,10.494999885559082,11.25
2018-05-09,11.170000076293944,11.399999618530272,11.09000015258789,11.220000267028809,289800,0,0,0.0053763817595939845,2.476821136285006,10.744000053405761,11.332048011675555,10.155952095135968,10.889999866485596,10.860000133514404,10.6875,10.494999885559082,11.31999969482422
2018-05-10,11.229999542236328,11.229999542236328,11.0,11.130000114440918,323700,0,0,-0.008021403783061043,2.456953553852444,10.765000057220458,11.376480875011312,10.153519239429604,10.774999618530272,10.889999866485596,10.670000076293945,10.494999885559082,11.289999961853027
2018-05-11,11.079999923706056,11.239999771118164,10.93000030517578,11.140000343322754,366300,0,0,0.0008984931517530548,2.4591611097947554,10.789000082015992,11.41970076636847,10.158299397663514,10.794999599456787,10.889999866485596,10.620000123977661,10.494999885559082,11.239999771118164
2018-05-14,11.140000343322754,11.229999542236328,10.90999984741211,10.949999809265137,235400,0,0,-0.01705570271113166,2.4172183889873193,10.806500053405761,11.434642947222628,10.178357159588895,10.794999599456787,10.889999866485596,10.620000123977661,10.494999885559082,11.15999984741211
2018-05-15,10.9399995803833,11.140000343322754,10.84000015258789,11.0600004196167,244000,0,0,0.010045718015308847,2.441501083304505,10.825500059127808,11.460213695811866,10.19078642244375,10.809999942779541,10.889999866485596,10.620000123977661,10.494999885559082,10.850000381469728
2018-05-16,11.06999969482422,11.100000381469728,10.970000267028809,11.06999969482422,245300,0,0,0.0009040935649320403,2.4437084287226956,10.84500002861023,11.484632945598541,10.205367111621918,10.824999809265137,10.889999866485596,10.59500002861023,10.494999885559082,10.850000381469728
2018-05-17,11.09000015258789,11.779999732971191,11.020000457763672,11.770000457763672,581600,0,0,0.06323403633576774,2.5982339762985682,10.887500047683716,11.644921580855746,10.130078514511686,11.039999961853027,10.964999675750732,10.59500002861023,10.494999885559082,10.739999771118164
2018-05-18,11.8100004196167,12.0,11.640000343322754,11.65999984741211,423600,0,0,-0.009345845885588289,2.5739512819813823,10.909500026702881,11.728056450287754,10.090943603118008,11.304999828338623,11.074999809265137,10.59500002861023,10.570000171661377,10.609999656677246
2018-05-21,11.6899995803833,11.800000190734863,11.479999542236328,11.529999732971191,342700,0,0,-0.011149238091094027,2.5452536863036954,10.932000017166137,11.792207392432875,10.0717926418994,11.420000076293945,11.074999809265137,10.542500019073486,10.570000171661377,10.550000190734863
2018-05-22,11.579999923706056,11.630000114440918,11.43000030517578,11.4399995803833,471900,0,0,-0.007805737612510577,2.5253861038711336,10.957000017166138,11.845591124447699,10.068408909884576,11.420000076293945,11.074999809265137,10.5625,10.570000171661377,10.5600004196167
2018-05-23,11.4399995803833,11.460000038146973,11.239999771118164,11.31999969482422,197600,0,0,-0.01048950087068623,2.4988960641357583,10.980000019073486,11.881218546122824,10.078781492024149,11.420000076293945,11.074999809265137,10.622499942779541,10.570000171661377,10.460000038146973
2018-05-24,11.329999923706056,11.460000038146973,11.079999923706056,11.449999809265137,233300,0,0,0.011484109359150896,2.527593659813445,11.00750002861023,11.93081270850703,10.084187348713428,11.420000076293945,11.074999809265137,10.622499942779541,10.570000171661377,10.520000457763672
2018-05-25,11.4399995803833,11.649999618530272,11.359999656677246,11.479999542236328,149100,0,0,0.002620064058596494,2.5342161171162587,11.03600001335144,11.980690248455124,10.091309778247757,11.420000076293945,11.074999809265137,10.682499885559082,10.570000171661377,10.550000190734863
2018-05-29,11.399999618530272,11.43000030517578,11.109999656677246,11.31999969482422,191800,0,0,-0.013937269494083915,2.4988960641357587,11.084499979019165,11.981208377633648,10.187791580404683,11.485000133514404,11.074999809265137,10.75249981880188,10.570000171661377,10.609999656677246
2018-05-30,11.359999656677246,11.579999923706056,11.199999809265137,11.529999732971191,171300,0,0,0.018551240619113063,2.545253686303696,11.147999954223632,11.978939527470185,10.317060380977079,11.510000228881836,11.074999809265137,10.775000095367432,10.684999942779541,10.68000030517578
2018-05-31,11.520000457763672,11.539999961853027,11.279999732971191,11.31999969482422,164400,0,0,-0.018213360191714045,2.4988960641357587,11.192499923706055,11.956830351124589,10.428169496287522,11.539999961853027,11.074999809265137,10.775000095367432,10.690000057220459,10.890000343322754
2018-06-01,11.420000076293944,11.5600004196167,11.359999656677246,11.479999542236328,173300,0,0,0.014134262519924112,2.5342161171162587,11.248999881744385,11.915700127499228,10.582299635989543,11.440000057220459,11.074999809265137,10.775000095367432,10.690000057220459,10.68000030517578
2018-06-04,11.550000190734863,11.600000381469728,11.359999656677246,11.390000343322754,173800,0,0,-0.00783965178591306,2.5143487452078186,11.298499917984008,11.839667357951441,10.757332478016576,11.364999771118164,11.074999809265137,10.792500019073486,10.690000057220459,10.829999923706056
2018-06-05,11.399999618530272,11.460000038146973,11.279999732971191,11.43000030517578,190700,0,0,0.003511849047175497,2.5231787584529437,11.342499923706054,11.761131893503999,10.92386795390811,11.364999771118164,11.074999809265137,10.957500219345093,10.820000171661377,10.56999969482422
2018-06-06,11.479999542236328,11.5600004196167,11.43000030517578,11.489999771118164,147700,0,0,0.005249296967666295,2.5364236730585707,11.358999919891357,11.773507461208796,10.944492378573917,11.364999771118164,11.09499979019165,10.855000019073486,10.820000171661377,10.510000228881836
2018-06-07,11.529999732971191,11.609999656677246,11.239999771118164,11.43000030517578,285700,0,0,-0.005221885738692755,2.5231787584529437,11.369499921798706,11.779967263675474,10.959032579921939,11.37999963760376,11.09499979019165,10.855000019073486,10.820000171661377,10.630000114440918
2018-06-08,11.449999809265137,11.729999542236328,11.34000015258789,11.489999771118164,225900,0,0,0.005249296967666295,2.5364236730585707,11.387499904632568,11.78563489143868,10.989364917826457,11.419999599456787,11.110000133514404,10.855000019073486,10.820000171661377,10.630000114440918
2018-06-11,11.4399995803833,11.510000228881836,11.1899995803833,11.279999732971191,209500,0,0,-0.018276766086178675,2.490066050890633,11.39449987411499,11.779551245088353,11.009448503141627,11.459999561309814,11.125,10.855000019073486,10.820000171661377,10.8100004196167
2018-06-12,11.260000228881836,11.300000190734863,11.15999984741211,11.18000030517578,126200,0,0,-0.00886519770945704,2.467991123039881,11.405999898910522,11.748175083942536,11.063824713878509,11.444999694824219,11.150000095367432,10.855000019073486,10.820000171661377,10.760000228881836
2018-06-13,11.140000343322754,11.229999542236328,11.050000190734863,11.140000343322754,156400,0,0,-0.0035778140215709797,2.4591611097947563,11.409999895095826,11.737291791059473,11.082707999132179,11.389999866485596,11.304999828338623,10.855000019073486,10.820000171661377,10.729999542236328
2018-06-14,11.199999809265137,11.279999732971191,10.899999618530272,11.25,205400,0,0,0.00987429562721509,2.48344359358782,11.418999910354614,11.716649620838913,11.121350199870315,11.3149995803833,11.420000076293945,10.855000019073486,10.820000171661377,10.899999618530272
2018-06-15,11.239999771118164,11.380000114440918,11.039999961853027,11.31999969482422,838200,0,0,0.0062221950954861605,2.4988960641357587,11.396499872207642,11.648729567929017,11.144270176486266,11.3149995803833,11.420000076293945,10.875,10.820000171661377,10.890000343322754
2018-06-18,11.289999961853027,11.479999542236328,11.199999809265137,11.289999961853027,456100,0,0,-0.0026501531607734385,2.492273606832945,11.377999877929687,11.602701114169072,11.153298641690302,11.3149995803833,11.420000076293945,10.832499742507935,10.820000171661377,10.75
2018-06-19,11.210000038146973,11.31999969482422,11.06999969482422,11.239999771118164,538500,0,0,-0.004428714871904771,2.4812360376455085,11.363499879837036,11.584451378274325,11.142548381399747,11.3149995803833,11.420000076293945,10.842499732971191,10.820000171661377,10.640000343322754
2018-06-20,11.279999732971191,11.3100004196167,11.06999969482422,11.15999984741211,251000,0,0,-0.007117431079635694,2.4635760111552583,11.349499893188476,11.584482558618603,11.114517227758348,11.3149995803833,11.420000076293945,10.842499732971191,10.820000171661377,9.8100004196167
2018-06-21,11.15999984741211,11.1899995803833,10.630000114440918,10.850000381469728,555000,0,0,-0.027777730302950387,2.3951434611365694,11.325999927520751,11.647331445878578,11.004668409162925,11.070000171661377,11.315000057220459,10.849999904632568,10.820000171661377,9.850000381469728
2018-06-22,10.93000030517578,11.0,10.770000457763672,10.850000381469728,629200,0,0,0.0,2.3951434611365694,11.29599995613098,11.673249046917427,10.918750865344535,11.054999828338623,11.315000057220459,10.857499837875366,10.820000171661377,9.710000038146973
2018-06-25,10.8100004196167,10.859999656677246,10.640000343322754,10.739999771118164,246400,0,0,-0.010138304745079041,2.3708607668193835,11.258999967575074,11.697679489371403,10.820320445778744,11.054999828338623,11.315000057220459,11.00249981880188,10.894999980926514,9.90999984741211
2018-06-26,10.760000228881836,10.760000228881836,10.550000190734863,10.609999656677246,157700,0,0,-0.012104293967539204,2.342163171141696,11.223499965667724,11.744799962220497,10.70219996911495,11.014999866485596,11.175000190734863,11.18999981880188,11.005000114440918,10.100000381469728
2018-06-27,10.609999656677246,10.65999984741211,10.470000267028809,10.550000190734863,287100,0,0,-0.005654992260496705,2.3289182565360695,11.174499988555908,11.753087916704521,10.595912060407295,10.974999904632568,11.099999904632568,11.247499942779541,11.005000114440918,10.06999969482422
2018-06-28,10.539999961853027,10.670000076293944,10.43000030517578,10.5600004196167,198600,0,0,0.0009478889764018561,2.331125812478381,11.136500024795533,11.76974018137472,10.503259868216345,10.954999923706055,11.079999923706055,11.247499942779541,11.005000114440918,9.960000038146973
2018-06-29,10.550000190734863,10.59000015258789,10.449999809265137,10.460000038146973,440100,0,0,-0.00946973271743079,2.3090506741035073,11.085500049591065,11.76310683063688,10.40789326854525,10.875,11.079999923706055,11.247499942779541,11.005000114440918,9.729999542236328
2018-07-02,10.399999618530272,10.56999969482422,10.399999618530272,10.520000457763672,207300,0,0,0.0057361777627038535,2.322295799233256,11.04200005531311,11.747273140991755,10.336726969634466,10.855000019073486,11.0649995803833,11.247499942779541,11.005000114440918,10.029999732971191
2018-07-03,10.520000457763672,10.619999885559082,10.5,10.550000190734863,91200,0,0,0.0028516855195621638,2.3289182565360695,10.998000049591065,11.710801327235131,10.285198771946998,10.794999599456787,11.0649995803833,11.247499942779541,11.005000114440918,10.029999732971191
2018-07-05,10.600000381469728,10.68000030517578,10.529999732971191,10.609999656677246,137700,0,0,0.005687153067075235,2.342163171141696,10.95400004386902,11.64808405850515,10.259916029232889,10.699999809265137,11.0649995803833,11.27999997138977,11.005000114440918,10.010000228881836
2018-07-06,10.600000381469728,10.75,10.600000381469728,10.68000030517578,113300,0,0,0.006597610816554411,2.357615852213756,10.916500043869018,11.583908656274243,10.249091431463793,10.62999963760376,11.0649995803833,11.292500019073486,11.005000114440918,9.93000030517578
2018-07-09,10.699999809265137,10.899999618530272,10.6899995803833,10.890000343322754,177700,0,0,0.019662924358270217,2.403973474381694,10.886500072479247,11.499228664198185,10.27377148076031,10.649999618530272,11.0649995803833,11.307499885559082,11.005000114440918,9.960000038146973
2018-07-10,10.869999885559082,10.899999618530272,10.600000381469728,10.68000030517578,164300,0,0,-0.019283749451462273,2.357615852213756,10.856500101089477,11.447356512724511,10.265643689454443,10.649999618530272,11.0649995803833,11.257499933242798,11.005000114440918,9.6899995803833
2018-07-11,10.619999885559082,10.960000038146973,10.619999885559082,10.829999923706056,345700,0,0,0.01404490770075939,2.3907283492519453,10.83900008201599,11.410712654343982,10.267287509688,10.679999828338623,11.0649995803833,11.21999979019165,11.005000114440918,9.65999984741211
2018-07-12,10.890000343322754,10.90999984741211,10.449999809265137,10.56999969482422,279800,0,0,-0.02400740819145486,2.333333157896571,10.810500049591065,11.376081842257921,10.244918256924208,10.679999828338623,11.0649995803833,11.21999979019165,11.005000114440918,9.619999885559082
2018-07-13,10.550000190734863,10.579999923706056,10.369999885559082,10.510000228881836,154900,0,0,-0.005676392400632224,2.3200882432909435,10.773500061035156,11.315302236736803,10.231697885333508,10.664999961853027,11.049999713897705,11.229999780654907,11.005000114440918,9.649999618530272
2018-07-16,10.5,10.640000343322754,10.479999542236328,10.630000114440918,190100,0,0,0.011417686293604179,2.346578283026319,10.739000082015991,11.22119686125838,10.256803302773603,10.664999961853027,11.049999713897705,11.237499713897705,11.005000114440918,9.800000190734863
2018-07-17,10.65999984741211,10.789999961853027,10.630000114440918,10.630000114440918,110600,0,0,0.0,2.346578283026319,10.706000089645386,11.117251060820632,10.29474911847014,10.664999961853027,10.940000057220459,11.264999866485596,11.005000114440918,9.779999732971191
2018-07-18,10.600000381469728,10.81999969482422,10.600000381469728,10.8100004196167,514300,0,0,0.01693323642877953,2.386313447891443,10.684500122070313,11.018849561572326,10.3501506825683,10.664999961853027,10.924999713897705,11.292499780654907,11.005000114440918,9.600000381469728
2018-07-19,10.789999961853027,10.899999618530272,10.720000267028809,10.760000228881836,109100,0,0,-0.004625364365770879,2.3752758787040062,10.6645001411438,10.920643716241617,10.408356566045981,10.664999961853027,10.924999713897705,11.297499895095825,11.005000114440918,9.81999969482422
2018-07-20,10.75,10.770000457763672,10.630000114440918,10.729999542236328,142100,0,0,-0.002788167844548939,2.368653210877071,10.65850009918213,10.902167847907231,10.414832350457027,10.664999961853027,10.924999713897705,11.34749984741211,11.005000114440918,9.850000381469728
2018-07-23,10.729999542236328,11.0,10.729999542236328,10.899999618530272,123400,0,0,0.015843437422786044,2.406180819799883,10.661000061035157,10.913440216640232,10.408559905430081,10.684999942779541,10.924999713897705,11.367499828338623,11.005000114440918,9.899999618530272
2018-07-24,10.899999618530272,11.020000457763672,10.81999969482422,10.890000343322754,146000,0,0,-0.000917364730042669,2.4039734743816936,10.668500089645386,10.938388504282075,10.398611675008697,10.695000171661377,10.924999713897705,11.367499828338623,11.045000076293945,9.920000076293944
2018-07-25,10.850000381469728,10.859999656677246,10.649999618530272,10.75,125500,0,0,-0.012855862158773546,2.3730683227616947,10.675500106811523,10.946226253697066,10.40477395992598,10.695000171661377,10.84499979019165,11.367499828338623,11.074999809265137,9.90999984741211
2018-07-26,10.760000228881836,10.949999809265137,10.600000381469728,10.640000343322754,197500,0,0,-0.010232526202534564,2.348785838968631,10.680000114440919,10.945105819741952,10.414894409139885,10.75,10.84000015258789,11.367499828338623,11.074999809265137,10.029999732971191
2018-07-27,10.3100004196167,10.4399995803833,9.760000228881836,9.8100004196167,663800,0,0,-0.07800750910942689,2.1655629062391926,10.642500114440917,11.105879060543696,10.179121168338138,10.390000343322754,10.474999904632568,11.367499828338623,11.074999809265137,10.109999656677246
2018-07-30,9.8100004196167,9.93000030517578,9.800000190734863,9.850000381469728,246700,0,0,0.004077467904388898,2.174392919484318,10.612000131607056,11.187508963021726,10.036491300192386,10.390000343322754,10.390000343322754,11.192500114440918,11.074999809265137,10.119999885559082
2018-07-31,9.869999885559082,9.869999885559082,9.510000228881836,9.710000038146973,332400,0,0,-0.014213232274196685,2.1434877678643187,10.571500110626221,11.26961790981591,9.873382311436533,10.265000343322754,10.265000343322754,11.184999942779541,11.074999809265137,10.0
2018-08-01,9.710000038146973,9.949999809265137,9.68000030517578,9.90999984741211,183700,0,0,0.02059730262403825,2.1876378340899443,10.539500093460083,11.295548207354953,9.783451979565212,10.265000343322754,10.265000343322754,11.184999942779541,11.074999809265137,10.06999969482422
2018-08-02,9.899999618530272,10.100000381469728,9.75,10.100000381469728,113400,0,0,0.019172607162777577,2.2295805548973804,10.514000129699706,11.293120968986452,9.73487929041296,10.265000343322754,10.265000343322754,11.09500002861023,11.074999809265137,10.0600004196167
2018-08-03,10.079999923706056,10.170000076293944,9.869999885559082,10.06999969482422,187000,0,0,-0.0029703649022181366,2.222957887070445,10.483500099182129,11.281970447268273,9.685029751095984,10.265000343322754,10.265000343322754,11.037499904632568,11.074999809265137,10.109999656677246
2018-08-06,10.039999961853027,10.210000038146973,9.75,9.960000038146973,264000,0,0,-0.010923501490649024,2.198675403277381,10.43700008392334,11.243728921058427,9.630271246788254,10.230000019073486,10.265000343322754,11.017499923706055,11.074999809265137,10.0600004196167
2018-08-07,9.93000030517578,9.9399995803833,9.710000038146973,9.729999542236328,289600,0,0,-0.023092419179692625,2.1479026692248198,10.389500045776368,11.244375975450241,9.534624116102494,10.230000019073486,10.265000343322754,10.977499961853027,11.074999809265137,9.93000030517578
2018-08-08,9.710000038146973,10.079999923706056,9.710000038146973,10.029999732971191,258100,0,0,0.03083249792896825,2.214127873825319,10.349500036239624,11.192851077156782,9.506148995322466,9.974999904632568,10.265000343322754,10.959999799728394,11.074999809265137,10.06999969482422
2018-08-09,10.039999961853027,10.15999984741211,9.960000038146973,10.029999732971191,271600,0,0,0.0,2.214127873825319,10.322500038146973,11.170498962081364,9.474501114212583,9.860000133514404,10.265000343322754,10.929999589920044,11.074999809265137,9.960000038146973
2018-08-10,10.039999961853027,10.100000381469728,9.93000030517578,10.010000228881836,169100,0,0,-0.0019939685565106835,2.2097129724648177,10.297500038146973,11.151438917759277,9.443561158534669,9.860000133514404,10.265000343322754,10.882499694824219,11.074999809265137,9.729999542236328
2018-08-13,10.020000457763672,10.140000343322754,9.920000076293944,9.93000030517578,189800,0,0,-0.007992000187495796,2.192052945974567,10.262500047683716,11.116438899635025,9.408561195732407,9.945000171661377,10.265000343322754,10.84749960899353,11.074999809265137,9.760000228881836
2018-08-14,9.93000030517578,10.039999961853027,9.93000030517578,9.960000038146973,264300,0,0,0.0030211210522881338,2.198675403277381,10.229000043869018,11.075089908344678,9.382910179393358,9.960000038146973,10.265000343322754,10.857499599456787,11.074999809265137,9.920000076293944
2018-08-15,9.899999618530272,9.989999771118164,9.65999984741211,9.6899995803833,199800,0,0,-0.027108479591321788,2.139072655979695,10.173000001907349,11.005871982390534,9.340128021424164,9.934999942779541,10.265000343322754,10.857499599456787,11.074999809265137,9.760000228881836
2018-08-16,9.75,9.869999885559082,9.649999618530272,9.65999984741211,178700,0,0,-0.00309594780911282,2.1324501986768816,10.117999982833862,10.933466119007786,9.302533846659937,9.929999828338623,10.265000343322754,10.872499704360962,11.074999809265137,9.81999969482422
2018-08-17,9.649999618530272,9.760000228881836,9.579999923706056,9.619999885559082,156800,0,0,-0.004140782865927561,2.1236201854317565,10.0625,10.854298091089884,9.270701908910116,9.869999885559082,10.265000343322754,10.872499704360962,11.074999809265137,9.850000381469728
2018-08-20,9.630000114440918,9.729999542236328,9.539999961853027,9.649999618530272,93500,0,0,0.003118475397928311,2.1302426427345695,10.0,10.709743051639242,9.290256948360758,9.849999904632568,10.265000343322754,10.857499837875366,11.09499979019165,9.68000030517578
2018-08-21,9.649999618530272,9.84000015258789,9.649999618530272,9.800000190734863,114800,0,0,0.015544101361056661,2.163355350296881,9.945499992370605,10.5283012347839,9.36269874995731,9.849999904632568,10.265000343322754,10.857499837875366,11.09499979019165,9.600000381469728
2018-08-22,9.81999969482422,9.880000114440918,9.699999809265137,9.779999732971191,116900,0,0,-0.0020408629973885928,2.1589402384122574,9.896999979019165,10.34957283783472,9.444427120203612,9.84000015258789,10.265000343322754,10.802500009536743,11.110000133514404,9.59000015258789
2018-08-23,9.789999961853027,9.8100004196167,9.529999732971191,9.600000381469728,177100,0,0,-0.018404842169333913,2.1192052840712554,9.844999980926513,10.161392242742863,9.528607719110163,9.835000038146973,10.265000343322754,10.794999837875366,11.125,9.40999984741211
2018-08-24,9.619999885559082,9.899999618530272,9.59000015258789,9.81999969482422,211200,0,0,0.02291659423046921,2.1677702516573825,9.845499944686889,10.16169885036723,9.529301039006548,9.78499984741211,10.265000343322754,10.794999837875366,11.150000095367432,9.399999618530272
2018-08-27,9.779999732971191,9.880000114440918,9.670000076293944,9.850000381469728,152300,0,0,0.0030550598348104696,2.174392919484318,9.845499944686889,10.16169885036723,9.529301039006548,9.759999752044678,10.265000343322754,10.794999837875366,11.184999942779541,9.65999984741211
2018-08-28,9.880000114440918,9.90999984741211,9.829999923706056,9.899999618530272,323600,0,0,0.0050760644796119525,2.1854302781476322,9.854999923706055,10.165652622870896,9.544347224541214,9.71999979019165,10.265000343322754,10.804999828338623,11.184999942779541,9.739999771118164
2018-08-29,9.859999656677246,9.960000038146973,9.859999656677246,9.920000076293944,255600,0,0,0.002020248336801478,2.1898453900322554,9.855499935150146,10.166541285424891,9.5444585848754,9.744999885559082,10.230000019073486,10.809999942779541,11.184999942779541,9.539999961853027
2018-08-30,9.90999984741211,9.960000038146973,9.890000343322754,9.90999984741211,106000,0,0,-0.0010080875811414591,2.187637834089944,9.845999908447265,10.137367953139067,9.554631863755462,9.744999885559082,10.230000019073486,10.769999980926514,11.184999942779541,9.5
2018-08-31,9.899999618530272,10.09000015258789,9.890000343322754,10.029999732971191,241400,0,0,0.012108969465869146,2.214127873825319,9.843999910354615,10.129621051770462,9.558378768938768,9.809999942779541,9.974999904632568,10.795000076293945,11.184999942779541,9.5
2018-09-04,10.0,10.149999618530272,9.970000267028809,10.109999656677246,108900,0,0,0.007976064390418092,2.2317879003155694,9.851499891281128,10.156356247592774,9.546643534969482,9.839999675750732,9.860000133514404,10.432500123977661,10.880000114440918,9.470000267028809
2018-09-05,10.109999656677246,10.140000343322754,10.050000190734863,10.119999885559082,118800,0,0,0.0009891423562247148,2.2339954562578814,9.870999908447265,10.191922405453537,9.550077411440993,9.839999675750732,9.860000133514404,10.390000343322754,10.880000114440918,9.329999923706056
2018-09-06,10.09000015258789,10.140000343322754,9.970000267028809,10.0,165800,0,0,-0.011857696335581758,2.207505416522506,9.869499921798706,10.187674794669038,9.551325048928375,9.869999885559082,9.869999885559082,10.265000343322754,10.755000114440918,9.050000190734863
2018-09-07,10.0,10.130000114440918,9.9399995803833,10.06999969482422,110600,0,0,0.006999969482422097,2.222957887070445,9.871499919891358,10.194205179302818,9.548794660479897,9.909999847412108,9.869999885559082,10.265000343322754,10.755000114440918,9.25
2018-09-10,10.079999923706056,10.1899995803833,10.020000457763672,10.0600004196167,107000,0,0,-0.000992976714056959,2.220750541652255,9.8739999294281,10.201748658267528,9.546251200588673,10.009999752044678,9.869999885559082,10.265000343322754,10.65500020980835,9.510000228881836
2018-09-11,10.029999732971191,10.18000030517578,10.0,10.109999656677246,160500,0,0,0.004970102880219596,2.23178790031557,9.882999897003174,10.22610152752543,9.539898266480918,10.024999618530273,9.869999885559082,10.265000343322754,10.619999885559082,9.630000114440918
2018-09-12,10.119999885559082,10.170000076293944,10.0,10.0600004196167,205200,0,0,-0.004945523121509199,2.220750541652255,9.88799991607666,10.23836155638822,9.5376382757651,10.039999961853027,9.859999656677246,10.24750018119812,10.619999885559082,9.539999961853027
2018-09-13,10.06999969482422,10.119999885559082,9.90999984741211,9.93000030517578,200300,0,0,-0.012922476045569842,2.1920529459745675,9.899999952316284,10.23852761091485,9.561472293717717,10.039999961853027,9.859999656677246,10.24750018119812,10.619999885559082,9.380000114440918
2018-09-14,9.920000076293944,10.140000343322754,9.920000076293944,10.06999969482422,124200,0,0,0.014098628937148083,2.222957887070445,9.92049994468689,10.24775933507609,9.59324055429769,10.049999713897705,9.859999656677246,10.120000123977661,10.619999885559082,9.1899995803833
2018-09-17,10.100000381469728,10.100000381469728,9.90999984741211,9.960000038146973,141400,0,0,-0.010923501490649024,2.198675403277381,9.937499952316283,10.234127248437511,9.640872656195056,10.049999713897705,9.859999656677246,10.062500238418579,10.619999885559082,9.06999969482422
2018-09-18,10.010000228881836,10.029999732971191,9.6899995803833,9.729999542236328,218100,0,0,-0.023092419179692625,2.1479026692248198,9.941499948501587,10.224194739295072,9.658805157708102,9.9399995803833,9.859999656677246,10.062500238418579,10.619999885559082,8.670000076293945
2018-09-19,9.75,9.84000015258789,9.699999809265137,9.760000228881836,242600,0,0,0.003083318402563151,2.154525337051755,9.939499950408935,10.226749756147395,9.652250144670475,9.9399995803833,9.859999656677246,10.105000257492065,10.619999885559082,8.930000305175781
2018-09-20,9.8100004196167,10.0,9.8100004196167,9.920000076293944,133200,0,0,0.01639342660450316,2.1898453900322554,9.946499967575074,10.224434170243912,9.668565764906235,9.9399995803833,9.859999656677246,10.112500190734863,10.619999885559082,9.109999656677246
2018-09-21,9.899999618530272,10.029999732971191,9.729999542236328,9.760000228881836,486500,0,0,-0.016129016752173486,2.1545253370517554,9.954499959945679,10.19892978413164,9.710070135759718,9.934999942779541,9.859999656677246,10.100000143051147,10.619999885559082,9.619999885559082
2018-09-24,9.729999542236328,9.859999656677246,9.68000030517578,9.81999969482422,155400,0,0,0.006147486120423817,2.1677702516573825,9.954499959945679,10.19892978413164,9.710070135759718,9.925000190734862,9.859999656677246,10.097500085830688,10.619999885559082,10.0
2018-09-25,9.8100004196167,9.899999618530272,9.789999961853027,9.850000381469728,128300,0,0,0.0030550598348104696,2.174392919484318,9.954499959945679,10.19892978413164,9.710070135759718,9.910000324249268,9.859999656677246,10.067500114440918,10.619999885559082,10.5
2018-09-26,9.850000381469728,10.010000228881836,9.670000076293944,9.68000030517578,172300,0,0,-0.017258890325909104,2.1368653105615047,9.943499994277953,10.215329116594278,9.671670871961629,9.90500020980835,9.859999656677246,10.057500123977661,10.619999885559082,10.5600004196167
2018-09-27,9.6899995803833,9.729999542236328,9.56999969482422,9.600000381469728,92900,0,0,-0.008264454667762378,2.1192052840712554,9.927500009536743,10.238306930944308,9.616693088129178,9.835000038146974,9.859999656677246,10.057500123977661,10.619999885559082,10.350000381469728
2018-09-28,9.56999969482422,9.630000114440918,9.460000038146973,9.59000015258789,212600,0,0,-0.0010416904671316507,2.1169977281289434,9.911500024795533,10.255788331021579,9.567211718569487,9.744999885559082,9.824999809265137,10.052500247955322,10.510000228881836,10.100000381469728
2018-10-01,9.640000343322754,9.670000076293944,9.390000343322754,9.40999984741211,150900,0,0,-0.018769583139913504,2.0772625632638193,9.880500030517577,10.283811721312667,9.477188339722488,9.710000038146973,9.789999961853027,10.050000190734863,10.494999885559082,10.4399995803833
2018-10-02,9.399999618530272,9.470000267028809,9.34000015258789,9.399999618530272,94000,0,0,-0.00106272359659898,2.0750550073215073,9.84500002861023,10.284995976944408,9.40500408027605,9.684999942779541,9.764999866485596,10.025000095367432,10.494999885559082,10.520000457763672
2018-10-03,9.40999984741211,9.729999542236328,9.34000015258789,9.65999984741211,100500,0,0,0.02765959993969558,2.1324501986768825,9.82200002670288,10.249886290582591,9.39411376282317,9.684999942779541,9.764999866485596,10.012500047683716,10.494999885559082,10.6899995803833
2018-10-04,9.68000030517578,9.869999885559082,9.5600004196167,9.739999771118164,152900,0,0,0.008281565731855123,2.1501102251671327,9.809000015258789,10.2301373020508,9.387862728466779,9.675000190734863,9.764999866485596,9.992500066757202,10.494999885559082,10.520000457763672
2018-10-05,9.789999961853027,9.800000190734863,9.529999732971191,9.539999961853027,110800,0,0,-0.020533861803384457,2.105960158941507,9.78250002861023,10.201277044488009,9.36372301273245,9.675000190734863,9.764999866485596,9.987499952316284,10.494999885559082,10.449999809265137
2018-10-08,9.539999961853027,9.600000381469728,9.399999618530272,9.5,92500,0,0,-0.004192868135531769,2.097130145696382,9.754500007629394,10.170156047218322,9.338843968040466,9.675000190734863,9.764999866485596,9.987499952316284,10.414999961853027,10.449999809265137
2018-10-09,9.520000457763672,9.609999656677246,9.470000267028809,9.5,146400,0,0,0.0,2.097130145696382,9.724000024795533,10.119665755035646,9.32833429455542,9.605000019073486,9.764999866485596,9.892499923706055,10.410000324249268,10.229999542236328
2018-10-10,9.5,9.739999771118164,9.460000038146973,9.470000267028809,213800,0,0,-0.0031578666285464463,2.0905076883935685,9.694500017166138,10.072984171675488,9.316015862656789,9.605000019073486,9.764999866485596,9.849999904632568,10.349999904632568,10.34000015258789
2018-10-11,9.449999809265137,9.710000038146973,9.329999923706056,9.329999923706056,135400,0,0,-0.014783562764003721,2.05960253677357,9.664499998092651,10.058530823881538,9.270469172303764,9.599999904632568,9.759999752044678,9.849999904632568,10.265000343322754,10.210000038146973
2018-10-12,9.43000030517578,9.4399995803833,8.84000015258789,9.050000190734863,273400,0,0,-0.030010689738566687,1.9977924440576935,9.613500022888184,10.046911097200951,9.180088948575417,9.355000019073486,9.514999866485596,9.869999885559082,10.265000343322754,10.130000114440918
2018-10-15,9.0600004196167,9.3100004196167,9.010000228881836,9.25,155900,0,0,0.022099425972376352,2.0419425102833193,9.578000020980834,10.008336402523044,9.147663639438624,9.355000019073486,9.514999866485596,9.889999866485596,10.265000343322754,9.789999961853027
2018-10-16,9.289999961853027,9.529999732971191,9.149999618530272,9.510000228881836,151000,0,0,0.02810813285209046,2.099337701638694,9.56700005531311,9.99239830171596,9.141601808910261,9.355000019073486,9.510000228881836,9.93999981880188,10.265000343322754,9.899999618530272
2018-10-17,9.460000038146973,9.649999618530272,9.380000114440918,9.630000114440918,146000,0,0,0.012618284192532636,2.1258277413740694,9.560500049591065,9.977709756947538,9.143290342234591,9.320000171661377,9.505000114440918,9.947499752044678,10.265000343322754,9.869999885559082
2018-10-18,9.59000015258789,9.640000343322754,9.520000457763672,9.539999961853027,140000,0,0,-0.009345810126515808,2.1059601589415076,9.541500043869018,9.924329091720171,9.158670996017864,9.289999961853027,9.490000247955322,9.949999809265137,10.265000343322754,9.829999923706056
2018-10-19,9.510000228881836,9.600000381469728,9.359999656677246,9.380000114440918,197900,0,0,-0.016771472542126853,2.070640105961007,9.522500038146973,9.897625118677919,9.147374957616027,9.289999961853027,9.490000247955322,9.949999809265137,10.265000343322754,9.6899995803833
2018-10-22,9.369999885559082,9.470000267028809,9.109999656677246,9.1899995803833,114700,0,0,-0.02025592022809286,2.028697385153571,9.491000032424926,9.866719016809318,9.115281048040535,9.289999961853027,9.470000267028809,9.954999685287476,10.265000343322754,9.90999984741211
2018-10-23,9.079999923706056,9.270000457763672,8.90999984741211,9.06999969482422,183000,0,0,-0.013057659525385401,2.002207345418196,9.451999998092651,9.832515477881035,9.071484518304267,9.275000095367432,9.434999942779541,9.954999685287476,10.265000343322754,9.829999923706056
2018-10-24,9.09000015258789,9.539999961853027,8.640000343322754,8.670000076293945,178300,0,0,-0.044101392722045385,1.9139072129669443,9.40149998664856,9.899106655256219,8.9038933180409,9.144999980926514,9.335000038146973,9.899999618530273,10.265000343322754,9.949999809265137
2018-10-25,8.720000267028809,8.970000267028809,8.710000038146973,8.930000305175781,123300,0,0,0.029988492110022635,1.9713024043223188,9.367999982833862,9.897203759351122,8.838796206316601,9.144999980926514,9.335000038146973,9.899999618530273,10.265000343322754,9.880000114440918
2018-10-26,9.15999984741211,9.699999809265137,8.680000305175781,9.109999656677246,374700,0,0,0.02015670160695726,2.0110373586633212,9.34399995803833,9.874302949189964,8.813696966886695,9.170000076293945,9.335000038146973,9.899999618530273,10.265000343322754,9.229999542236328
2018-10-29,9.170000076293944,9.720000267028809,9.119999885559082,9.619999885559082,232900,0,0,0.05598246411656316,2.1236201854317587,9.354499959945679,9.897912029498906,8.811087890392452,9.180000305175781,9.325000286102295,9.897499799728394,10.265000343322754,9.220000267028809
2018-10-30,9.649999618530272,10.050000190734863,9.649999618530272,10.0,271800,0,0,0.03950105186709507,2.2075054165225088,9.384499979019164,9.997268315920259,8.77173164211807,9.345000267028809,9.345000267028809,9.892499923706055,10.265000343322754,9.1899995803833
2018-10-31,10.100000381469728,10.520000457763672,10.0600004196167,10.5,249200,0,0,0.050000000000000044,2.317880687348634,9.42649998664856,10.204059039224628,8.648940934072492,9.580000400543213,9.580000400543213,9.884999990463257,10.265000343322754,8.760000228881836
2018-11-01,10.5,10.630000114440918,10.390000343322754,10.5600004196167,166000,0,0,0.0057143256777809626,2.331125812478383,9.467500019073487,10.382763141498623,8.55223689664835,9.635000228881836,9.635000228881836,9.882499933242798,10.265000343322754,8.65999984741211
2018-11-02,10.5600004196167,10.75,10.289999961853027,10.350000381469728,107300,0,0,-0.019886366458553018,2.2847681903104458,9.508000040054322,10.501719089427594,8.51428099068105,9.695000171661377,9.695000171661377,9.84749984741211,10.265000343322754,8.850000381469727
2018-11-05,10.369999885559082,10.479999542236328,9.970000267028809,10.100000381469728,175600,0,0,-0.024154588481715478,2.229580554897383,9.538000059127807,10.564978835498028,8.511021282757586,9.695000171661377,9.695000171661377,9.78499984741211,10.240000247955322,8.449999809265137
2018-11-06,10.039999961853027,10.460000038146973,10.039999961853027,10.4399995803833,153100,0,0,0.03366328574970767,2.3046355622188854,9.585000038146973,10.684983088725266,8.48501698756868,9.71500015258789,9.695000171661377,9.75,10.205000400543213,8.300000190734863
2018-11-07,10.4399995803833,10.59000015258789,10.350000381469728,10.520000457763672,135300,0,0,0.007662919597304585,2.322295799233258,9.637500047683716,10.809209192016919,8.465790903350513,9.71500015258789,9.695000171661377,9.724999904632568,10.180000305175781,8.270000457763672
2018-11-08,10.5,10.6899995803833,10.460000038146973,10.6899995803833,98600,0,0,0.016159611713150834,2.3598231976319486,9.705500030517578,10.954124075721676,8.45687598531348,9.934999942779541,9.695000171661377,9.724999904632568,10.180000305175781,8.050000190734863
2018-11-09,10.640000343322754,10.75,10.40999984741211,10.520000457763672,125800,0,0,-0.01590263136507375,2.3222957992332582,9.779000043869019,11.037759101637725,8.520240986100312,10.199999809265137,9.695000171661377,9.72000002861023,10.180000305175781,7.760000228881836
2018-11-12,10.520000457763672,10.59000015258789,10.449999809265137,10.449999809265137,98800,0,0,-0.006654053750242528,2.306843118161198,9.839000034332276,11.10563721257699,8.572362856087562,10.360000133514404,9.695000171661377,9.72000002861023,10.144999980926514,7.880000114440918
2018-11-13,10.470000267028809,10.59000015258789,10.34000015258789,10.449999809265137,91100,0,0,0.0,2.306843118161198,9.88600001335144,11.170146957551422,8.601853069151458,10.360000133514404,9.695000171661377,9.72000002861023,10.144999980926514,7.920000076293945
2018-11-14,10.520000457763672,10.539999961853027,10.149999618530272,10.229999542236328,134100,0,0,-0.021052657516199447,2.2582779400509487,9.91599998474121,11.2028836313285,8.62911633815392,10.360000133514404,9.695000171661377,9.684999942779541,9.889999866485596,7.670000076293945
2018-11-15,10.15999984741211,10.359999656677246,10.0600004196167,10.34000015258789,99700,0,0,0.010752748316107619,2.2825606343681346,9.955999994277954,11.24338632118165,8.66861366737426,10.360000133514404,9.695000171661377,9.684999942779541,9.775000095367432,8.140000343322754
2018-11-16,10.279999732971191,10.380000114440918,10.050000190734863,10.210000038146973,214200,0,0,-0.012572544731382918,2.2538630386904477,9.997499990463258,11.260972195664285,8.73402778526223,10.394999980926514,9.695000171661377,9.679999828338623,9.769999980926514,7.849999904632568
2018-11-19,10.15999984741211,10.359999656677246,10.09000015258789,10.130000114440918,86700,0,0,-0.007835447934099515,2.2362030122001975,10.044500017166138,11.252448660073691,8.836551374258585,10.400000095367432,9.695000171661377,9.434999942779541,9.525000095367432,7.949999809265137
2018-11-20,10.0600004196167,10.09000015258789,9.68000030517578,9.789999961853027,108400,0,0,-0.033563686944405924,2.1611477943545725,10.080500030517578,11.20965264467184,8.951347416363317,10.21500015258789,9.695000171661377,9.434999942779541,9.525000095367432,7.960000038146973
2018-11-21,9.8100004196167,10.039999961853027,9.770000457763672,9.899999618530272,79200,0,0,0.011235920031242186,2.185430278147636,10.142000007629395,11.071526997093875,9.212473018164916,10.21500015258789,9.695000171661377,9.432500123977661,9.525000095367432,8.239999771118164
2018-11-23,9.829999923706056,10.020000457763672,9.68000030517578,9.869999885559082,51300,0,0,-0.00303027617445939,2.1788078208448227,10.18899998664856,10.945995120197276,9.432004853099842,10.135000228881836,9.695000171661377,9.412500143051147,9.525000095367432,8.109999656677246
2018-11-26,9.949999809265137,10.050000190734863,9.8100004196167,9.829999923706056,127500,0,0,-0.00405268108579715,2.169977807599698,10.225,10.823716835290545,9.626283164709454,10.135000228881836,9.695000171661377,9.390000104904175,9.514999866485596,8.449999809265137
2018-11-27,9.789999961853027,9.84000015258789,9.529999732971191,9.6899995803833,131000,0,0,-0.014242151008071802,2.1390726559796986,10.22849998474121,10.813544987842995,9.643454981639426,10.03499984741211,9.695000171661377,9.390000104904175,9.514999866485596,8.529999732971191
2018-11-28,9.6899995803833,9.989999771118164,9.5600004196167,9.90999984741211,131300,0,0,0.022703846909775116,2.187637834089948,10.223999977111816,10.817421897440445,9.630578056783188,9.954999923706055,9.695000171661377,9.380000114440918,9.514999866485596,8.5600004196167
2018-11-29,9.850000381469728,9.93000030517578,9.720000267028809,9.829999923706056,116900,0,0,-0.008072646310579357,2.1699778075996976,10.190499973297118,10.793489639460635,9.587510307133602,9.954999923706055,9.695000171661377,9.355000019073486,9.514999866485596,8.720000267028809
2018-11-30,9.789999961853027,9.989999771118164,9.789999961853027,9.949999809265137,166100,0,0,0.012207516428325516,2.1964678473350725,10.15999994277954,10.746450669093761,9.57354921646532,9.944999694824219,9.71500015258789,9.240000009536743,9.414999961853027,8.529999732971191
2018-12-03,10.0,10.079999923706056,9.789999961853027,9.880000114440918,139500,0,0,-0.007035145343323279,2.181015376787134,10.136499929428101,10.728313946425756,9.544685912430447,9.809999942779541,9.71500015258789,9.240000009536743,9.414999961853027,8.479999542236328
2018-12-04,9.829999923706056,9.829999923706056,9.199999809265137,9.229999542236328,204400,0,0,-0.06578953083760886,2.0375273983986975,10.09299988746643,10.806070970901175,9.379928804031685,9.639999866485596,9.934999942779541,9.252500057220459,9.414999961853027,8.350000381469727
2018-12-06,9.170000076293944,9.34000015258789,8.989999771118164,9.220000267028809,207000,0,0,-0.0010833451466344401,2.0353200529805076,10.031999921798706,10.821412605054423,9.242587238542988,9.53499984741211,9.869999885559082,9.252500295639038,9.414999961853027,8.420000076293945
2018-12-07,9.199999809265137,9.59000015258789,8.270000457763672,9.1899995803833,165600,0,0,-0.003253870474688836,2.0286973851535723,9.965499877929688,10.802449441148996,9.12855031471038,9.175000190734863,9.510000228881836,9.345000267028809,9.414999961853027,8.5600004196167
2018-12-10,9.18000030517578,9.210000038146973,8.75,8.760000228881836,129300,0,0,-0.04678992068936849,1.9337747953995075,9.868999910354614,10.791239731848568,8.946760088860659,9.175000190734863,9.510000228881836,9.580000400543213,9.580000400543213,8.539999961853027
2018-12-11,8.859999656677246,9.020000457763672,8.609999656677246,8.65999984741211,199000,0,0,-0.011415568362661,1.9116996570246336,9.775999879837036,10.78862015805162,8.763379601622452,9.175000190734863,9.510000228881836,9.635000228881836,9.635000228881836,8.550000190734863
2018-12-12,8.800000190734863,9.020000457763672,8.680000305175781,8.850000381469727,112500,0,0,0.021940015866674045,1.9536423778320695,9.695999908447266,10.73573171084439,8.656268106050142,9.175000190734863,9.510000228881836,9.695000171661377,9.695000171661377,8.670000076293945
2018-12-13,8.84000015258789,9.09000015258789,8.4399995803833,8.449999809265137,246700,0,0,-0.045197802820677535,1.865342034856696,9.595999908447265,10.709354680520715,8.482645136373815,9.175000190734863,9.510000228881836,9.695000171661377,9.695000171661377,8.600000381469727
2018-12-14,8.380000114440918,8.539999961853027,8.289999961853027,8.300000190734863,136200,0,0,-0.017751434546282918,1.8322295378185072,9.499499940872193,10.70790030671694,8.291099575027445,9.175000190734863,9.510000228881836,9.705000162124634,9.695000171661377,8.930000305175781
2018-12-17,8.239999771118164,8.510000228881836,8.220000267028809,8.270000457763672,201500,0,0,-0.003614425576119795,1.8256070805156939,9.395999956130982,10.652869907280841,8.139130004981123,9.025000095367432,9.485000133514404,9.705000162124634,9.695000171661377,8.739999771118164
2018-12-18,8.270000457763672,8.369999885559082,7.96999979019165,8.050000190734863,226800,0,0,-0.026602207358075503,1.7770419024054445,9.287999963760376,10.61649352176362,7.959506405757133,8.77999997138977,9.359999895095825,9.815000057220459,9.695000171661377,8.550000190734863
2018-12-19,8.050000190734863,8.149999618530273,7.75,7.760000228881836,382000,0,0,-0.03602483912817822,1.7130242537472566,9.169499969482422,10.596677152381405,7.742322786583437,8.670000076293945,9.170000076293945,9.947499990463257,9.695000171661377,8.520000457763672
2018-12-20,7.710000038146973,8.020000457763672,7.710000038146973,7.880000114440918,440500,0,0,0.015463902322123246,1.7395142934826322,9.073999977111816,10.576767410961097,7.571232543262535,8.460000038146973,9.150000095367432,10.02750015258789,9.695000171661377,8.539999961853027
2018-12-21,7.909999847412109,8.079999923706055,7.869999885559082,7.920000076293945,603600,0,0,0.005076137217272736,1.7483443067277573,8.975,10.507966667351374,7.442033332648625,8.400000095367432,9.125,10.02750015258789,9.695000171661377,8.479999542236328
2018-12-24,7.849999904632568,7.880000114440918,7.639999866485596,7.670000076293945,145900,0,0,-0.03156565626158225,1.6931566713146946,8.865000009536743,10.44089082602217,7.289109193051318,8.365000009536743,9.009999990463257,10.02750015258789,9.695000171661377,8.619999885559082
2018-12-26,7.730000019073486,8.15999984741211,7.639999866485596,8.140000343322754,258900,0,0,0.0612777395506765,1.796909484838007,8.780500030517578,10.320808472726915,7.240191588308241,8.365000009536743,9.009999990463257,10.02750015258789,9.695000171661377,8.630000114440918
2018-12-27,7.980000019073486,8.5600004196167,7.699999809265137,7.849999904632568,279000,0,0,-0.035626588017047545,1.732891730917758,8.688500046730042,10.220210296510047,7.156789796950037,8.100000143051147,8.999999761581421,10.045000076293945,9.695000171661377,8.710000038146973
2018-12-28,7.869999885559082,8.130000114440918,7.820000171661377,7.949999809265137,225700,0,0,0.012738841509227994,1.754966764030571,8.590500044822694,10.045110361053364,7.135889728592023,8.100000143051147,8.865000009536743,10.047500133514404,9.695000171661377,8.75
2018-12-31,8.020000457763672,8.380000114440918,7.809999942779541,7.960000038146973,236200,0,0,0.0012578904555671233,1.7571743199728826,8.497000050544738,9.85725002094672,7.136750080142756,8.100000143051147,8.859999895095825,9.955000162124634,9.695000171661377,8.699999809265137
2019-01-02,7.829999923706055,8.239999771118164,7.829999923706055,8.239999771118164,259800,0,0,0.03517584568207788,1.8189844126887589,8.41150004863739,9.597758543007853,7.225241554266927,8.100000143051147,8.859999895095825,9.955000162124634,9.695000171661377,8.569999694824219
2019-01-03,8.1899995803833,8.300000190734863,8.039999961853027,8.109999656677246,328200,0,0,-0.015776713355815652,1.7902868170110717,8.323000025749206,9.301721989711893,7.344278061786519,8.100000143051147,8.859999895095825,9.915000200271606,9.695000171661377,8.529999732971191
2019-01-04,8.229999542236328,8.5,8.09000015258789,8.449999809265137,193900,0,0,0.04192357176093786,1.8653420348566965,8.284000039100647,9.172074582745486,7.395925495455808,8.100000143051147,8.859999895095825,9.915000200271606,9.695000171661377,8.569999694824219
2019-01-07,8.359999656677246,8.609999656677246,8.350000381469727,8.529999732971191,278700,0,0,0.009467446806133317,1.8830020613469467,8.249500012397766,9.03624104954244,7.462758975253092,8.124999761581421,8.859999895095825,9.865000009536743,9.695000171661377,8.609999656677246
2019-01-08,8.59000015258789,8.600000381469727,8.430000305175781,8.5600004196167,132500,0,0,0.0035170794354828505,1.889624729173882,8.218000054359436,8.892979791574481,7.543020317144391,8.124999761581421,8.859999895095825,9.825000047683716,9.695000171661377,8.609999656677246
2019-01-09,8.600000381469727,8.739999771118164,8.470000267028809,8.720000267028809,149600,0,0,0.01869157004308586,1.9249447821543826,8.216000056266784,8.884683870205508,7.547316242328059,8.21999979019165,8.859999895095825,9.825000047683716,9.695000171661377,8.729999542236328
2019-01-10,8.680000305175781,8.680000305175781,8.449999809265137,8.529999732971191,103800,0,0,-0.021789051403590887,1.8830020613469467,8.209500050544738,8.86298565737089,7.5560144437185865,8.274999856948853,8.859999895095825,9.829999923706055,9.695000171661377,9.079999923706056
2019-01-11,8.460000038146973,8.550000190734863,8.369999885559082,8.479999542236328,158500,0,0,-0.0058616872567529565,1.8719644921595098,8.19100000858307,8.788919148514509,7.593080868651629,8.274999856948853,8.734999895095825,9.762500047683716,9.695000171661377,9.130000114440918
2019-01-14,8.420000076293945,8.520000457763672,8.329999923706055,8.350000381469727,119600,0,0,-0.015330090540584873,1.8432671070059445,8.186000037193299,8.776723939847553,7.595276134539045,8.28499984741211,8.615000009536743,9.787499904632568,9.695000171661377,9.199999809265137
2019-01-15,8.34000015258789,8.5,8.289999961853027,8.420000076293945,114900,0,0,0.008383196601950083,1.8587195775538832,8.192000031471252,8.789706131545927,7.594293931396579,8.389999866485596,8.615000009536743,9.702499866485596,9.695000171661377,9.390000343322754
2019-01-16,8.460000038146973,8.680000305175781,8.449999809265137,8.5600004196167,114800,0,0,0.016627119008812974,1.8896247291738821,8.206500029563903,8.825009210089284,7.587990849038523,8.414999961853027,8.424999952316284,9.34250020980835,9.510000228881836,9.399999618530272
2019-01-17,8.529999732971191,8.600000381469727,8.470000267028809,8.539999961853027,109200,0,0,-0.002336501960658488,1.8852096172892585,8.231000018119811,8.861604663005227,7.600395373234395,8.514999866485596,8.365000009536743,9.34250020980835,9.510000228881836,9.170000076293944
2019-01-18,8.539999961853027,8.760000228881836,8.529999732971191,8.550000190734863,126700,0,0,0.0011709869937359674,1.88741717323157,8.270500016212463,8.876366376594952,7.664633655829973,8.525000095367432,8.365000009536743,9.34250020980835,9.510000228881836,9.119999885559082
2019-01-22,8.489999771118164,8.720000267028809,8.489999771118164,8.670000076293945,190000,0,0,0.014035074021298666,1.9139072129669454,8.310000014305114,8.911832480279992,7.708167548330237,8.525000095367432,8.365000009536743,9.34250020980835,9.510000228881836,9.06999969482422
2019-01-23,8.670000076293945,8.760000228881836,8.550000190734863,8.600000381469727,126100,0,0,-0.00807378249229962,1.898454742419007,8.344000029563905,8.930326611680877,7.7576734474469315,8.525000095367432,8.200000047683716,9.34250020980835,9.510000228881836,9.279999732971191
2019-01-24,8.569999694824219,9.010000228881836,8.569999694824219,8.930000305175781,154400,0,0,0.038372082449798395,1.97130240432232,8.407000041007995,8.959549010647667,7.854451071368324,8.650000095367432,8.325000047683716,9.34250020980835,9.510000228881836,9.4399995803833
2019-01-25,8.760000228881836,8.84000015258789,8.170000076293945,8.739999771118164,302800,0,0,-0.021276654822452112,1.929359683514884,8.437000012397766,8.993486903277379,7.880513121518152,8.59000015258789,8.325000047683716,9.255000114440918,9.485000133514404,9.43000030517578
2019-01-28,8.569999694824219,8.65999984741211,8.4399995803833,8.550000190734863,145200,0,0,-0.02173908299301852,1.88741717323157,8.472000026702881,8.959480825059808,7.984519228345955,8.59000015258789,8.325000047683716,9.069999933242798,9.359999895095825,8.949999809265137
2019-01-29,8.5,8.609999656677246,8.5,8.520000457763672,184300,0,0,-0.003508740620111417,1.8807947159287566,8.500500059127807,8.924440342377538,8.076559775878076,8.59000015258789,8.325000047683716,8.920000076293945,9.25,8.609999656677246
2019-01-30,8.550000190734863,8.649999618530273,8.470000267028809,8.539999961853027,422200,0,0,0.0023473595087817323,1.8852096172892583,8.529500055313111,8.872388250365892,8.18661186026033,8.59000015258789,8.325000047683716,8.805000066757202,9.230000019073486,8.65999984741211
2019-01-31,8.460000038146973,8.579999923706055,8.300000190734863,8.479999542236328,163000,0,0,-0.007025810290949952,1.8719644921595096,8.541500043869018,8.858580240592458,8.224419847145578,8.59000015258789,8.325000047683716,8.762500047683716,9.230000019073486,8.75
2019-02-01,8.5,8.619999885559082,8.470000267028809,8.619999885559082,85700,0,0,0.016509475339645308,1.9028696437795087,8.56700005531311,8.815012416204882,8.31898769442134,8.59000015258789,8.325000047683716,8.6875,9.194999933242798,8.600000381469727
2019-02-04,8.569999694824219,8.670000076293945,8.529999732971191,8.630000114440918,147100,0,0,0.00116011937524374,1.9050771997218205,8.576000070571899,8.819346102547122,8.332654038596676,8.59000015258789,8.355000019073486,8.6875,9.194999933242798,8.760000228881836
2019-02-05,8.680000305175781,8.800000190734863,8.649999618530273,8.710000038146973,150400,0,0,0.009269979449036958,1.9227372262120708,8.58500008583069,8.834183585377374,8.335816586284004,8.59000015258789,8.410000085830688,8.549999952316284,9.194999933242798,8.84000015258789
2019-02-06,8.6899995803833,8.779999732971191,8.609999656677246,8.75,112000,0,0,0.004592418103081641,1.931567239457196,8.594500064849854,8.853547751011822,8.335452378687885,8.505000114440918,8.410000085830688,8.482500076293945,9.194999933242798,8.800000190734863
2019-02-07,8.760000228881836,8.890000343322754,8.670000076293945,8.699999809265137,65100,0,0,-0.00571430751255575,1.9205296702697592,8.59350004196167,8.850730528488103,8.336269555435237,8.595000267028809,8.420000076293945,8.480000019073486,9.194999933242798,8.739999771118164
2019-02-08,8.65999984741211,8.680000305175781,8.520000457763672,8.569999694824219,157200,0,0,-0.014942542217354249,1.8918320745920718,8.595500040054322,8.851327568025225,8.33967251208342,8.595000267028809,8.525000095367432,8.480000019073486,9.194999933242798,8.609999656677246
2019-02-11,8.59000015258789,8.59000015258789,8.470000267028809,8.529999732971191,86300,0,0,-0.004667440289080171,1.8830020613469467,8.598000049591064,8.850175822290348,8.345824276891781,8.595000267028809,8.550000190734863,8.480000019073486,9.194999933242798,8.220000267028809
2019-02-12,8.539999961853027,8.6899995803833,8.489999771118164,8.569999694824219,107900,0,0,0.00468932744492534,1.891832074592072,8.60900001525879,8.834447164990241,8.383552865527339,8.595000267028809,8.59000015258789,8.480000019073486,9.194999933242798,8.15999984741211
2019-02-13,8.569999694824219,8.649999618530273,8.529999732971191,8.609999656677246,102100,0,0,0.004667440289080282,1.9006620878371974,8.618499994277954,8.826440522924553,8.410559465631355,8.680000305175781,8.59000015258789,8.492499828338623,9.194999933242798,7.760000228881836
2019-02-14,8.5600004196167,8.75,8.520000457763672,8.609999656677246,99500,0,0,0.0,1.9006620878371974,8.620999956130982,8.827244148840352,8.414755763421612,8.680000305175781,8.59000015258789,8.492499828338623,9.194999933242798,7.820000171661377
2019-02-15,8.670000076293945,8.819999694824219,8.65999984741211,8.729999542236328,142400,0,0,0.013937269494084026,1.9271521275725727,8.630499935150146,8.838459899043283,8.42253997125701,8.680000305175781,8.59000015258789,8.539999842643738,9.194999933242798,8.050000190734863
2019-02-19,8.670000076293945,9.119999885559082,8.670000076293945,9.079999923706056,152700,0,0,0.040091683828435754,2.0044149013605095,8.656999921798706,8.939753878259419,8.374245965337993,8.795000076293945,8.644999980926514,8.567499876022339,9.194999933242798,8.0600004196167
2019-02-20,9.079999923706056,9.1899995803833,9.0600004196167,9.130000114440918,96900,0,0,0.005506628981826411,2.015452470547946,8.679999923706054,9.030730802984458,8.329269044427651,8.829999923706055,8.679999828338623,8.504999876022339,9.194999933242798,8.170000076293945
2019-02-21,9.130000114440918,9.199999809265137,9.020000457763672,9.199999809265137,67100,0,0,0.0076669982417088,2.030904941095885,8.709999895095825,9.125632855641303,8.294366934550347,8.835000038146973,8.684999942779541,8.449999928474426,9.194999933242798,8.079999923706055
2019-02-22,9.199999809265137,9.390000343322754,9.1899995803833,9.390000343322754,85400,0,0,0.02065223239094749,2.0728476619033205,8.732999897003173,9.237299531923727,8.22870026208262,8.930000305175781,8.78000020980835,8.50249993801117,9.194999933242798,8.3100004196167
2019-02-25,9.4399995803833,9.470000267028809,9.380000114440918,9.399999618530272,114000,0,0,0.0010648854996717638,2.07505500732151,8.765999889373779,9.34897186794606,8.183027910801497,8.980000019073486,8.820000171661377,8.419999957084656,9.194999933242798,8.1899995803833
2019-02-26,9.390000343322754,9.479999542236328,9.170000076293944,9.170000076293944,122900,0,0,-0.024468037401079168,2.0242824837930704,8.796999883651733,9.396614351008141,8.197385416295324,9.0,8.824999809265137,8.43999993801117,9.194999933242798,8.34000015258789
2019-02-27,9.15999984741211,9.229999542236328,9.06999969482422,9.119999885559082,76000,0,0,-0.005452583458981697,2.0132449146056337,8.826999855041503,9.4282307590286,8.225768951054407,9.0,8.824999809265137,8.445000052452087,9.194999933242798,8.4399995803833
2019-02-28,9.119999885559082,9.210000038146973,9.050000190734863,9.06999969482422,151700,0,0,-0.005482477123057161,2.002207345418197,8.853499841690063,9.448414784971048,8.258584898409078,9.069999694824219,8.824999809265137,8.445000052452087,9.194999933242798,8.600000381469727
2019-03-01,9.140000343322754,9.390000343322754,9.039999961853027,9.279999732971191,121400,0,0,0.02315325746557706,2.048564967586134,8.893499851226807,9.490179407774127,8.296820294679486,9.074999809265137,8.824999809265137,8.362500071525574,9.194999933242798,8.550000190734863
2019-03-04,9.300000190734863,9.460000038146973,9.210000038146973,9.4399995803833,181300,0,0,0.017241363363798445,2.0838850205666346,8.934499835968017,9.562584995542258,8.306414676393777,9.25,8.824999809265137,8.487500071525574,9.194999933242798,8.479999542236328
2019-03-05,9.449999809265137,9.510000228881836,9.369999885559082,9.43000030517578,176200,0,0,-0.0010592453021184278,2.0816776751484443,8.974499845504761,9.621736727424878,8.327262963584644,9.265000343322754,8.90500020980835,8.457500100135803,9.194999933242798,8.569999694824219
2019-03-06,9.4399995803833,9.4399995803833,8.90999984741211,8.949999809265137,162600,0,0,-0.05090142952033505,1.9757173056828208,8.98649983406067,9.622353147186493,8.350646520934847,9.210000038146973,8.90500020980835,8.457500100135803,9.194999933242798,8.5600004196167
2019-03-07,8.920000076293945,8.920000076293945,8.5,8.609999656677246,113100,0,0,-0.03798884467415509,1.9006620878371958,8.979499816894531,9.628701813706563,8.3302978200825,9.005000114440918,8.90500020980835,8.457500100135803,9.115000009536743,8.6899995803833
2019-03-08,8.550000190734863,8.710000038146973,8.550000190734863,8.65999984741211,72900,0,0,0.005807223313428089,1.911699657024633,8.97749981880188,9.63040985282036,8.324589784783399,9.005000114440918,8.90500020980835,8.457500100135803,9.115000009536743,8.5
2019-03-11,8.699999809265137,8.829999923706055,8.65999984741211,8.75,69200,0,0,0.010392627502734397,1.931567239457195,8.98649983406067,9.621207381300147,8.351792286821192,9.005000114440918,8.990000247955322,8.457500100135803,9.089999914169312,8.579999923706055
2019-03-12,8.739999771118164,8.84000015258789,8.59000015258789,8.600000381469727,76700,0,0,-0.01714281354631697,1.8984547424190061,8.989999866485595,9.615198097549062,8.364801635422129,9.005000114440918,8.990000247955322,8.457500100135803,9.009999990463257,8.510000228881836
2019-03-13,8.65999984741211,8.779999732971191,8.619999885559082,8.760000228881836,92300,0,0,0.018604632594767967,1.9337747953995066,8.999499893188476,9.604096792959721,8.394902993417231,9.005000114440918,8.990000247955322,8.472500085830688,9.009999990463257,8.329999923706055
2019-03-14,8.75,8.90999984741211,8.739999771118164,8.84000015258789,67200,0,0,0.0091324111433575,1.9514348218897568,9.010999917984009,9.593642260183866,8.428357575784151,9.005000114440918,8.990000247955322,8.50000011920929,8.999999761581421,8.25
2019-03-15,8.84000015258789,8.989999771118164,8.760000228881836,8.800000190734863,283800,0,0,-0.0045248824844553726,1.9426048086446315,9.02049994468689,9.582279694435728,8.458720194938051,9.005000114440918,8.990000247955322,8.457500100135803,8.865000009536743,8.640000343322754
2019-03-18,8.789999961853027,8.869999885559082,8.609999656677246,8.739999771118164,99200,0,0,-0.006818229354116467,1.9293596835148827,9.020999956130982,9.581750298752684,8.46024961350928,8.96999979019165,8.990000247955322,8.507500171661377,8.859999895095825,8.859999656677246
2019-03-19,8.739999771118164,8.819999694824219,8.579999923706055,8.609999656677246,178100,0,0,-0.014874155359878904,1.9006620878371956,8.997499942779541,9.585426841760222,8.40957304379886,8.744999885559082,8.990000247955322,8.56000018119812,8.859999895095825,8.850000381469727
2019-03-20,8.609999656677246,8.649999618530273,8.210000038146973,8.220000267028809,108500,0,0,-0.04529609816488023,1.8145695113282558,8.951999950408936,9.6272490797164,8.276750821101473,8.599999904632568,8.860000133514404,8.572500228881836,8.859999895095825,10.350000381469728
2019-03-21,8.130000114440918,8.279999732971191,8.079999923706055,8.15999984741211,116900,0,0,-0.007299320884132654,1.801324386198507,8.899999952316284,9.647942292653234,8.152057611979334,8.53499984741211,8.795000076293945,8.59250020980835,8.859999895095825,10.460000038146973
2019-03-22,8.15999984741211,8.180000305175781,7.760000228881836,7.760000228881836,234200,0,0,-0.04901956201103741,1.7130242537472555,8.818499946594239,9.682662791469658,7.954337101718819,8.375,8.635000228881836,8.635000228881836,8.859999895095825,10.210000038146973
2019-03-25,7.75,7.949999809265137,7.659999847412109,7.820000171661377,122600,0,0,0.007731951161061623,1.7262692736149434,8.739499974250794,9.66402941830703,7.814970530194559,8.324999809265137,8.585000038146973,8.635000228881836,8.859999895095825,10.149999618530272
2019-03-26,7.929999828338623,8.050000190734863,7.880000114440918,8.050000190734863,114400,0,0,0.02941176649931232,1.7770419024054436,8.68349997997284,9.63256500205046,7.734434957895219,8.324999809265137,8.585000038146973,8.635000228881836,8.859999895095825,10.369999885559082
2019-03-27,8.029999732971191,8.1899995803833,8.010000228881836,8.0600004196167,114300,0,0,0.0012422644279370676,1.7792494583477554,8.630500006675721,9.59457641767066,7.66642359568078,8.324999809265137,8.585000038146973,8.72000002861023,8.859999895095825,10.329999923706056
2019-03-28,8.0600004196167,8.220000267028809,8.0,8.170000076293945,79600,0,0,0.013647599373509456,1.8035319421408194,8.585500025749207,9.547308781691115,7.6236912698073,8.264999866485596,8.585000038146973,8.754999876022339,8.734999895095825,10.460000038146973
2019-03-29,8.229999542236328,8.289999961853027,8.0,8.079999923706055,186700,0,0,-0.011015930446443334,1.7836643597082573,8.52550003528595,9.455372056577342,7.595628013994556,8.239999771118164,8.585000038146973,8.759999990463257,8.615000009536743,10.390000343322754
2019-04-01,8.119999885559082,8.359999656677246,8.050000190734863,8.3100004196167,229800,0,0,0.02846540817851273,1.8344370937608183,8.46900007724762,9.300895469326214,7.637104685169024,8.154999732971191,8.585000038146973,8.855000257492065,8.615000009536743,10.06999969482422
2019-04-02,8.3100004196167,8.329999923706055,8.170000076293945,8.1899995803833,60700,0,0,-0.01444053347459806,1.8079468435013208,8.407000041007995,9.117997911490212,7.696002170525778,8.009999752044678,8.585000038146973,8.900000095367432,8.555000066757202,10.140000343322754
2019-04-03,8.289999961853027,8.380000114440918,8.15999984741211,8.34000015258789,350100,0,0,0.018315089119646855,1.8410595510636318,8.376500058174134,9.042118983078085,7.710881133270183,8.019999980926514,8.585000038146973,8.912499904632568,8.559999704360962,10.06999969482422
2019-04-04,8.300000190734863,8.510000228881836,8.300000190734863,8.4399995803833,126700,0,0,0.0119903388448237,1.8631344789143838,8.368000054359436,9.025683768810286,7.710316339908586,8.085000038146973,8.585000038146973,8.912499904632568,8.559999704360962,9.619999885559082
2019-04-05,8.4399995803833,8.619999885559082,8.4399995803833,8.600000381469727,92100,0,0,0.01895744182953618,1.8984547424190064,8.365000081062316,9.017805329867869,7.712194832256762,8.25,8.585000038146973,8.947499752044678,8.559999704360962,9.829999923706056
2019-04-08,8.550000190734863,8.630000114440918,8.449999809265137,8.550000190734863,74800,0,0,-0.005813975408954342,1.8874171732315694,8.35500009059906,8.989587149651543,7.720413031546577,8.315000057220459,8.585000038146973,8.949999809265137,8.559999704360962,9.710000038146973
2019-04-09,8.5,8.529999732971191,8.420000076293945,8.479999542236328,117600,0,0,-0.00818721016806423,1.8719644921595089,8.34900004863739,8.976357911338095,7.721642185936683,8.315000057220459,8.585000038146973,9.037499904632568,8.559999704360962,9.84000015258789
2019-04-10,8.479999542236328,8.59000015258789,8.430000305175781,8.569999694824219,68500,0,0,0.01061322611394333,1.891832074592071,8.339500021934509,8.946899363607441,7.732100680261576,8.315000057220459,8.549999713897705,9.085000276565552,8.575000047683716,9.649999618530272
2019-04-11,8.609999656677246,8.699999809265137,8.529999732971191,8.5600004196167,45000,0,0,-0.00116677661185427,1.8896247291738812,8.32550003528595,8.89762185545073,7.75337821512117,8.375,8.324999809265137,9.057500123977661,8.575000047683716,9.75
2019-04-12,8.649999618530273,8.800000190734863,8.569999694824219,8.6899995803833,76100,0,0,0.015186817102098127,1.9183221143274467,8.32000000476837,8.875464574039212,7.76453543549753,8.480000019073486,8.324999809265137,8.955000162124634,8.575000047683716,9.93000030517578
2019-04-15,8.710000038146973,8.710000038146973,8.430000305175781,8.5,76800,0,0,-0.021864164506083972,1.8763796040441325,8.308000016212464,8.83605620476348,7.779943827661448,8.480000019073486,8.324999809265137,8.955000162124634,8.575000047683716,9.729999542236328
2019-04-16,8.520000457763672,8.630000114440918,8.220000267028809,8.579999923706055,65100,0,0,0.009411755730124094,1.894039630534383,8.306500029563903,8.831240509132854,7.781759549994951,8.510000228881836,8.324999809265137,8.99750018119812,8.575000047683716,9.489999771118164
2019-04-17,8.609999656677246,8.609999656677246,8.430000305175781,8.510000228881836,124300,0,0,-0.008158472662781024,1.8785871599864443,8.321000027656556,8.851436336684808,7.790563718628304,8.510000228881836,8.324999809265137,8.99750018119812,8.575000047683716,9.489999771118164
2019-04-18,8.449999809265137,8.539999961853027,8.289999961853027,8.329999923706055,123900,0,0,-0.021151621660935316,1.83885199512132,8.329500031471252,8.854710394821653,7.804289668120849,8.510000228881836,8.324999809265137,8.99750018119812,8.605000019073486,9.359999656677246
2019-04-22,8.239999771118164,8.380000114440918,8.170000076293945,8.25,78400,0,0,-0.009603832465638562,1.8211919686310696,8.354000020027161,8.811296876953307,7.896703163101016,8.485000133514404,8.324999809265137,8.99750018119812,8.660000085830688,9.300000190734863
2019-04-23,8.289999961853027,8.649999618530273,8.239999771118164,8.640000343322754,113200,0,0,0.04727276888760645,1.9072847556641312,8.39500002861023,8.796504226805396,7.993495830415064,8.485000133514404,8.264999866485596,8.99750018119812,8.660000085830688,9.1899995803833
2019-04-24,8.619999885559082,8.890000343322754,8.5600004196167,8.859999656677246,121800,0,0,0.025462882478299198,1.9558497232502585,8.435500001907348,8.852903372466285,8.018096631348412,8.53000020980835,8.275000095367432,8.980000019073486,8.670000076293945,8.899999618530273
2019-04-25,8.789999961853027,8.9399995803833,8.579999923706055,8.850000381469727,120300,0,0,-0.001128586410269583,1.9536423778320688,8.475,8.892307843885451,8.057692156114548,8.554999828338623,8.299999713897705,8.867500066757202,8.775000095367432,8.84000015258789
2019-04-26,9.489999771118164,10.420000076293944,9.43000030517578,10.350000381469728,446900,0,0,0.16949151811797947,2.2847681903104453,8.58400001525879,9.488497418049906,7.679502612467672,9.295000076293945,9.039999961853027,8.730000019073486,8.800000190734863,9.350000381469728
2019-04-29,10.539999961853027,10.869999885559082,10.420000076293944,10.460000038146973,462200,0,0,0.010627985760675251,2.3090506741035086,8.703000020980834,9.895087627621264,7.510912414340406,9.519999980926514,9.264999866485596,8.664999961853027,8.795000076293945,9.199999809265137
2019-04-30,10.449999809265137,10.449999809265137,10.050000190734863,10.210000038146973,256300,0,0,-0.023900573526602797,2.253863038690446,8.798000001907349,10.144303084564749,7.451696919249949,9.519999980926514,9.264999866485596,8.505000114440918,8.635000228881836,9.010000228881836
2019-05-01,10.279999732971191,10.34000015258789,10.130000114440918,10.149999618530272,325800,0,0,-0.005876632653528446,2.2406179135606967,8.896000003814697,10.334240560753665,7.457759446875729,9.519999980926514,9.375,8.454999923706055,8.585000038146973,8.84000015258789
2019-05-02,10.130000114440918,10.399999618530272,10.079999923706056,10.369999885559082,177700,0,0,0.021674903970160697,2.289183091670947,8.997499990463258,10.54787540152696,7.447124579399555,9.519999980926514,9.434999942779541,8.454999923706055,8.585000038146973,8.989999771118164
2019-05-03,10.43000030517578,10.43000030517578,10.239999771118164,10.329999923706056,319300,0,0,-0.003857276981143243,2.280353078425822,9.092000007629395,10.724087246205434,7.459912769053355,9.554999828338623,9.434999942779541,8.454999923706055,8.585000038146973,8.979999542236328
2019-05-06,10.170000076293944,10.5,10.130000114440918,10.460000038146973,154100,0,0,0.01258471591491328,2.309050674103509,9.184999990463258,10.904934164836678,7.465065816089836,9.71500015258789,9.434999942779541,8.424999952316284,8.585000038146973,8.920000076293945
2019-05-07,10.270000457763672,10.529999732971191,10.270000457763672,10.390000343322754,102300,0,0,-0.0066921314119440245,2.2935982035555704,9.276999998092652,11.047876466896074,7.506123529289229,9.724999904632568,9.460000038146973,8.412499904632568,8.585000038146973,9.0
2019-05-08,10.380000114440918,10.449999809265137,10.020000457763672,10.06999969482422,154600,0,0,-0.030798906441248164,2.2229578870704474,9.356500005722046,11.119780905980074,7.5932191054640175,10.150000095367432,9.514999866485596,8.369999885559082,8.585000038146973,8.960000038146973
2019-05-09,9.979999542236328,10.220000267028809,9.93000030517578,10.140000343322754,114600,0,0,0.006951405225415375,2.2384105681425073,9.435000038146972,11.19092952608402,7.679070550209926,10.400000095367432,9.514999866485596,8.297499895095825,8.585000038146973,8.899999618530273
2019-05-10,10.109999656677246,10.109999656677246,9.949999809265137,10.06999969482422,81700,0,0,-0.006903416777952032,2.222957887070447,9.51050000190735,11.238783647418721,7.782216356395978,10.230000019073486,9.519999980926514,8.302500009536743,8.585000038146973,9.130000114440918
2019-05-13,9.859999656677246,9.880000114440918,9.5600004196167,9.619999885559082,136200,0,0,-0.04468717208565853,2.123620185431758,9.557000017166137,11.243572511641073,7.870427522691203,10.045000076293945,9.519999980926514,8.335000038146973,8.585000038146973,9.029999732971191
2019-05-14,9.640000343322754,9.890000343322754,9.640000343322754,9.829999923706056,140300,0,0,0.021829526054591097,2.169977807599696,9.623500013351443,11.240848803042823,8.006151223660062,10.045000076293945,9.519999980926514,8.417500019073486,8.585000038146973,9.039999961853027
2019-05-15,9.699999809265137,9.8100004196167,9.5600004196167,9.710000038146973,118400,0,0,-0.012207516428325849,2.14348776786432,9.680000019073487,11.224104472229744,8.135895565917231,10.045000076293945,9.519999980926514,8.450000047683716,8.585000038146973,8.9399995803833
2019-05-16,9.760000228881836,9.890000343322754,9.710000038146973,9.84000015258789,87500,0,0,0.013388271259546336,2.172185363542007,9.74650001525879,11.193833737733435,8.299166292784147,10.045000076293945,9.519999980926514,8.450000047683716,8.585000038146973,8.930000305175781
2019-05-17,9.770000457763672,9.84000015258789,9.609999656677246,9.649999618530272,190900,0,0,-0.019308997064156452,2.130242642734571,9.8125,11.106082389794462,8.518917610205538,10.045000076293945,9.519999980926514,8.432499885559082,8.585000038146973,8.880000114440918
2019-05-20,9.59000015258789,9.84000015258789,9.449999809265137,9.75,149600,0,0,0.010362734240704441,2.152317781109445,9.8875,10.963498253386877,8.811501746613121,9.949999809265137,9.519999980926514,8.349999904632568,8.585000038146973,8.779999732971191
2019-05-21,9.859999656677246,9.979999542236328,9.800000190734863,9.93000030517578,177100,0,0,0.01846156976161839,2.192052945974569,9.951999998092651,10.861206145343411,9.04279385084189,9.835000038146973,9.519999980926514,8.402499914169312,8.585000038146973,8.989999771118164
2019-05-22,9.869999885559082,9.869999885559082,9.640000343322754,9.729999542236328,149600,0,0,-0.020141063121136615,2.1479026692248215,9.995499992370606,10.762223467434545,9.228776517306667,9.779999732971191,9.519999980926514,8.402499914169312,8.585000038146973,8.920000076293945
2019-05-23,9.579999923706056,9.729999542236328,9.420000076293944,9.489999771118164,153400,0,0,-0.024665959137651017,2.0949225897540704,10.027499961853028,10.635844267884863,9.419155655821193,9.699999809265137,9.519999980926514,8.417500019073486,8.585000038146973,9.020000457763672
2019-05-24,9.5600004196167,9.649999618530272,9.479999542236328,9.489999771118164,127200,0,0,0.0,2.0949225897540704,9.98449993133545,10.616948061816917,9.352051800853982,9.699999809265137,9.519999980926514,8.417500019073486,8.585000038146973,8.920000076293945
2019-05-28,9.460000038146973,9.5600004196167,9.350000381469728,9.359999656677246,244700,0,0,-0.013698642526479232,2.0662249940763835,9.929499912261964,10.578265717207799,9.280734107316128,9.664999961853027,9.519999980926514,8.417500019073486,8.585000038146973,8.949999809265137
2019-05-29,9.270000457763672,9.329999923706056,9.130000114440918,9.300000190734863,195000,0,0,-0.0064101995879434215,2.0529800794707564,9.883999919891357,10.574462581516144,9.19353725826657,9.554999828338623,9.554999828338623,8.40499997138977,8.585000038146973,9.109999656677246
2019-05-30,9.300000190734863,9.4399995803833,9.09000015258789,9.1899995803833,198300,0,0,-0.011828022375865221,2.0286973851535706,9.835999917984008,10.577955128257912,9.094044707710104,9.53499984741211,9.71500015258789,8.375,8.585000038146973,9.0
2019-05-31,9.050000190734863,9.050000190734863,8.8100004196167,8.899999618530273,153200,0,0,-0.03155603646294525,1.9646797364953827,9.762499904632568,10.567567561637489,8.957432247627647,9.394999980926514,9.724999904632568,8.40250015258789,8.585000038146973,9.149999618530272
2019-06-03,8.930000305175781,8.930000305175781,8.770000457763672,8.84000015258789,230700,0,0,-0.00674151331618722,1.951434821889756,9.68799991607666,10.543942625582076,8.832057206571243,9.375,9.820000171661377,8.427499771118164,8.585000038146973,9.0600004196167
2019-06-04,8.9399995803833,9.369999885559082,8.859999656677246,9.350000381469728,177100,0,0,0.0576923325880867,2.0640176486581936,9.632499933242798,10.421663533748948,8.843336332736648,9.320000171661377,9.820000171661377,9.167500019073486,9.039999961853027,9.220000267028809
2019-06-05,9.329999923706056,9.609999656677246,9.130000114440918,9.199999809265137,116500,0,0,-0.0160428412924849,2.030904941095882,9.572999906539916,10.301193745398056,8.844806067681777,9.25,9.650000095367432,9.392499923706055,9.264999866485596,9.350000381469728
2019-06-06,9.149999618530272,9.220000267028809,8.760000228881836,9.010000228881836,131300,0,0,-0.020652128730693664,1.9889624308125682,9.519999933242797,10.250104322017485,8.78989554446811,9.204999923706055,9.644999980926514,9.392499923706055,9.264999866485596,9.300000190734863
2019-06-07,9.0,9.0600004196167,8.84000015258789,8.84000015258789,75000,0,0,-0.018867932516694608,1.9514348218897557,9.454999923706055,10.184203611839564,8.725796235572545,9.184999942779541,9.644999980926514,9.447499990463257,9.264999866485596,9.229999542236328
2019-06-10,8.899999618530273,9.170000076293944,8.899999618530273,8.989999771118164,98600,0,0,0.01696828234628045,1.9845473189279446,9.400999927520752,10.098991131781068,8.703008723260437,9.184999942779541,9.644999980926514,9.477499961853027,9.264999866485596,9.130000114440918
2019-06-11,9.079999923706056,9.109999656677246,8.930000305175781,8.979999542236328,171000,0,0,-0.0011123725402044649,1.9823397629856327,9.368999910354614,10.08257541499814,8.655424405711088,9.184999942779541,9.644999980926514,9.494999885559082,9.264999866485596,9.170000076293944
2019-06-12,8.979999542236328,9.020000457763672,8.899999618530273,8.920000076293945,71300,0,0,-0.006681455345312948,1.969094848380006,9.323499917984009,10.029623424749165,8.617376411218853,9.184999942779541,9.644999980926514,9.575000047683716,9.264999866485596,9.06999969482422
2019-06-13,8.949999809265137,9.100000381469728,8.9399995803833,9.0,137700,0,0,0.00896860123562826,1.9867548748702561,9.28799991607666,9.98403889193001,8.591960940223311,9.184999942779541,9.605000019073486,9.59249997138977,9.264999866485596,9.0
2019-06-14,8.989999771118164,9.039999961853027,8.880000114440918,8.960000038146973,172300,0,0,-0.004444440205891964,1.9779248616251308,9.243999910354614,9.904897647839586,8.58310217286964,9.184999942779541,9.490000247955322,9.832499980926514,9.264999866485596,9.079999923706056
2019-06-17,8.979999542236328,9.029999732971191,8.880000114440918,8.899999618530273,106000,0,0,-0.006696475375139399,1.964679736495382,9.206499910354614,9.855882323455546,8.557117497253682,9.184999942779541,9.434999942779541,9.957499980926514,9.264999866485596,9.449999809265137
2019-06-18,8.890000343322754,9.170000076293944,8.890000343322754,9.130000114440918,384200,0,0,0.025842753457176793,2.0154524705479435,9.17549991607666,9.774890833566236,8.576108998587085,8.990000247955322,9.369999885559082,9.875,9.264999866485596,9.350000381469728
2019-06-19,9.18000030517578,9.239999771118164,8.989999771118164,9.029999732971191,150400,0,0,-0.010952944163884037,1.9933773321730697,9.130499887466431,9.620663767616472,8.64033600731639,9.039999961853027,9.369999885559082,9.78250002861023,9.264999866485596,9.850000381469728
2019-06-20,9.0600004196167,9.06999969482422,8.90999984741211,9.039999961853027,116400,0,0,0.001107445091645065,1.9955848881153813,9.095999908447265,9.501507776132142,8.690492040762388,9.059999942779541,9.369999885559082,9.78250002861023,9.264999866485596,9.859999656677246
2019-06-21,9.0,9.020000457763672,8.760000228881836,8.9399995803833,489000,0,0,-0.011061989147312823,1.9735097497405074,9.068499898910522,9.435803524421983,8.701196273399061,9.0,9.369999885559082,9.78250002861023,9.264999866485596,9.979999542236328
2019-06-24,8.899999618530273,9.050000190734863,8.859999656677246,8.930000305175781,113100,0,0,-0.0011184872121762224,1.9713024043223175,9.040499925613403,9.356250839550558,8.724749011676249,9.0,9.369999885559082,9.78250002861023,9.264999866485596,9.68000030517578
2019-06-25,8.9399995803833,8.960000038146973,8.710000038146973,8.880000114440918,126500,0,0,-0.005599125310878583,1.9602648351348806,9.016499948501586,9.302748692109699,8.730251204893474,8.974999904632568,9.34499979019165,9.78250002861023,9.264999866485596,9.729999542236328
2019-06-26,8.930000305175781,9.050000190734863,8.760000228881836,8.779999732971191,124400,0,0,-0.01126130407443382,1.9381896967600067,8.990499925613403,9.263012712149596,8.71798713907721,8.974999904632568,9.34499979019165,9.734999895095825,9.264999866485596,9.90999984741211
2019-06-27,8.8100004196167,8.989999771118164,8.8100004196167,8.989999771118164,213000,0,0,0.023918000516374383,1.9845473189279441,8.980499935150146,9.2370379001362,8.723961970164092,8.974999904632568,9.289999961853027,9.677500009536743,9.264999866485596,9.529999732971191
2019-06-28,8.920000076293945,9.119999885559082,8.890000343322754,8.920000076293945,605500,0,0,-0.007786395618062603,1.9690948483800057,8.98149995803833,9.23691627589792,8.726083640178741,8.974999904632568,9.21999979019165,9.649999856948853,9.264999866485596,9.399999618530272
2019-07-01,8.699999809265137,9.170000076293944,8.699999809265137,9.020000457763672,193200,0,0,0.011210805001615531,1.9911699867548796,8.99049997329712,9.23780822920648,8.743191717387758,8.96999979019165,9.174999713897705,9.609999895095825,9.264999866485596,9.40999984741211
2019-07-02,9.0,9.06999969482422,8.800000190734863,8.920000076293945,164700,0,0,-0.011086516230013554,1.9690948483800057,8.96899995803833,9.153840378224558,8.784159537852101,8.934999942779541,9.154999732971191,9.609999895095825,9.264999866485596,9.399999618530272
2019-07-03,8.949999809265137,8.979999542236328,8.880000114440918,8.949999809265137,47500,0,0,0.003363198734820605,1.975717305682819,8.95649995803833,9.107556608882584,8.805443307194077,8.934999942779541,9.154999732971191,9.59249997138977,9.264999866485596,9.489999771118164
2019-07-05,9.010000228881836,9.149999618530272,9.010000228881836,9.109999656677246,101800,0,0,0.017877078304121996,2.01103735866332,8.9614999294281,9.125519183553958,8.797480675302243,8.934999942779541,9.154999732971191,9.554999828338623,9.264999866485596,9.65999984741211
2019-07-08,9.079999923706056,9.130000114440918,8.970000267028809,9.0,144200,0,0,-0.012074606017863143,1.9867548748702561,8.969499921798706,9.124285094033576,8.814714749563835,8.934999942779541,9.154999732971191,9.625,9.264999866485596,9.56999969482422
2019-07-09,8.920000076293945,9.15999984741211,8.920000076293945,9.149999618530272,151500,0,0,0.016666624281141296,2.0198673719084446,8.97749991416931,9.151287255763023,8.803712572575598,8.934999942779541,9.154999732971191,9.559999942779541,9.264999866485596,9.43000030517578
2019-07-10,9.170000076293944,9.229999542236328,8.989999771118164,9.0600004196167,142900,0,0,-0.009835978433409887,2.000000000000005,8.98149995803833,9.159016840916806,8.803983075159856,8.964999675750732,9.154999732971191,9.597500085830688,9.264999866485596,9.399999618530272
2019-07-11,9.050000190734863,9.289999961853027,9.029999732971191,9.220000267028809,201300,0,0,0.017660026490250225,2.0353200529805053,8.996499967575073,9.199819134680268,8.793180800469877,8.994999885559082,9.154999732971191,9.570000171661377,9.264999866485596,9.75
2019-07-12,9.25,9.399999618530272,9.15999984741211,9.350000381469728,177800,0,0,0.014099795084150601,2.064017648658193,9.01399998664856,9.269663641364854,8.758336331932266,9.049999713897705,9.049999713897705,9.450000047683716,9.264999866485596,9.720000267028809
2019-07-15,9.359999656677246,9.369999885559082,9.229999542236328,9.300000190734863,133700,0,0,-0.005347613764161707,2.052980079470756,9.030999994277954,9.314097112857194,8.747902875698713,9.099999904632568,9.049999713897705,9.424999952316284,9.264999866485596,9.479999542236328
2019-07-16,9.300000190734863,9.300000190734863,9.210000038146973,9.229999542236328,148400,0,0,-0.00752695129708425,2.0375273983986957,9.047499990463256,9.336602278384063,8.75839770254245,9.139999866485596,9.049999713897705,9.414999961853027,9.375,9.520000457763672
2019-07-17,9.199999809265137,9.239999771118164,9.079999923706056,9.130000114440918,160400,0,0,-0.010834174729675183,2.0154524705479435,9.047499990463256,9.336602278384063,8.75839770254245,9.15999984741211,9.049999713897705,9.414999961853027,9.434999942779541,9.40999984741211
2019-07-18,9.119999885559082,9.270000457763672,9.109999656677246,9.170000076293944,156900,0,0,0.004381156774549977,2.024282483793068,9.054500007629395,9.348360814675384,8.760639200583405,9.15999984741211,9.049999713897705,9.414999961853027,9.434999942779541,9.119999885559082
2019-07-19,9.130000114440918,9.229999542236328,9.039999961853027,9.06999969482422,114500,0,0,-0.010905166917963394,2.0022073454181952,9.055999994277954,9.349855637423653,8.762144351132255,9.15999984741211,9.049999713897705,9.414999961853027,9.434999942779541,9.18000030517578
2019-07-22,9.039999961853027,9.119999885559082,8.960000038146973,9.0,175100,0,0,-0.00771771743985461,1.9867548748702561,9.059000015258789,9.349220844079309,8.76877918643827,9.179999828338623,9.049999713897705,9.394999980926514,9.460000038146973,9.09000015258789
2019-07-23,9.029999732971191,9.15999984741211,8.989999771118164,9.079999923706056,149700,0,0,0.00888888041178415,2.004414901360507,9.066499996185303,9.350621822789023,8.782378169581584,9.179999828338623,9.049999713897705,9.337500095367432,9.514999866485596,9.020000457763672
2019-07-24,9.010000228881836,9.5,9.010000228881836,9.449999809265137,262600,0,0,0.040748886417177665,2.0860925765089444,9.094999980926513,9.411456113432612,8.778543848420414,9.230000019073486,9.099999904632568,9.309999942779541,9.514999866485596,9.18000030517578
2019-07-25,9.479999542236328,9.609999656677246,9.329999923706056,9.350000381469728,186000,0,0,-0.010581950244841876,2.0640176486581927,9.12350001335144,9.423408396103893,8.823591630598989,9.28499984741211,9.154999732971191,9.180000066757202,9.519999980926514,9.130000114440918
2019-07-26,9.380000114440918,10.039999961853027,9.380000114440918,9.850000381469728,377000,0,0,0.05347593364711756,2.1743929194843177,9.166500043869018,9.597290878908792,8.735709208829244,9.5,9.369999885559082,9.204999923706055,9.519999980926514,8.779999732971191
2019-07-29,9.890000343322754,10.09000015258789,9.800000190734863,9.859999656677246,249800,0,0,0.001015154804087981,2.176600264902507,9.213500022888184,9.724972298074226,8.702027747702141,9.525000095367432,9.394999980926514,9.214999914169312,9.519999980926514,8.729999542236328
2019-07-30,9.800000190734863,10.010000228881836,9.75,9.979999542236328,275600,0,0,0.012170374212723045,2.203090304637883,9.261499977111816,9.864415631111678,8.658584323111954,9.525000095367432,9.394999980926514,9.184999942779541,9.519999980926514,9.470000267028809
2019-07-31,10.039999961853027,10.170000076293944,9.65999984741211,9.68000030517578,396100,0,0,-0.03006004517243943,2.1368653105615047,9.299499988555908,9.907365308784591,8.691634668327225,9.565000057220459,9.434999942779541,9.184999942779541,9.519999980926514,9.199999809265137
2019-08-01,9.649999618530272,9.8100004196167,9.5600004196167,9.729999542236328,607000,0,0,0.005165210277298771,2.14790266922482,9.338499975204467,9.95178936519018,8.725210585218754,9.565000057220459,9.434999942779541,9.15999984741211,9.519999980926514,9.449999809265137
2019-08-02,9.710000038146973,9.970000267028809,9.649999618530272,9.90999984741211,165800,0,0,0.01849951836014263,2.1876378340899443,9.378499984741211,10.030523406283466,8.726476563198956,9.579999923706055,9.434999942779541,9.15999984741211,9.519999980926514,9.59000015258789
2019-08-05,9.770000457763672,9.800000190734863,9.40999984741211,9.529999732971191,153400,0,0,-0.038345118092020014,2.1037526029991946,9.40499997138977,10.03584810309463,8.774151839684912,9.59000015258789,9.434999942779541,9.132499933242798,9.519999980926514,9.880000114440918
2019-08-06,9.59000015258789,9.609999656677246,9.220000267028809,9.399999618530272,186900,0,0,-0.013641145654092246,2.075055007321507,9.417499971389772,10.037334765273219,8.797665177506325,9.695000171661377,9.434999942779541,9.09749984741211,9.519999980926514,10.050000190734863
2019-08-07,9.220000267028809,9.479999542236328,9.079999923706056,9.40999984741211,302500,0,0,0.0010638541795389145,2.077262563263819,9.434999942779543,10.032601084965904,8.837398800593181,9.625,9.485000133514404,9.072499752044678,9.519999980926514,10.220000267028809
2019-08-08,9.479999542236328,9.609999656677246,9.369999885559082,9.399999618530272,153700,0,0,-0.00106272359659898,2.075055007321507,9.443999910354615,10.033661751598668,8.854338069110561,9.625,9.525000095367432,9.044999837875366,9.519999980926514,10.399999618530272
2019-08-09,9.380000114440918,9.5,9.329999923706056,9.489999771118164,177600,0,0,0.009574484706411646,2.0949225897540695,9.450999879837036,10.03934012588303,8.862659633791043,9.625,9.545000076293945,9.044999837875366,9.519999980926514,10.229999542236328
2019-08-12,9.449999809265137,9.670000076293944,9.369999885559082,9.65999984741211,166100,0,0,0.017913601727507222,2.132450198676882,9.468999862670898,10.05980930088332,8.878190424458477,9.625,9.545000076293945,9.044999837875366,9.554999828338623,10.210000038146973
2019-08-13,9.640000343322754,9.729999542236328,9.550000190734863,9.56999969482422,119900,0,0,-0.009316786129349608,2.1125826162443206,9.485999870300294,10.067721769616973,8.904277970983614,9.525000095367432,9.545000076293945,9.044999837875366,9.71500015258789,10.119999885559082
2019-08-14,9.369999885559082,9.470000267028809,8.5,9.43000030517578,135200,0,0,-0.014628985800716143,2.081677675148443,9.500999879837035,10.060016803290262,8.941982956383809,9.235000133514404,9.335000038146973,9.044999837875366,9.724999904632568,10.1899995803833
2019-08-15,9.460000038146973,9.520000457763672,9.350000381469728,9.399999618530272,106500,0,0,-0.003181408873236369,2.0750550073215077,9.512499856948853,10.05275500272789,8.972244711169816,9.150000095367432,9.335000038146973,9.059999704360962,9.78499984741211,10.229999542236328
2019-08-16,9.43000030517578,9.760000228881836,9.43000030517578,9.75,229400,0,0,0.03723408464610678,2.1523177811094443,9.546499872207642,10.055435791366595,9.03756395304869,9.130000114440918,9.335000038146973,9.074999809265137,9.78499984741211,10.0600004196167
2019-08-19,9.760000228881836,9.880000114440918,9.699999809265137,9.720000267028809,185400,0,0,-0.0030768956893529875,2.1456953238066307,9.582499885559082,10.029126201010984,9.135873570107181,9.190000057220459,9.335000038146973,9.049999713897705,9.614999771118164,10.199999809265137
2019-08-20,9.6899995803833,9.760000228881836,9.43000030517578,9.479999542236328,154600,0,0,-0.024691431913493544,2.092715033811758,9.602499866485594,9.988411413734557,9.216588319236632,9.190000057220459,9.335000038146973,9.074999809265137,9.614999771118164,9.960000038146973
2019-08-21,9.5,9.630000114440918,9.40999984741211,9.520000457763672,138700,0,0,0.0042195060610632495,2.1015452575810047,9.605999898910522,9.987512867058024,9.22448693076302,9.190000057220459,9.335000038146973,9.09499979019165,9.614999771118164,9.989999771118164
2019-08-22,9.59000015258789,9.59000015258789,9.350000381469728,9.40999984741211,120900,0,0,-0.011554685405698262,2.0772625632638193,9.60899987220764,9.983208940667593,9.234790803747687,9.190000057220459,9.335000038146973,9.104999780654907,9.614999771118164,9.899999618530272
2019-08-23,9.399999618530272,9.470000267028809,9.06999969482422,9.119999885559082,169000,0,0,-0.03081827487306299,2.0132449146056315,9.572499847412107,9.986322769828318,9.158676924995897,9.190000057220459,9.335000038146973,9.104999780654907,9.614999771118164,9.789999961853027
2019-08-26,9.25,9.25,9.020000457763672,9.18000030517578,90200,0,0,0.006578993461579419,2.0264900397353798,9.538499879837035,9.96395384602103,9.11304591365304,9.190000057220459,9.335000038146973,9.104999780654907,9.614999771118164,9.710000038146973
2019-08-27,9.1899995803833,9.3100004196167,9.029999732971191,9.09000015258789,198600,0,0,-0.009803937864484191,2.006622457302818,9.493999910354614,9.911448141212595,9.076551679496632,9.450000286102295,9.335000038146973,9.114999771118164,9.574999809265137,9.609999656677246
2019-08-28,9.06999969482422,9.18000030517578,9.0,9.020000457763672,141600,0,0,-0.007700736375047312,1.9911699867548793,9.460999917984008,9.917389424088727,9.00461041187929,9.440000057220459,9.335000038146973,9.114999771118164,9.460000038146973,9.800000190734863
2019-08-29,9.109999656677246,9.239999771118164,9.039999961853027,9.18000030517578,133100,0,0,0.017738341384937906,2.0264900397353798,9.43349995613098,9.887997174362097,8.979002737899863,9.440000057220459,9.335000038146973,9.164999961853027,9.404999732971191,9.850000381469728
2019-08-30,9.210000038146973,9.31999969482422,9.039999961853027,9.130000114440918,72000,0,0,-0.005446643689834163,2.015452470547943,9.394499969482421,9.810593319275592,8.97840661968925,9.380000114440918,9.335000038146973,9.21999979019165,9.339999675750732,9.6899995803833
2019-09-03,9.06999969482422,9.06999969482422,8.760000228881836,8.779999732971191,110300,0,0,-0.038335200118577384,1.9381896967600065,9.35699996948242,9.846983374248243,8.867016564716597,9.195000171661377,9.335000038146973,9.434999942779541,9.369999885559082,9.699999809265137
2019-09-04,8.930000305175781,8.930000305175781,8.710000038146973,8.729999542236328,138000,0,0,-0.005694782717031277,1.9271521275725696,9.323499965667724,9.884444174005354,8.762555757330093,9.150000095367432,9.335000038146973,9.460000038146973,9.394999980926514,9.6899995803833
2019-09-05,8.869999885559082,9.520000457763672,8.869999885559082,9.470000267028809,479500,0,0,0.08476526501660242,2.0905076883935676,9.326499986648559,9.889925794616971,8.763074178680146,9.115000247955322,9.335000038146973,9.460000038146973,9.394999980926514,9.899999618530272
2019-09-06,9.520000457763672,9.520000457763672,9.170000076293944,9.199999809265137,203500,0,0,-0.02851113517955406,2.0309049410958817,9.316499996185303,9.881466801710046,8.751533190660561,9.115000247955322,9.235000133514404,9.5,9.434999942779541,9.84000015258789
2019-09-09,9.220000267028809,9.489999771118164,9.140000343322754,9.449999809265137,171000,0,0,0.027173913606849176,2.0860925765089444,9.314499998092652,9.877250773463764,8.75174922272154,9.115000247955322,9.235000133514404,9.5,9.434999942779541,9.93000030517578
2019-09-10,9.460000038146973,9.600000381469728,9.260000228881836,9.59000015258789,456800,0,0,0.014814851444281851,2.116997728128944,9.31100001335144,9.865842117949121,8.75615790875376,9.15500020980835,9.190000057220459,9.507499933242798,9.434999942779541,9.979999542236328
2019-09-11,9.65999984741211,9.890000343322754,9.470000267028809,9.880000114440918,218000,0,0,0.030239828700604265,2.1810153767871316,9.326500034332273,9.92547940685606,8.727520661808487,9.300000190734863,9.195000171661377,9.512500047683716,9.434999942779541,10.109999656677246
2019-09-12,9.779999732971191,10.109999656677246,9.609999656677246,10.050000190734863,204500,0,0,0.017206485255548465,2.2185429857099437,9.357500028610229,10.034671257782701,8.680328799437756,9.40999984741211,9.304999828338623,9.565000057220459,9.434999942779541,10.06999969482422
2019-09-13,10.029999732971191,10.279999732971191,10.020000457763672,10.220000267028809,344800,0,0,0.016915430155978406,2.256070594632756,9.398500061035156,10.17426300896801,8.622737113102302,9.494999885559082,9.389999866485596,9.555000066757202,9.434999942779541,10.210000038146973
2019-09-16,10.119999885559082,10.460000038146973,10.109999656677246,10.399999618530272,193400,0,0,0.01761246054779142,2.295805548973758,9.43100004196167,10.311540935882176,8.550459148041165,9.585000038146973,9.480000019073486,9.575000047683716,9.434999942779541,10.239999771118164
2019-09-17,10.369999885559082,10.390000343322754,10.079999923706056,10.229999542236328,173800,0,0,-0.016346161781683577,2.258277940050946,9.456500005722045,10.397198420002399,8.515801591441692,9.664999961853027,9.480000019073486,9.585000038146973,9.434999942779541,10.270000457763672
2019-09-18,10.1899995803833,10.260000228881836,10.050000190734863,10.210000038146973,166900,0,0,-0.001954985824464961,2.2538630386904446,9.493000030517578,10.490100861144247,8.495899199890909,9.800000190734863,9.480000019073486,9.585000038146973,9.434999942779541,10.149999618530272
2019-09-19,10.220000267028809,10.380000114440918,10.109999656677246,10.119999885559082,90500,0,0,-0.008814902277338721,2.2339954562578828,9.523000001907349,10.557364430388429,8.488635573426269,9.800000190734863,9.480000019073486,9.535000085830688,9.434999942779541,11.020000457763672
2019-09-20,10.119999885559082,10.239999771118164,9.970000267028809,10.1899995803833,553100,0,0,0.006916965969941069,2.2494479268058214,9.561999988555907,10.634906865197028,8.489093111914787,9.860000133514404,9.585000038146973,9.285000085830688,9.335000038146973,10.920000076293944
2019-09-23,10.09000015258789,10.279999732971191,9.989999771118164,10.229999542236328,153800,0,0,0.003925413493640395,2.2582779400509465,9.61749997138977,10.708093572838003,8.526906369941539,9.96500015258789,9.585000038146973,9.242500066757202,9.335000038146973,11.050000190734863
2019-09-24,10.199999809265137,10.300000190734863,10.0,10.0600004196167,149000,0,0,-0.0166177057895025,2.220750541652256,9.661499977111816,10.748907627445165,8.574092326778468,10.03499984741211,9.585000038146973,9.232500076293945,9.335000038146973,10.970000267028809
2019-09-25,10.050000190734863,10.229999542236328,10.0,10.199999809265137,120500,0,0,0.013916439742432063,2.251655482748133,9.716999959945678,10.795236170970114,8.638763748921242,10.21500015258789,9.585000038146973,9.262500047683716,9.335000038146973,10.899999618530272
2019-09-26,10.229999542236328,10.239999771118164,9.920000076293944,9.960000038146973,118500,0,0,-0.023529389765297948,2.198675403277382,9.763999938964844,10.797138057513392,8.730861820416296,10.190000057220459,9.585000038146973,9.262500047683716,9.335000038146973,11.0
2019-09-27,10.010000228881836,10.140000343322754,9.890000343322754,9.989999771118164,126300,0,0,0.00301202137111356,2.205297860580195,9.804499912261964,10.805554717267782,8.803445107256145,10.140000343322754,9.585000038146973,9.262500047683716,9.335000038146973,11.270000457763672
2019-09-30,10.039999961853027,10.0600004196167,9.869999885559082,9.899999618530272,150400,0,0,-0.009009024489478934,2.1854302781476327,9.84299988746643,10.794826938010555,8.891172836922305,10.125,9.585000038146973,9.262500047683716,9.335000038146973,11.510000228881836
2019-10-01,9.989999771118164,10.0600004196167,9.710000038146973,9.789999961853027,175600,0,0,-0.011111076860180202,2.1611477943545694,9.893499898910523,10.710667017806992,9.076332780014054,10.045000076293945,9.585000038146973,9.262500047683716,9.335000038146973,11.350000381469728
2019-10-02,9.739999771118164,9.770000457763672,9.600000381469728,9.710000038146973,128100,0,0,-0.008171595916013907,2.143487767864319,9.942499923706055,10.567920212053144,9.317079635358967,9.950000286102295,9.585000038146973,9.262500047683716,9.335000038146973,11.260000228881836
2019-10-03,9.640000343322754,9.729999542236328,9.5,9.609999656677246,116000,0,0,-0.01029870041986225,2.1214126294894453,9.949499893188477,10.556266521256793,9.342733265120161,9.900000095367432,9.585000038146973,9.392500162124634,9.335000038146973,11.34000015258789
2019-10-04,9.649999618530272,9.8100004196167,9.5600004196167,9.800000190734863,92200,0,0,0.019771128079656197,2.1633553502968814,9.979499912261963,10.484935645322421,9.474064179201504,9.900000095367432,9.585000038146973,9.387500047683716,9.335000038146973,11.449999809265137
2019-10-07,9.800000190734863,9.920000076293944,9.68000030517578,9.850000381469728,93800,0,0,0.005102060179767776,2.1743929194843186,9.999499940872193,10.447328667004674,9.551671214739711,9.869999885559082,9.585000038146973,9.387500047683716,9.335000038146973,11.4399995803833
2019-10-08,9.720000267028809,9.789999961853027,9.670000076293944,9.6899995803833,95300,0,0,-0.01624373552182068,2.139072655979696,10.004499912261963,10.435675203051476,9.57332462147245,9.869999885559082,9.585000038146973,9.357500076293945,9.335000038146973,11.329999923706056
2019-10-09,9.739999771118164,9.829999923706056,9.630000114440918,9.699999809265137,104900,0,0,0.0010320154091729705,2.1412802119220076,9.995499897003175,10.444050537787874,9.546949256218475,9.820000171661377,9.585000038146973,9.265000104904175,9.335000038146973,11.18000030517578
2019-10-10,9.68000030517578,9.859999656677246,9.670000076293944,9.6899995803833,103800,0,0,-0.001030951451389095,2.139072655979696,9.977499866485596,10.444573049829938,9.510426683141255,9.78000020980835,9.664999961853027,9.242500066757202,9.335000038146973,11.119999885559082
2019-10-11,9.869999885559082,10.020000457763672,9.84000015258789,9.899999618530272,109000,0,0,0.021671831500601924,2.185430278147633,9.96149983406067,10.415863684493901,9.507135983627437,9.78000020980835,9.800000190734863,9.225000143051147,9.335000038146973,10.949999809265137
2019-10-14,9.81999969482422,10.039999961853027,9.75,9.84000015258789,110600,0,0,-0.006060552348919002,2.172185363542007,9.93349986076355,10.342625184936535,9.524374536590566,9.769999980926514,9.800000190734863,9.175000190734863,9.335000038146973,10.899999618530272
2019-10-15,9.93000030517578,9.989999771118164,9.859999656677246,9.93000030517578,117700,0,0,0.009146356828482194,2.1920529459745683,9.918499898910522,10.304117929740116,9.532881868080928,9.769999980926514,9.860000133514404,9.175000190734863,9.335000038146973,10.800000190734863
2019-10-16,9.949999809265137,10.09000015258789,9.880000114440918,9.979999542236328,81000,0,0,0.005035169740577716,2.203090304637884,9.906999874114991,10.26997464401711,9.544025104212873,9.825000286102295,9.96500015258789,9.172500133514404,9.335000038146973,10.68000030517578
2019-10-17,10.020000457763672,10.140000343322754,9.979999542236328,10.109999656677246,119200,0,0,0.013026064168715212,2.231787900315571,9.906499862670898,10.268312722511991,9.544687002829805,9.885000228881836,9.980000019073486,9.24750018119812,9.335000038146973,10.68000030517578
2019-10-18,10.050000190734863,10.239999771118164,10.050000190734863,10.06999969482422,119900,0,0,-0.0039564750950913385,2.2229578870704465,9.900499868392945,10.246790999233863,9.554208737552027,9.934999942779541,9.980000019073486,9.357499837875366,9.335000038146973,10.859999656677246
2019-10-21,10.18000030517578,10.279999732971191,10.149999618530272,10.210000038146973,83700,0,0,0.013902715746328065,2.253863038690445,9.899499893188477,10.242033960019933,9.55696582635702,9.954999923706055,9.980000019073486,9.442499876022339,9.389999866485596,11.34000015258789
2019-10-22,10.149999618530272,10.350000381469728,10.06999969482422,10.239999771118164,132000,0,0,0.0029382696238104966,2.2604854959932585,9.90849986076355,10.276243573306678,9.540756148220423,10.010000228881836,9.945000171661377,9.53250002861023,9.480000019073486,11.119999885559082
2019-10-23,10.229999542236328,10.289999961853027,10.18000030517578,10.270000457763672,58700,0,0,0.002929754620710545,2.2671081638201938,9.911999893188476,10.29203683212994,9.531962954247012,10.050000190734863,9.940000057220459,9.572499990463257,9.480000019073486,11.09000015258789
2019-10-24,10.279999732971191,10.350000381469728,10.119999885559082,10.149999618530272,93400,0,0,-0.01168459920979703,2.240617913560696,9.921499872207642,10.315263851419337,9.527735892995947,10.050000190734863,9.940000057220459,9.640000104904175,9.480000019073486,11.109999656677246
2019-10-25,10.4399995803833,11.18000030517578,10.270000457763672,11.020000457763672,243800,0,0,0.0857143716188018,2.4326710700593814,9.972999906539917,10.595381580889912,9.350618232189921,10.519999980926514,10.34000015258789,9.640000104904175,9.480000019073486,11.289999961853027
2019-10-28,11.199999809265137,11.359999656677246,10.899999618530272,10.920000076293944,195000,0,0,-0.009074444402520587,2.410595931684507,10.0239999294281,10.770383859593974,9.277615999262228,10.619999885559082,10.429999828338623,9.722500085830688,9.480000019073486,11.350000381469728
2019-10-29,10.949999809265137,11.100000381469728,10.880000114440918,11.050000190734863,144600,0,0,0.011904772301525535,2.439293527362195,10.086999940872193,10.948863152767963,9.225136728976423,10.669999599456787,10.429999828338623,9.775000095367432,9.480000019073486,11.460000038146973
2019-10-30,11.0600004196167,11.0600004196167,10.859999656677246,10.970000267028809,167200,0,0,-0.007239811975128574,2.4216335008719447,10.149999952316284,11.075022353071349,9.224977551561219,10.704999923706055,10.429999828338623,9.809999942779541,9.480000019073486,11.56999969482422
2019-10-31,10.949999809265137,10.960000038146973,10.75,10.899999618530272,168500,0,0,-0.006381098158122156,2.406180819799884,10.214499950408936,11.15981271895047,9.269187181867402,10.714999675750732,10.429999828338623,9.900000095367432,9.480000019073486,11.630000114440918
2019-11-01,10.920000076293944,11.09000015258789,10.869999885559082,11.0,185900,0,0,0.009174347244905068,2.4282559581747583,10.274499940872193,11.25891520010413,9.290084681640256,10.714999675750732,10.429999828338623,9.887500047683716,9.480000019073486,11.890000343322754
2019-11-04,11.100000381469728,11.300000190734863,10.989999771118164,11.270000457763672,275400,0,0,0.024545496160333746,2.487858705472444,10.345499944686889,11.40031187600258,9.290688013371199,10.739999771118164,10.429999828338623,9.862500190734863,9.480000019073486,12.199999809265137
2019-11-05,11.34000015258789,11.760000228881836,11.3100004196167,11.510000228881836,234800,0,0,0.021295453537699904,2.540838784943195,10.436499977111817,11.561864757013543,9.31113519721009,10.940000057220459,10.630000114440918,9.855000019073486,9.480000019073486,12.609999656677246
2019-11-06,11.479999542236328,11.5,11.289999961853027,11.350000381469728,93400,0,0,-0.013900942157292318,2.5055187319626944,10.519000005722045,11.658285905669446,9.379714105774644,11.015000343322754,10.630000114440918,9.815000057220459,9.480000019073486,12.380000114440918
2019-11-07,11.5,11.5600004196167,11.199999809265137,11.260000228881836,199800,0,0,-0.007929528595860602,2.4856511495301317,10.597500038146972,11.713349009176222,9.481651067117722,11.255000114440918,10.630000114440918,9.767500162124634,9.480000019073486,12.81999969482422
2019-11-08,11.25,11.40999984741211,11.100000381469728,11.34000015258789,186800,0,0,0.007104788817042351,2.503311176020382,10.669500064849853,11.781820926772015,9.55717920292769,11.255000114440918,10.660000324249268,9.742500066757202,9.480000019073486,13.300000190734863
2019-11-11,11.3100004196167,11.470000267028809,11.25,11.449999809265137,164300,0,0,0.009700145960945372,2.527593659813445,10.750000047683717,11.843207331546479,9.656792763820954,11.255000114440918,10.695000171661377,9.742500066757202,9.480000019073486,13.56999969482422
2019-11-12,11.460000038146973,11.539999961853027,11.350000381469728,11.4399995803833,197200,0,0,-0.0008733824496437448,2.525386103871133,10.825500011444092,11.889624880988329,9.761375141899855,11.255000114440918,10.695000171661377,9.727499961853027,9.480000019073486,13.4399995803833
2019-11-13,11.350000381469728,11.550000190734863,11.260000228881836,11.329999923706056,172500,0,0,-0.009615354957343336,2.50110362007807,10.893000030517578,11.903375757288284,9.882624303746873,11.315000057220459,10.695000171661377,9.727499961853027,9.480000019073486,13.149999618530272
2019-11-14,11.329999923706056,11.329999923706056,11.130000114440918,11.18000030517578,113200,0,0,-0.013239154416623489,2.46799112303988,10.946500062942505,11.896225641638921,9.996774484246089,11.375,10.71500015258789,9.702500104904175,9.480000019073486,13.050000190734863
2019-11-15,11.279999732971191,11.34000015258789,11.079999923706056,11.119999885559082,103200,0,0,-0.005366763683263942,2.454745997910132,10.999000072479248,11.860154340380046,10.13784580457845,11.420000076293945,10.755000114440918,9.722500085830688,9.480000019073486,13.09000015258789
2019-11-18,11.09000015258789,11.100000381469728,10.850000381469728,10.949999809265137,144000,0,0,-0.015287776802472397,2.4172183889873193,11.036000061035157,11.817453186052502,10.254546936017812,11.205000400543213,10.755000114440918,9.790000200271606,9.480000019073486,12.970000267028809
2019-11-19,11.010000228881836,11.010000228881836,10.720000267028809,10.899999618530272,242600,0,0,-0.004566227543909007,2.406180819799882,11.069000053405762,11.763186227181796,10.374813879629729,11.140000343322754,10.809999942779541,9.785000085830688,9.480000019073486,12.859999656677246
2019-11-20,10.84000015258789,10.979999542236328,10.729999542236328,10.800000190734863,281300,0,0,-0.009174259751845049,2.3841058919491305,11.095500040054322,11.699327400804343,10.491672679304301,11.135000228881836,10.820000171661377,9.815000057220459,9.480000019073486,13.0
2019-11-21,10.880000114440918,10.890000343322754,10.640000343322754,10.68000030517578,222200,0,0,-0.011111100318500933,2.3576158522137547,11.122000074386596,11.586674352037587,10.657325796735606,11.095000267028809,10.869999885559082,9.895000219345093,9.480000019073486,12.970000267028809
2019-11-22,10.770000457763672,10.84000015258789,10.65999984741211,10.68000030517578,231000,0,0,0.0,2.3576158522137547,11.105000066757203,11.60714592974826,10.602854203766146,11.095000267028809,10.90500020980835,9.932500123977661,9.480000019073486,12.890000343322754
2019-11-25,10.779999732971191,10.9399995803833,10.59000015258789,10.859999656677246,722300,0,0,0.016853871381842023,2.397350806554757,11.102000045776368,11.609277684616318,10.594722406936418,11.070000171661377,10.914999961853027,9.957499980926514,9.480000019073486,12.649999618530272
2019-11-26,10.899999618530272,11.460000038146973,10.770000457763672,11.34000015258789,354700,0,0,0.04419894208887176,2.503311176020381,11.116500043869019,11.63359433884075,10.599405748897288,11.025000095367432,10.914999961853027,9.96749997138977,9.480000019073486,12.470000267028809
2019-11-27,11.359999656677246,11.470000267028809,11.010000228881836,11.119999885559082,241100,0,0,-0.019400376020153987,2.454745997910132,11.124000024795532,11.636661800898533,10.61133824869253,11.03000020980835,10.940000057220459,9.977500200271606,9.480000019073486,12.239999771118164
2019-11-29,11.09000015258789,11.220000267028809,11.0600004196167,11.09000015258789,118500,0,0,-0.002697817741001085,2.4481235406073183,11.133500051498412,11.636039379380865,10.63096072361596,11.03000020980835,10.940000057220459,9.995000123977661,9.480000019073486,12.260000228881836
2019-12-02,11.18000030517578,11.239999771118164,11.010000228881836,11.109999656677246,158600,0,0,0.0018033817686367026,2.45253844196782,11.139000034332275,11.637930531457755,10.640069537206795,11.03000020980835,11.015000343322754,9.995000123977661,9.480000019073486,12.119999885559082
2019-12-03,11.550000190734863,11.65999984741211,11.149999618530272,11.289999961853027,312800,0,0,0.016201648131249025,2.4922736068329443,11.140000009536744,11.640067924072467,10.63993209500102,11.125,11.175000190734863,10.430000066757202,9.84000015258789,12.029999732971191
2019-12-04,11.40999984741211,11.449999809265137,11.3100004196167,11.350000381469728,263700,0,0,0.005314474740427899,2.505518731962693,11.132000017166138,11.612672392827019,10.651327641505258,11.125,11.175000190734863,10.524999856948853,10.03499984741211,12.15999984741211
2019-12-05,11.399999618530272,11.529999732971191,11.329999923706056,11.460000038146973,290400,0,0,0.00969159938151476,2.5298012157557563,11.1375,11.630518335675966,10.644481664324033,11.125,11.175000190734863,10.549999713897705,10.03499984741211,12.09000015258789
2019-12-06,11.5600004196167,11.699999809265137,11.550000190734863,11.56999969482422,199800,0,0,0.009598573849135317,2.55408369954882,11.152999973297119,11.679195941045883,10.626804005548355,11.144999980926514,11.175000190734863,10.567499876022339,10.03499984741211,12.050000190734863
2019-12-09,11.510000228881836,11.760000228881836,11.510000228881836,11.630000114440918,354300,0,0,0.005185861814978043,2.5673288246785684,11.16749997138977,11.728717940348185,10.606282002431355,11.265000343322754,11.175000190734863,10.572499752044678,10.03499984741211,12.15999984741211
2019-12-10,11.59000015258789,11.979999542236328,11.520000457763672,11.890000343322754,380000,0,0,0.022355995384642835,2.624724016033943,11.189499998092652,11.82386323967791,10.555136756507393,11.494999885559082,11.28499984741211,10.572499752044678,10.03499984741211,12.109999656677246
2019-12-11,11.869999885559082,12.210000038146973,11.869999885559082,12.199999809265137,338300,0,0,0.026072284019442726,2.6931565660526324,11.227500009536744,11.995840920793254,10.459159098280233,11.610000133514404,11.400000095367432,10.584999799728394,10.03499984741211,12.050000190734863
2019-12-12,12.25,12.6899995803833,12.25,12.609999656677246,373400,0,0,0.033606545395249876,2.7836642544461956,11.291499996185303,12.270328867340076,10.31267112503053,11.849999904632568,11.639999866485596,10.785000085830688,10.235000133514404,12.09000015258789
2019-12-13,12.619999885559082,12.630000114440918,12.229999542236328,12.380000114440918,376800,0,0,-0.01823945666124893,2.7328917309177565,11.351499986648559,12.43805202242962,10.264947950867498,11.919999599456787,11.639999866485596,10.822500228881836,10.235000133514404,12.06999969482422
2019-12-16,12.5,12.850000381469728,12.4399995803833,12.81999969482422,457600,0,0,0.035541161253306974,2.8300218766141336,11.436499977111817,12.692112582783475,10.180887371440159,12.080000400543213,11.720000267028809,10.942500114440918,10.235000133514404,11.789999961853027
2019-12-17,12.789999961853027,13.350000381469728,12.789999961853027,13.300000190734863,500100,0,0,0.037441537233767086,2.935982246079757,11.553999996185302,13.028791026908257,10.079208965462348,12.340000152587892,11.970000267028809,10.957500219345093,10.235000133514404,11.619999885559082
2019-12-18,13.390000343322754,13.710000038146973,13.149999618530272,13.56999969482422,475800,0,0,0.020300714302052825,2.9955847828533217,11.6875,13.372198464507019,10.002801535492981,12.610000133514404,12.150000095367432,10.975000143051147,10.235000133514404,11.770000457763672
2019-12-19,13.5600004196167,13.729999542236328,12.989999771118164,13.4399995803833,302200,0,0,-0.009579964433639843,2.9668871871756344,11.819499969482422,13.616572481733424,10.02242745723142,12.619999885559082,12.15999984741211,10.975000143051147,10.235000133514404,11.56999969482422
2019-12-20,13.40999984741211,13.5600004196167,13.100000381469728,13.149999618530272,861400,0,0,-0.021577378787742352,2.902869538517446,11.942999935150146,13.749427252935831,10.136572617364461,12.625,12.15999984741211,11.005000114440918,10.235000133514404,11.609999656677246
2019-12-23,13.279999732971191,13.279999732971191,12.989999771118164,13.050000190734863,278600,0,0,-0.007604519444585733,2.8807946106666944,12.0614999294281,13.831144687105237,10.291855171750964,12.799999713897705,12.15999984741211,11.045000076293945,10.235000133514404,11.829999923706056
2019-12-24,13.06999969482422,13.140000343322754,12.619999885559082,13.09000015258789,111700,0,0,0.003065131131678056,2.889624623911819,12.172999954223632,13.906022293252038,10.439977615195227,12.979999542236328,12.15999984741211,11.087500095367432,10.315000057220459,12.079999923706056
2019-12-26,13.06999969482422,13.130000114440918,12.890000343322754,12.970000267028809,116800,0,0,-0.009167294435467044,2.8631345841764437,12.25449995994568,13.97631361202451,10.532686307866848,12.979999542236328,12.15999984741211,10.980000257492065,10.450000286102295,12.510000228881836
2019-12-27,12.93000030517578,12.93000030517578,12.720000267028809,12.859999656677246,269000,0,0,-0.00848115713853892,2.838851889859258,12.341499948501587,13.999187309460149,10.683812587543025,13.084999561309814,12.15999984741211,10.975000143051147,10.450000286102295,12.640000343322754
2019-12-30,12.859999656677246,13.020000457763672,12.850000381469728,13.0,463800,0,0,0.010886496660990286,2.869757041479257,12.436999940872193,14.012449487841355,10.86155039390303,13.174999713897705,12.15999984741211,10.977500200271606,10.510000228881836,12.600000381469728
2019-12-31,13.039999961853027,13.109999656677246,12.890000343322754,12.970000267028809,212800,0,0,-0.0023076717670147406,2.8631345841764433,12.52999997138977,13.995764254081145,11.064235688698396,13.174999713897705,12.15999984741211,10.982500076293945,10.615000247955322,12.56999969482422
2020-01-02,13.100000381469728,13.100000381469728,12.760000228881836,12.890000343322754,151300,0,0,-0.006168074175713301,2.845474557686193,12.609999990463256,13.96569241054122,11.254307570385294,13.174999713897705,12.15999984741211,11.000000238418579,10.630000114440918,12.529999732971191
2020-01-03,12.770000457763672,12.779999732971191,12.619999885559082,12.649999618530272,205200,0,0,-0.018619140294810488,2.79249426769132,12.674999952316284,13.899803869410569,11.450196035222,13.09000015258789,12.25,10.992500066757202,10.630000114440918,12.90999984741211
2020-01-06,12.539999961853027,12.56999969482422,12.40999984741211,12.470000267028809,146700,0,0,-0.014229198176242797,2.752759313350318,12.725499963760376,13.82087744639993,11.630122481120821,12.84499979019165,12.369999885559082,10.97000002861023,10.630000114440918,13.239999771118164
2020-01-07,12.460000038146973,12.460000038146973,12.170000076293944,12.239999771118164,261400,0,0,-0.018444305612308254,2.7019865792977567,12.758999967575074,13.745413844824075,11.772586090326072,12.65500020980835,12.369999885559082,10.985000133514404,10.630000114440918,13.15999984741211
2020-01-08,12.220000267028809,12.31999969482422,12.170000076293944,12.260000228881836,287700,0,0,0.001634024357652919,2.7064016911823803,12.79049997329712,13.663212003808804,11.917787942785436,12.650000095367432,12.369999885559082,10.985000133514404,10.630000114440918,13.279999732971191
2020-01-09,12.380000114440918,12.380000114440918,12.079999923706056,12.119999885559082,214300,0,0,-0.011419277382470505,2.6754965395623813,12.801999950408936,13.631478422206508,11.972521478611364,12.59499979019165,12.4399995803833,11.022500276565552,10.630000114440918,13.359999656677246
2020-01-10,12.140000343322754,12.140000343322754,11.920000076293944,12.029999732971191,190700,0,0,-0.007425755234133691,2.6556289571298195,12.793499946594238,13.65080375616668,11.936196137021797,12.514999866485596,12.519999980926514,11.150000095367432,10.630000114440918,13.510000228881836
2020-01-13,12.0600004196167,12.1899995803833,11.949999809265137,12.15999984741211,128500,0,0,0.010806327292312456,2.684326552807507,12.770999956130982,13.669475119458705,11.87252479280326,12.514999866485596,12.529999732971191,11.150000095367432,10.630000114440918,13.529999732971191
2020-01-14,12.0600004196167,12.119999885559082,11.880000114440918,12.09000015258789,269200,0,0,-0.0057565539229110785,2.6688740822595682,12.75649995803833,13.688843267722364,11.824156648354295,12.490000247955322,12.619999885559082,11.150000095367432,10.630000114440918,13.649999618530272
2020-01-15,11.989999771118164,12.15999984741211,11.979999542236328,12.050000190734863,196600,0,0,-0.0033085162405448454,2.660044069014443,12.717999982833863,13.699517236110905,11.73648272955682,12.329999923706055,12.619999885559082,11.160000085830688,10.630000114440918,13.609999656677246
2020-01-16,12.0600004196167,12.199999809265137,12.050000190734863,12.15999984741211,163200,0,0,0.00912860206938615,2.684326552807507,12.660999965667724,13.632959798271354,11.689040133064093,12.224999904632568,12.625,11.220000267028809,10.630000114440918,13.40999984741211
2020-01-17,12.25,12.279999732971191,12.050000190734863,12.109999656677246,173200,0,0,-0.004111857842292954,2.67328898362007,12.587999963760376,13.49214394303695,11.683855984483802,12.170000076293945,12.799999713897705,11.389999866485596,10.739999771118164,13.399999618530272
2020-01-21,12.050000190734863,12.149999618530272,11.970000267028809,12.050000190734863,199200,0,0,-0.004954539029181526,2.6600440690144436,12.518499994277954,13.36093474150275,11.67606524705316,12.130000114440918,12.804999828338623,11.505000114440918,10.855000019073486,12.720000267028809
2020-01-22,12.0600004196167,12.140000343322754,11.90999984741211,12.09000015258789,142300,0,0,0.0033194988564217986,2.6688740822595687,12.465500020980835,13.274715843688377,11.656284198273294,12.130000114440918,12.804999828338623,11.744999885559082,11.09499979019165,12.170000076293944
2020-01-23,11.979999542236328,12.149999618530272,11.5600004196167,12.06999969482422,221200,0,0,-0.0016542975608969668,2.6644589703749455,12.416499996185303,13.196032918576496,11.63696707379411,11.920000076293945,12.644999980926514,11.779999732971191,11.09499979019165,12.6899995803833
2020-01-24,12.06999969482422,12.15999984741211,11.729999542236328,11.789999961853027,161700,0,0,-0.02319799006219203,2.6026488776590693,12.351499986648559,13.11191615613186,11.591083817165257,11.920000076293945,12.644999980926514,11.90000033378601,11.175000190734863,12.210000038146973
2020-01-27,11.56999969482422,11.729999542236328,11.470000267028809,11.619999885559082,180600,0,0,-0.014419005669549345,2.565121268736257,12.283999967575074,13.052538963721263,11.515460971428885,11.875,12.599999904632568,12.15500020980835,11.455000400543213,11.75
2020-01-28,11.670000076293944,11.800000190734863,11.630000114440918,11.770000457763672,179600,0,0,0.012908827339233042,2.5982339762985673,12.229500007629394,12.981149624449248,11.47785039080954,11.875,12.599999904632568,12.380000114440918,11.670000076293945,11.140000343322754
2020-01-29,11.729999542236328,11.829999923706056,11.5600004196167,11.56999969482422,181100,0,0,-0.016992417600759535,2.55408369954882,12.157999992370605,12.873689048836898,11.442310935904313,11.875,12.515000343322754,12.389999866485596,11.679999828338623,11.199999809265137
2020-01-30,11.5,11.670000076293944,11.399999618530272,11.609999656677246,182100,0,0,0.0034572137344930365,2.562913712793945,12.089999961853028,12.738782053011803,11.441217870694253,11.839999675750732,12.339999675750732,12.392499923706055,11.679999828338623,9.31999969482422
2020-01-31,11.40999984741211,11.899999618530272,11.40999984741211,11.829999923706056,400800,0,0,0.018949205300129446,2.611478890904195,12.036999940872192,12.579056961904751,11.494942919839634,11.779999732971191,12.269999980926514,12.479999780654907,11.699999809265137,9.40999984741211
2020-02-03,11.890000343322754,12.149999618530272,11.890000343322754,12.079999923706056,245600,0,0,0.021132713576694773,2.6666665263172575,12.008499956130981,12.47211471125938,11.544885201002582,11.779999732971191,12.264999866485596,12.569999694824219,11.739999771118164,8.899999618530273
2020-02-04,12.149999618530272,12.56999969482422,12.149999618530272,12.510000228881836,673700,0,0,0.03559605197777671,2.761589326595444,12.010499954223633,12.482422407455942,11.538577500991323,11.984999656677246,12.25499963760376,12.569999694824219,11.739999771118164,7.550000190734863
2020-02-05,12.68000030517578,12.800000190734863,12.579999923706056,12.640000343322754,198800,0,0,0.010391695608509055,2.7902869222731312,12.030499982833863,12.569541447515682,11.491458518152044,12.099999904632568,12.25499963760376,12.622499704360962,11.794999599456787,7.510000228881836
2020-02-06,12.65999984741211,12.800000190734863,12.510000228881836,12.600000381469728,249300,0,0,-0.003164553858114094,2.7814569090280066,12.047499990463256,12.634291184866719,11.460708796059794,12.099999904632568,12.25499963760376,12.667499780654907,11.804999828338623,5.25
2020-02-07,12.529999732971191,12.649999618530272,12.420000076293944,12.56999969482422,533500,0,0,-0.0023810068045416743,2.7748342412010714,12.069999980926514,12.699613283941394,11.440386677911635,12.099999904632568,12.25,12.667499780654907,11.854999542236328,4.630000114440918
2020-02-10,12.520000457763672,12.68000030517578,12.510000228881836,12.529999732971191,197700,0,0,-0.0031821768356525837,2.766004227955946,12.094999980926513,12.755564347398082,11.434435614454944,12.099999904632568,12.099999904632568,12.667499780654907,11.889999866485596,3.5799999237060547
2020-02-11,12.600000381469728,12.9399995803833,12.579999923706056,12.90999984741211,274500,0,0,0.030327224464418157,2.8498894590466954,12.132499980926514,12.883568363594424,11.381431598258605,12.169999599456787,12.169999599456787,12.670000076293945,11.899999618530273,4.579999923706055
2020-02-12,13.039999961853027,13.260000228881836,13.0,13.239999771118164,188500,0,0,0.025561574562853684,2.9227371209500084,12.189999961853028,13.083512923285713,11.296487000420342,12.335000038146973,12.329999923706055,12.607499837875366,11.899999618530273,3.990000009536743
2020-02-13,13.15999984741211,13.220000267028809,12.960000038146973,13.15999984741211,188800,0,0,-0.0060422904145789325,2.905077094459758,12.24549994468689,13.23149521222162,11.259504677152158,12.575000286102295,12.329999923706055,12.512500047683716,11.924999713897705,4.119999885559082
2020-02-14,13.15999984741211,13.3100004196167,13.079999923706056,13.279999732971191,269200,0,0,0.009118532443044058,2.9315671341951335,12.301499938964843,13.385201190353891,11.217798687575796,12.730000019073486,12.355000019073486,12.509999990463257,11.924999713897705,4.860000133514404
2020-02-18,13.239999771118164,13.369999885559082,13.130000114440918,13.359999656677246,174600,0,0,0.006024090761646228,2.949227160685384,12.363999938964843,13.53776952838473,11.190230349544956,12.894999980926514,12.384999752044678,12.517499685287476,12.0,5.409999847412109
2020-02-19,13.420000076293944,13.550000190734863,13.31999969482422,13.510000228881836,164700,0,0,0.011227588028388968,2.982339868247695,12.436999940872193,13.702618152502621,11.171381729241764,12.985000133514404,12.474999904632568,12.517499923706055,12.15999984741211,5.760000228881836
2020-02-20,13.489999771118164,13.630000114440918,13.359999656677246,13.529999732971191,495000,0,0,0.0014803481680629726,2.9867547696081966,12.508999919891357,13.849904996034068,11.168094843748646,13.025000095367432,12.514999866485596,12.522499799728394,12.15999984741211,5.769999980926514
2020-02-21,13.520000457763672,13.68000030517578,13.359999656677246,13.649999618530272,225800,0,0,0.008869171317620328,3.0132448093435715,12.58799991607666,14.001169910517365,11.174829921635954,13.095000267028809,12.539999961853026,12.555000066757202,12.15999984741211,5.800000190734863
2020-02-24,13.40999984741211,13.6899995803833,12.90999984741211,13.609999656677246,434700,0,0,-0.0029304002176472332,3.004414796098447,12.678999900817871,14.10938143592869,11.248618365707053,13.134999752044678,12.544999599456787,12.474999904632568,12.15999984741211,6.070000171661377
2020-02-25,13.59000015258789,13.649999618530272,13.329999923706056,13.40999984741211,417800,0,0,-0.014695063505531736,2.960264729872821,12.768499898910523,14.145049958524911,11.391949839296135,13.299999713897705,12.544999599456787,12.424999952316284,12.15999984741211,5.409999847412109
2020-02-26,13.4399995803833,13.529999732971191,13.270000457763672,13.399999618530272,707700,0,0,-0.0007457292315903308,2.958057173930509,12.849999856948852,14.171770874428322,11.528228839469381,13.299999713897705,12.544999599456787,12.484999895095825,12.15999984741211,5.079999923706055
2020-02-27,13.170000076293944,13.239999771118164,12.720000267028809,12.720000267028809,541100,0,0,-0.05074622170594112,2.8079469487633815,12.907499885559082,14.093188922930821,11.721810848187342,13.204999923706055,12.544999599456787,12.46749997138977,12.15999984741211,4.699999809265137
2020-02-28,12.329999923706056,12.579999923706056,11.899999618530272,12.170000076293944,563300,0,0,-0.04323900779786194,2.686534108749819,12.935499906539917,14.018215407704284,11.85278440537555,12.794999599456787,12.544999599456787,12.46749997138977,12.15999984741211,5.5
2020-03-02,12.260000228881836,12.710000038146973,12.140000343322754,12.6899995803833,348400,0,0,0.04272797870414724,2.8013242809364463,12.97849988937378,13.942802784657738,12.01419699408982,12.794999599456787,12.544999599456787,12.28250002861023,12.15999984741211,5.449999809265137
2020-03-03,12.619999885559082,12.890000343322754,12.100000381469728,12.210000038146973,394700,0,0,-0.03782502427961698,2.6953641219949445,12.984999895095825,13.926218631015072,12.043781159176579,12.794999599456787,12.544999599456787,12.28250002861023,12.15999984741211,5.75
2020-03-04,12.369999885559082,12.369999885559082,11.510000228881836,11.75,453500,0,0,-0.037674040680575116,2.593818864413944,12.946999883651733,14.01602697641035,11.877972790893116,12.599999904632568,12.544999599456787,12.237499952316284,12.15999984741211,6.909999847412109
2020-03-05,11.5,11.6899995803833,11.039999961853027,11.140000343322754,414400,0,0,-0.051914864398063476,2.4591611097947554,12.871999883651734,14.199107698221885,11.544892069081582,12.364999771118164,12.364999771118164,12.237499952316284,12.15999984741211,6.550000190734863
2020-03-06,10.760000228881836,11.329999923706056,10.75,11.199999809265137,363700,0,0,0.005385948302806476,2.472406024400382,12.801999855041505,14.315829285163602,11.288170424919407,12.199999809265137,12.21999979019165,12.195000171661377,12.15999984741211,6.340000152587891
2020-03-09,10.68000030517578,10.770000457763672,9.25,9.31999969482422,389000,0,0,-0.16785715593367212,2.0573949808312566,12.639499855041503,14.79018032419125,10.488819385891757,11.389999866485596,11.46999979019165,12.089999675750732,12.15999984741211,5.929999828338623
2020-03-10,9.539999961853027,9.729999542236328,9.039999961853027,9.40999984741211,392200,0,0,0.0096566690488058,2.0772625632638184,12.48349986076355,15.059031275392135,9.907968446134964,11.139999866485596,11.364999771118164,12.024999856948853,12.15999984741211,5.559999942779541
2020-03-11,9.130000114440918,9.350000381469728,8.720000267028809,8.899999618530273,357900,0,0,-0.054197687263735084,1.9646797364953812,12.282999849319458,15.288067710463588,9.277931988175327,10.805000305175781,11.204999923706055,12.022499799728394,12.15999984741211,6.269999980926514
2020-03-12,8.289999961853027,8.529999732971191,7.389999866485596,7.550000190734863,414600,0,0,-0.15168533546727792,1.6666666315793162,11.998499870300293,15.610598533086554,8.386401207514032,10.140000104904175,10.539999723434448,12.119999647140503,12.15999984741211,6.289999961853027
2020-03-13,8.010000228881836,8.229999542236328,7.300000190734863,7.510000228881836,593700,0,0,-0.005298008058610915,1.657836618334191,11.71599988937378,15.781120209924422,7.650879568823138,10.095000267028809,10.494999885559082,12.177499771118164,12.15999984741211,5.889999866485596
2020-03-16,4.0,6.980000019073486,4.0,5.25,570800,0,0,-0.30093211185139035,1.1589403436743155,11.31449990272522,16.19631631630372,6.432683489146721,8.184999942779541,8.84499979019165,12.177499771118164,12.15999984741211,5.880000114440918
2020-03-17,5.420000076293945,5.510000228881836,4.449999809265137,4.630000114440918,748300,0,0,-0.11809521629696795,1.0220750331128148,10.877999925613404,16.468171947590104,5.287827903636703,7.84499979019165,8.84499979019165,12.174999952316284,12.15999984741211,5.869999885559082
2020-03-18,4.449999809265137,4.579999923706055,3.569999933242798,3.5799999237060547,808100,0,0,-0.2267818930414115,0.7902869222731274,10.381499910354615,16.676045241941203,4.086954578768028,7.449999928474427,8.62999975681305,12.099999904632568,12.15999984741211,5.960000038146973
2020-03-19,3.569999933242798,4.679999828338623,3.359999895095825,4.579999923706055,920600,0,0,0.2793296148913851,1.011037463925378,9.933999919891358,16.537965749157713,3.3300340906250003,7.0650001764297485,8.524999737739563,12.169999599456787,12.25,6.329999923706055
2020-03-20,4.639999866485596,4.809999942779541,3.650000095367432,3.990000009536743,1464800,0,0,-0.1288209441042728,0.8807946632977213,9.450999939441681,16.30815768073015,2.5938421981532116,6.544999718666077,8.524999737739563,12.332499980926514,12.369999885559082,6.679999828338623
2020-03-23,4.050000190734863,4.139999866485596,3.609999895095825,4.119999885559082,1121800,0,0,0.032581422484114775,0.909492206344378,8.976499950885772,15.93056068206755,2.022439219703995,6.355000138282777,8.524999737739563,12.452500104904175,12.369999885559082,7.570000171661377
2020-03-24,4.429999828338623,4.869999885559082,4.239999771118164,4.860000133514404,576100,0,0,0.17961171565782807,1.0728476619033152,8.548999965190887,15.409898488265263,1.6881014421165128,5.944999814033508,8.524999737739563,12.542500019073486,12.369999885559082,6.96999979019165
2020-03-25,5.0,5.5,4.809999942779541,5.409999847412109,506800,0,0,0.11316866230206957,1.1942603966548164,8.14949997663498,14.757132990936622,1.5418669623333363,5.794999718666077,8.524999737739563,12.639999866485596,12.4399995803833,7.53000020980835
2020-03-26,5.510000228881836,6.059999942779541,5.440000057220459,5.760000228881836,701000,0,0,0.06469508157881942,1.271523170442753,7.801499974727631,14.13410658657399,1.4688933628812713,5.169999957084656,8.524999737739563,12.730000019073486,12.519999980926514,7.010000228881836
2020-03-27,5.75,5.960000038146973,5.449999809265137,5.769999980926514,520400,0,0,0.0017360679943270174,1.273730621123004,7.481499969959259,13.536556926044975,1.426443013873543,4.709999918937683,8.524999737739563,12.769999980926514,12.529999732971191,6.909999847412109
2020-03-30,5.800000190734863,5.889999866485596,5.480000019073486,5.800000190734863,619500,0,0,0.005199343138218238,1.2803531836878783,7.137000000476837,12.728992944455694,1.5450070564979796,4.709999918937683,8.524999737739563,12.817500114440918,12.5649995803833,6.550000190734863
2020-03-31,5.800000190734863,6.070000171661377,5.71999979019165,6.070000171661377,538700,0,0,0.04655171931853075,1.3399558257235036,6.830000007152558,11.920779878935063,1.7392201353700525,4.715000033378601,8.50499975681305,12.839999675750732,12.5649995803833,6.659999847412109
2020-04-01,5.75,5.820000171661377,5.25,5.409999847412109,605600,0,0,-0.10873151657071922,1.1942603966548166,6.512999999523163,11.098095310186661,1.9279046888596634,4.840000033378601,8.444999814033508,12.922499656677246,12.5649995803833,7.179999828338623
2020-04-02,5.199999809265137,5.440000057220459,4.840000152587891,5.079999923706055,334400,0,0,-0.060998139189211154,1.1214127347515037,6.209999978542328,10.301251061635067,2.118748895449589,4.840000033378601,8.299999833106995,12.922499656677246,12.5649995803833,7.03000020980835
2020-04-03,5.019999980926514,5.070000171661377,4.519999980926514,4.699999809265137,316500,0,0,-0.07480317325746988,1.0375275036607539,5.884999978542328,9.311030438411532,2.458969518673123,5.1549999713897705,8.12500011920929,12.874999761581421,12.5649995803833,6.420000076293945
2020-04-06,5.03000020980835,5.5,4.960000038146973,5.5,415800,0,0,0.17021281344688965,1.214127979087379,5.693999993801117,8.732824451481033,2.655175536121201,5.295000076293945,8.12500011920929,12.669999599456787,12.5649995803833,5.880000114440918
2020-04-07,5.760000228881836,6.079999923706055,5.309999942779541,5.449999809265137,453900,0,0,-0.009090943769975102,1.203090409899942,5.495999991893768,8.005181982259254,2.9868180015282833,5.299999952316284,8.12500011920929,12.669999599456787,12.5649995803833,5.619999885559082
2020-04-08,5.639999866485596,5.760000228881836,5.519999980926514,5.75,412900,0,0,0.05504590848330948,1.2693156145004414,5.3385000109672545,7.304693007289635,3.372307014644874,5.299999952316284,7.864999890327454,12.669999599456787,12.5649995803833,5.860000133514404
2020-04-09,5.829999923706055,6.960000038146973,5.829999923706055,6.909999847412109,514300,0,0,0.20173910389775807,1.5253862091331927,5.306499993801117,7.142868369344975,3.470131618257258,5.740000009536743,7.524999737739563,12.572499752044678,12.5649995803833,6.699999809265137
2020-04-13,7.119999885559082,7.420000076293945,6.380000114440918,6.550000190734863,346700,0,0,-0.052098359569728636,1.4459160899270662,5.2584999918937685,6.89979904368495,3.6172009401025873,5.9700000286102295,7.344999909400941,12.364999771118164,12.384999752044678,6.400000095367432
2020-04-14,6.78000020980835,6.829999923706055,6.099999904632568,6.340000152587891,468600,0,0,-0.03206107359264243,1.3995584677591288,5.3129999995231625,7.021310955235149,3.6046890438111756,5.9700000286102295,7.0650001764297485,12.209999799728394,12.21999979019165,6.869999885559082
2020-04-15,6.050000190734863,6.349999904632568,5.78000020980835,5.929999828338623,498000,0,0,-0.06466881930308976,1.3090506741035046,5.3779999852180485,7.0762029915119555,3.679796978924142,5.9700000286102295,6.544999718666077,11.429999828338623,11.46999979019165,7.159999847412109
2020-04-16,5.929999828338623,5.960000038146973,5.380000114440918,5.559999942779541,400800,0,0,-0.06239458621750804,1.2273729989550666,5.476999986171722,6.959335510331332,3.9946644620121123,5.9700000286102295,6.355000138282777,11.25249981880188,11.364999771118164,7.449999809265137
2020-04-17,5.860000133514404,6.400000095367432,5.860000133514404,6.269999980926514,396500,0,0,0.1276978499017809,1.3841058919491294,5.561499989032745,7.021947896424887,4.101052081640603,6.190000057220459,5.944999814033508,11.005000114440918,11.204999923706055,7.809999942779541
2020-04-20,6.099999904632568,6.489999771118164,6.019999980926514,6.289999961853027,279400,0,0,0.003189789631157014,1.388520898571692,5.67649998664856,6.975501068684604,4.377498904612516,6.365000009536743,5.794999718666077,10.339999914169312,10.539999723434448,8.569999694824219
2020-04-21,6.119999885559082,6.28000020980835,5.599999904632568,5.889999866485596,390400,0,0,-0.06359302031690184,1.3002206608583795,5.764999985694885,6.849022655161306,4.680977316228464,6.400000095367432,5.389999985694885,10.295000076293945,10.494999885559082,8.289999961853027
2020-04-22,6.070000171661377,6.150000095367432,5.829999923706055,5.880000114440918,235200,0,0,-0.0016977508100767258,1.2980132101781288,5.815999984741211,6.8168311563572335,4.815168813125188,6.400000095367432,5.389999985694885,8.514999866485596,8.84499979019165,8.800000190734863
2020-04-23,5.949999809265137,6.190000057220459,5.789999961853027,5.869999885559082,284300,0,0,-0.0017007191644904385,1.2958056542358172,5.83899998664856,6.822252408359687,4.855747564937432,6.400000095367432,5.389999985694885,8.34499979019165,8.84499979019165,8.260000228881836
2020-04-24,5.929999828338623,6.010000228881836,5.599999904632568,5.960000038146973,296800,0,0,0.015332223908436804,1.3156732366683792,5.848999977111816,6.832910211056883,4.86508974316675,6.105000019073486,5.389999985694885,8.039999842643738,8.62999975681305,8.420000076293945
2020-04-27,6.090000152587891,6.46999979019165,5.869999885559082,6.329999923706055,380100,0,0,0.06208051731390918,1.3973509118168175,5.8769999742507935,6.882199408299706,4.871800540201881,5.934999942779541,5.514999985694885,7.794999957084656,8.524999737739563,8.960000038146973
2020-04-28,6.550000190734863,6.800000190734863,6.429999828338623,6.679999828338623,465200,0,0,0.05529224468420724,1.474613580342693,5.920999956130982,6.984847643794593,4.85715226846737,6.090000152587891,5.514999985694885,7.53499972820282,8.524999737739563,9.699999809265137
2020-04-29,7.059999942779541,7.78000020980835,6.909999847412109,7.570000171661377,582200,0,0,0.13323358775356509,1.67108163820188,5.995999956130982,7.2822078429121175,4.709792069349846,6.690000057220459,6.009999990463257,7.439999938011169,8.524999737739563,10.93000030517578
2020-04-30,7.269999980926514,7.269999980926514,6.809999942779541,6.96999979019165,301700,0,0,-0.07926028637566662,1.538631229000881,6.073999953269959,7.397672672704836,4.7503272338350815,6.690000057220459,6.150000095367432,7.234999775886536,8.524999737739563,10.979999542236328
2020-05-01,7.309999942779541,7.78000020980835,6.920000076293945,7.53000020980835,418400,0,0,0.08034439547684702,1.662251624956755,6.196499967575074,7.582243718287176,4.810756216862972,6.690000057220459,6.150000095367432,7.15999972820282,8.524999737739563,10.149999618530272
2020-05-04,7.449999809265137,7.449999809265137,6.760000228881836,7.010000228881836,492700,0,0,-0.06905710045654145,1.547461347508067,6.311999988555908,7.555921269166285,5.068078707945531,6.690000057220459,6.150000095367432,6.847499847412109,8.524999737739563,9.81999969482422
2020-05-05,7.190000057220459,7.489999771118164,6.809999942779541,6.909999847412109,328300,0,0,-0.014265389187537503,1.5253862091331931,6.3824999809265135,7.593380994862623,5.171618966990404,6.690000057220459,6.150000095367432,6.617499828338623,8.524999737739563,8.960000038146973
2020-05-06,6.949999809265137,7.019999980926514,6.420000076293945,6.550000190734863,365600,0,0,-0.052098359569728636,1.4459160899270667,6.4375,7.570574519016284,5.304425480983716,6.690000057220459,6.150000095367432,6.617499828338623,8.524999737739563,8.989999771118164
2020-05-07,6.659999847412109,6.840000152587891,6.579999923706055,6.659999847412109,286000,0,0,0.016793840225049594,1.4701985737201302,6.482999992370606,7.573838992303747,5.392160992437464,6.825000047683716,6.150000095367432,6.609999895095825,8.524999737739563,9.630000114440918
2020-05-08,6.829999923706055,7.21999979019165,6.809999942779541,7.179999828338623,311100,0,0,0.07807807700304537,1.584988851168818,6.496499991416931,7.614781343992641,5.37821863884122,7.1000001430511475,6.150000095367432,6.642499923706055,8.524999737739563,9.729999542236328
2020-05-11,7.050000190734863,7.300000190734863,6.849999904632568,7.03000020980835,387700,0,0,-0.020891312272493745,1.551876354130629,6.520499992370605,7.662950389326511,5.3780495954147,7.1000001430511475,6.150000095367432,6.569999933242798,8.524999737739563,9.130000114440918
2020-05-12,6.929999828338623,7.010000228881836,6.380000114440918,6.420000076293945,449300,0,0,-0.08677099791025955,1.417218494249379,6.524499988555908,7.66493104649487,5.384068930616945,7.080000162124634,6.370000123977661,6.64000004529953,8.524999737739563,9.199999809265137
2020-05-13,6.269999980926514,6.380000114440918,5.800000190734863,5.880000114440918,430200,0,0,-0.084112142591243,1.2980132101781285,6.522000002861023,7.66789846742337,5.376101538298675,6.7900002002716064,6.545000076293945,6.710000097751617,8.524999737739563,9.09000015258789
2020-05-14,5.659999847412109,5.75,5.289999961853027,5.619999885559082,400900,0,0,-0.044217725139714115,1.240618018822754,6.525,7.66097273106667,5.38902726893333,6.389999866485596,6.5350000858306885,6.712500035762787,8.524999737739563,9.770000457763672
2020-05-15,5.599999904632568,5.980000019073486,5.510000228881836,5.860000133514404,340300,0,0,0.04270467132428535,1.2935982035555658,6.504500007629394,7.672832355922866,5.336167659335922,6.389999866485596,6.5350000858306885,6.582499921321869,8.524999737739563,9.300000190734863
2020-05-18,6.239999771118164,6.800000190734863,6.199999809265137,6.699999809265137,465900,0,0,0.14334465129900287,1.4790285869652549,6.525,7.691930160358811,5.35806983964119,6.295000076293945,6.5350000858306885,6.632499873638153,8.524999737739563,8.770000457763672
2020-05-19,6.639999866485596,6.809999942779541,6.400000095367432,6.400000095367432,309000,0,0,-0.0447760779758305,1.4128034876268163,6.550500011444091,7.68219248008791,5.418807542800273,6.295000076293945,6.5350000858306885,6.657499969005585,8.524999737739563,9.210000038146973
2020-05-20,6.650000095367432,6.920000076293945,6.579999923706055,6.869999885559082,402600,0,0,0.07343746612314184,1.5165561958880673,6.6,7.6957010287757,5.5042989712243,6.295000076293945,6.5350000858306885,6.517500102519989,8.524999737739563,8.739999771118164
2020-05-21,6.849999904632568,7.28000020980835,6.849999904632568,7.159999847412109,268500,0,0,0.04221251334554088,1.5805738445462552,6.664499998092651,7.731925569447312,5.597074426737991,6.295000076293945,6.5350000858306885,6.257499873638153,8.524999737739563,9.300000190734863
2020-05-22,7.309999942779541,7.46999979019165,7.179999828338623,7.449999809265137,305900,0,0,0.0405027888314613,1.644591493204443,6.73899998664856,7.807342400746954,5.670657572550166,6.379999876022339,6.5350000858306885,6.162500083446503,8.524999737739563,9.800000190734863
2020-05-26,7.840000152587891,7.980000019073486,7.75,7.809999942779541,581600,0,0,0.04832216680954704,1.72406171767263,6.812999987602234,7.960740747251571,5.665259227952897,6.634999990463257,6.634999990463257,6.067499935626984,8.524999737739563,9.170000076293944
2020-05-27,8.130000114440918,8.640000343322754,7.869999885559082,8.569999694824219,460200,0,0,0.09731110852917602,1.891832074592069,6.907499980926514,8.286553595504284,5.528446366348745,6.965000152587891,6.965000152587891,6.07999986410141,8.524999737739563,9.130000114440918
2020-05-28,8.770000457763672,8.770000457763672,8.260000228881836,8.289999961853027,419500,0,0,-0.0326720820235612,1.830021981876193,6.943499970436096,8.424800697185354,5.462199243686838,7.140000343322754,7.03000020980835,5.8950000405311584,8.524999737739563,8.979999542236328
2020-05-29,8.109999656677246,8.829999923706055,7.909999847412109,8.800000190734863,637600,0,0,0.06151993139066758,1.94260480864463,7.034999990463257,8.725301461981417,5.344698518945099,7.514999866485596,7.059999942779541,5.8950000405311584,8.524999737739563,8.65999984741211
2020-06-01,8.8100004196167,8.8100004196167,8.069999694824219,8.260000228881836,483000,0,0,-0.061363630698732186,1.8233995245733796,7.071499991416931,8.83377150941998,5.3092284734138815,7.615000009536743,7.059999942779541,5.8950000405311584,8.524999737739563,8.640000343322754
2020-06-02,8.300000190734863,8.470000267028809,8.170000076293945,8.420000076293945,339500,0,0,0.019370441038567554,1.8587195775538803,7.141999983787537,9.00006604485298,5.283933922722094,7.704999923706055,7.059999942779541,5.747500002384186,8.524999737739563,8.3100004196167
2020-06-03,8.649999618530273,9.15999984741211,8.550000190734863,8.960000038146973,288400,0,0,0.06413301151544748,1.977924861625131,7.24449999332428,9.261255575733276,5.2277444109152835,8.004999876022339,7.224999904632568,5.724999964237213,8.524999737739563,8.539999961853027
2020-06-04,8.920000076293945,9.75,8.6899995803833,9.699999809265137,542000,0,0,0.08258925981781617,2.141280211922007,7.401999974250794,9.65778521723568,5.146214731265908,8.464999914169312,7.519999980926514,5.802500069141388,8.524999737739563,8.600000381469727
2020-06-05,10.15999984741211,10.970000267028809,10.109999656677246,10.93000030517578,599100,0,0,0.12680417732954852,2.4128034876268187,7.615499997138977,10.31911478014674,4.911885214131214,9.360000133514404,8.130000114440918,6.350000023841858,8.524999737739563,8.359999656677246
2020-06-08,11.239999771118164,11.600000381469728,10.81999969482422,10.979999542236328,785600,0,0,0.004574495486232788,2.423840846290134,7.8054999828338625,10.873717828463962,4.7372821372037635,9.735000133514404,8.445000171661377,6.420000076293945,8.524999737739563,8.989999771118164
2020-06-09,10.68000030517578,10.770000457763672,10.09000015258789,10.149999618530272,583800,0,0,-0.0755919816310856,2.2406179135606954,7.961499953269959,11.171690747824423,4.751309158715495,9.755000114440918,8.445000171661377,6.420000076293945,8.524999737739563,8.869999885559082
2020-06-10,10.100000381469728,10.359999656677246,9.800000190734863,9.81999969482422,407900,0,0,-0.03251230897620816,2.1677702516573834,8.131499934196473,11.35739192635441,4.905607942038537,9.755000114440918,8.445000171661377,6.420000076293945,8.524999737739563,8.819999694824219
2020-06-11,9.600000381469728,9.600000381469728,8.630000114440918,8.960000038146973,448300,0,0,-0.08757634250544055,1.9779248616251313,8.285499930381775,11.355404281457133,5.2155955793064175,9.835000038146973,8.445000171661377,6.420000076293945,8.524999737739563,8.720000267028809
2020-06-12,9.59000015258789,9.6899995803833,8.720000267028809,8.989999771118164,660800,0,0,0.0033481844691369833,1.9845473189279443,8.45399992465973,11.277706188964638,5.6302936603548215,9.885000228881836,8.445000171661377,6.420000076293945,8.524999737739563,9.100000381469728
2020-06-15,8.470000267028809,9.6899995803833,8.289999961853027,9.630000114440918,545000,0,0,0.07119025134782087,2.1258277413740685,8.642499923706055,11.240336681384118,6.044663166027991,9.945000171661377,8.445000171661377,6.487500071525574,8.50499975681305,8.84000015258789
2020-06-16,9.5600004196167,10.039999961853027,9.229999542236328,9.729999542236328,444300,0,0,0.010384156449328996,2.1479026692248206,8.793999910354614,11.270315591221067,6.317684229488162,9.945000171661377,8.445000171661377,6.6250001192092896,8.444999814033508,8.920000076293945
2020-06-17,9.869999885559082,9.869999885559082,9.109999656677246,9.130000114440918,251600,0,0,-0.06166489784412743,2.0154524705479435,8.930499911308289,11.148793276282715,6.712206546333862,9.945000171661377,8.445000171661377,6.6250001192092896,8.299999833106995,8.850000381469727
2020-06-18,9.020000457763672,9.359999656677246,9.010000228881836,9.199999809265137,235700,0,0,0.0076669982417088,2.030904941095882,9.046999907493591,11.052542069367949,7.041457745619233,9.945000171661377,8.445000171661377,6.7250001430511475,8.12500011920929,8.680000305175781
2020-06-19,9.31999969482422,9.31999969482422,8.979999542236328,9.09000015258789,487800,0,0,-0.011956484669322198,2.0066224573028184,9.14349992275238,10.950421716674917,7.336578128829842,9.53000020980835,8.445000171661377,6.667500138282776,8.12500011920929,8.720000267028809
2020-06-22,8.949999809265137,9.800000190734863,8.859999656677246,9.770000457763672,541300,0,0,0.0748075130650232,2.156732892994068,9.259499955177308,10.905721463620678,7.613278446733938,9.324999809265137,8.555000305175781,6.462499976158142,8.12500011920929,9.050000190734863
2020-06-23,9.890000343322754,10.029999732971191,9.279999732971191,9.300000190734863,347700,0,0,-0.048106473388680904,2.052980079470756,9.333999967575073,10.838367807735462,7.829632127414683,9.164999961853027,8.900000095367432,6.462499976158142,7.864999890327454,8.779999732971191
2020-06-24,9.09000015258789,9.270000457763672,8.729999542236328,8.770000457763672,400600,0,0,-0.05698921743025387,1.9359823513418173,9.344000005722046,10.830276055520155,7.857723955923938,9.164999961853027,9.000000238418579,6.415000081062317,7.524999737739563,9.43000030517578
2020-06-25,8.65999984741211,9.210000038146973,8.510000228881836,9.210000038146973,392900,0,0,0.05017098716269608,2.0331124970381937,9.390000009536744,10.796938106485374,7.983061912588113,9.164999961853027,9.09000015258789,6.415000081062317,7.344999909400941,8.970000267028809
2020-06-26,9.0,9.0,8.529999732971191,8.739999771118164,572700,0,0,-0.05103151629556035,1.9293596835148819,9.386999988555909,10.79926108933422,7.9747388877775975,9.275000095367432,9.225000143051147,6.415000081062317,7.0650001764297485,9.210000038146973
2020-06-29,8.979999542236328,9.449999809265137,8.890000343322754,9.300000190734863,439700,0,0,0.06407327623362802,2.052980079470756,9.43899998664856,10.753637112000737,8.124362861296381,9.269999980926514,9.390000104904175,6.415000081062317,6.544999718666077,9.640000343322754
2020-06-30,9.140000343322754,9.829999923706056,9.140000343322754,9.800000190734863,371600,0,0,0.053763439757573916,2.1633553502968814,9.507999992370605,10.743079837370448,8.272920147370762,9.269999980926514,9.675000190734863,6.457499980926514,6.355000138282777,9.81999969482422
2020-07-01,9.770000457763672,9.779999732971191,9.020000457763672,9.170000076293944,372900,0,0,-0.06428572471218275,2.0242824837930686,9.518499994277954,10.738072468866115,8.298927519689794,9.269999980926514,9.735000133514404,6.634999990463257,5.944999814033508,10.18000030517578
2020-07-02,9.369999885559082,9.579999923706056,9.029999732971191,9.130000114440918,364200,0,0,-0.004362045967309491,2.015452470547944,9.490000009536743,10.717977528464267,8.262022490609219,9.269999980926514,9.755000114440918,6.965000152587891,6.0000001192092896,10.34000015258789
2020-07-06,9.43000030517578,9.43000030517578,8.930000305175781,8.979999542236328,421500,0,0,-0.016429416245826056,1.9823397629856334,9.392499971389771,10.442650816231168,8.342349126548374,9.269999980926514,9.755000114440918,7.085000276565552,6.0650001764297485,10.6899995803833
2020-07-07,8.850000381469727,8.920000076293945,8.630000114440918,8.65999984741211,276100,0,0,-0.035634711707850264,1.911699657024632,9.27649998664856,10.08107493797204,8.471925035325079,9.170000076293945,9.835000038146973,7.287499904632568,6.09499990940094,10.460000038146973
2020-07-08,8.609999656677246,8.8100004196167,8.359999656677246,8.640000343322754,435600,0,0,-0.002309411598353739,1.9072847556641306,9.201000022888184,9.943921791822168,8.4580782539542,9.09499979019165,9.885000228881836,7.337499976158142,6.09499990940094,10.130000114440918
2020-07-09,8.609999656677246,8.619999885559082,8.210000038146973,8.3100004196167,474600,0,0,-0.03819443409641621,1.8344370937608176,9.125500059127807,9.90775664474694,8.343243473508675,9.019999980926514,9.90500020980835,7.382499933242798,6.09499990940094,10.0600004196167
2020-07-10,8.289999961853027,8.579999923706055,8.210000038146973,8.539999961853027,616600,0,0,0.02767744050811216,1.885209617289257,9.10450005531311,9.92542433888329,8.28357577174293,9.019999980926514,9.90500020980835,7.614999890327454,6.384999871253967,10.010000228881836
2020-07-13,8.720000267028809,8.819999694824219,8.399999618530273,8.600000381469727,396200,0,0,0.007025810290949952,1.8984547424190057,9.08500008583069,9.934228862053708,8.23577130960767,9.019999980926514,9.90500020980835,7.992499947547913,6.679999947547913,9.59000015258789
2020-07-14,8.5600004196167,8.569999694824219,8.170000076293945,8.359999656677246,280300,0,0,-0.02790705978450958,1.8454744524241327,9.021500062942504,9.888162953403018,8.15483717248199,8.974999904632568,9.885000228881836,8.745000123977661,7.605000019073486,9.640000343322754
2020-07-15,8.6899995803833,9.079999923706056,8.600000381469727,8.989999771118164,329800,0,0,0.07535886845853246,1.984547318927945,8.984500074386597,9.787168057871007,8.181832090902187,8.875,9.470000267028809,9.09000015258789,8.06000018119812,9.380000114440918
2020-07-16,8.869999885559082,9.039999961853027,8.6899995803833,8.869999885559082,240000,0,0,-0.013348152237400601,1.9580572791925697,8.971500062942505,9.77272590458459,8.17027422130042,8.800000190734863,9.264999866485596,9.100000143051147,8.06000018119812,9.1899995803833
2020-07-17,8.829999923706055,8.979999542236328,8.670000076293945,8.819999694824219,189900,0,0,-0.005637000155576888,1.9470197100051327,8.952500057220458,9.749109762426166,8.155890352014751,8.625,9.105000019073486,9.100000143051147,8.06000018119812,9.380000114440918
2020-07-20,8.739999771118164,8.829999923706055,8.649999618530273,8.720000267028809,256800,0,0,-0.011337803997214624,1.9249447821543808,8.934000062942506,9.734193771558289,8.133806354326722,8.625,9.105000019073486,9.140000104904175,8.06000018119812,9.510000228881836
2020-07-21,8.880000114440918,9.15999984741211,8.850000381469727,9.100000381469728,271900,0,0,0.04357799344086466,2.008830013245131,8.900500059127808,9.607630764289818,8.193369353965798,8.664999961853027,9.105000019073486,9.165000200271606,8.06000018119812,9.100000381469728
2020-07-22,9.010000228881836,9.010000228881836,8.65999984741211,8.84000015258789,191100,0,0,-0.028571452525570695,1.9514348218897561,8.877500057220459,9.560409435632188,8.19459067880873,8.664999961853027,9.105000019073486,9.195000171661377,8.06000018119812,9.359999656677246
2020-07-23,8.760000228881836,9.109999656677246,8.760000228881836,8.920000076293945,241300,0,0,0.009049764968910745,1.9690948483800066,8.885000038146973,9.56629764381794,8.203702432476007,8.664999961853027,9.099999904632568,9.195000171661377,8.06000018119812,9.449999809265137
2020-07-24,8.949999809265137,9.0,8.779999732971191,8.850000381469727,145200,0,0,-0.007847499352634735,1.9536423778320682,8.86700005531311,9.531641053364504,8.202359057261715,8.664999961853027,9.099999904632568,9.195000171661377,8.06000018119812,9.5
2020-07-27,8.829999923706055,9.100000381469728,8.630000114440918,8.680000305175781,204100,0,0,-0.019209047340822072,1.9161147689092557,8.864000082015991,9.531473286742665,8.196526877289317,8.880000114440918,9.099999904632568,9.195000171661377,8.28000020980835,9.520000457763672
2020-07-28,8.640000343322754,8.90999984741211,8.600000381469727,8.720000267028809,220100,0,0,0.004608290374042534,1.924944782154381,8.83500008583069,9.473652427696535,8.196347743964843,8.880000114440918,9.099999904632568,8.987500190734863,8.445000171661377,9.550000190734863
2020-07-29,8.720000267028809,9.09000015258789,8.6899995803833,9.050000190734863,222300,0,0,0.037844026789060736,1.9977924440576942,8.797500085830688,9.26999613745128,8.325004034210096,8.880000114440918,9.099999904632568,8.940000057220459,8.445000171661377,9.699999809265137
2020-07-30,8.8100004196167,8.859999656677246,8.609999656677246,8.779999732971191,311200,0,0,-0.02983430409648946,1.938189696760008,8.77800006866455,9.218138383793416,8.337861753535684,8.880000114440918,9.0,9.03250002861023,8.445000171661377,9.850000381469728
2020-07-31,9.350000381469728,10.579999923706056,9.020000457763672,9.43000030517578,774100,0,0,0.07403195808351404,2.081677675148444,8.793000078201294,9.296697812930338,8.289302343472249,9.59000015258789,9.375,9.082500100135803,8.445000171661377,9.640000343322754
2020-08-03,9.529999732971191,9.8100004196167,8.920000076293945,8.970000267028809,422600,0,0,-0.04878049027151077,1.980132417567444,8.792500114440918,9.295465800676556,8.289534428205279,9.59000015258789,9.375,9.127500057220459,8.445000171661377,9.510000228881836
2020-08-04,9.010000228881836,9.3100004196167,8.9399995803833,9.210000038146973,275300,0,0,0.026755826529942794,2.0331124970381946,8.82000012397766,9.350669075803486,8.289331172151835,9.59000015258789,9.375,9.25000011920929,8.445000171661377,9.279999732971191
2020-08-05,9.279999732971191,9.6899995803833,9.270000457763672,9.640000343322754,281900,0,0,0.04668841513515298,2.1280352973163814,8.870000123977661,9.503167885794504,8.236832362160818,9.59000015258789,9.375,9.330000042915344,8.445000171661377,9.010000228881836
2020-08-06,9.630000114440918,9.829999923706056,9.529999732971191,9.81999969482422,186200,0,0,0.018672131233495648,2.167770251657384,8.945500087738036,9.650425692977569,8.240574482498504,9.59000015258789,9.375,9.472500085830688,8.445000171661377,9.300000190734863
2020-08-07,9.699999809265137,10.1899995803833,9.649999618530272,10.18000030517578,186200,0,0,0.03665994109361348,2.247240581387631,9.027500104904174,9.890412884890212,8.164587324918136,9.59000015258789,9.375,9.502500057220459,8.445000171661377,9.350000381469728
2020-08-10,10.199999809265137,10.739999771118164,10.039999961853027,10.34000015258789,319600,0,0,0.015717076877764136,2.282560634368132,9.114500093460084,10.127102026617413,8.101898160302754,9.674999713897705,9.454999923706055,9.512500047683716,8.445000171661377,9.5
2020-08-11,10.600000381469728,11.079999923706056,10.579999923706056,10.6899995803833,534400,0,0,0.033849073755362724,2.3598231976319464,9.231000089645386,10.396012195459681,8.065987983831091,9.84499979019165,9.625,9.512500047683716,8.445000171661377,9.510000228881836
2020-08-12,10.93000030517578,10.93000030517578,10.34000015258789,10.460000038146973,317500,0,0,-0.02151539300884442,2.3090506741035073,9.304500102996826,10.580846249007813,8.02815395698584,10.0,9.625,9.502500057220459,8.445000171661377,9.43000030517578
2020-08-13,10.359999656677246,10.43000030517578,10.06999969482422,10.130000114440918,192400,0,0,-0.03154874976123956,2.2362030122001944,9.367500114440919,10.676171314516079,8.058828914365758,10.0,9.625,9.490000009536743,8.445000171661377,8.600000381469727
2020-08-14,10.0,10.369999885559082,9.850000381469728,10.0600004196167,291600,0,0,-0.006910137614354994,2.2207505416522557,9.429500150680543,10.746097896737831,8.112902404623254,10.009999752044678,9.625,9.462500095367432,8.445000171661377,8.180000305175781
2020-08-17,10.050000190734863,10.079999923706056,9.789999961853027,10.010000228881836,226300,0,0,-0.004970197678855426,2.2097129724648186,9.494000148773193,10.79128968938572,8.196710608160664,10.175000190734863,9.625,9.462500095367432,8.445000171661377,8.069999694824219
2020-08-18,10.050000190734863,10.050000190734863,9.550000190734863,9.59000015258789,289300,0,0,-0.04195804862043062,2.1169977281289434,9.518500137329102,10.803416165750352,8.233584108907852,10.304999828338623,9.625,9.462500095367432,8.445000171661377,8.119999885559082
2020-08-19,9.510000228881836,9.90999984741211,9.510000228881836,9.640000343322754,157300,0,0,0.005213784143827116,2.12803529731638,9.558500146865844,10.805273389554573,8.311726904177116,10.295000076293945,9.84000015258789,9.430000066757202,8.445000171661377,8.300000190734863
2020-08-20,9.43000030517578,9.630000114440918,9.350000381469728,9.380000114440918,151800,0,0,-0.026970977139220476,2.070640105961006,9.581500148773193,10.796538209830253,8.366462087716133,10.215000152587892,9.84000015258789,9.172500133514404,8.445000171661377,8.609999656677246
2020-08-21,9.34000015258789,9.460000038146973,9.109999656677246,9.1899995803833,213000,0,0,-0.02025592022809286,2.02869738515357,9.598500108718872,10.78084904796694,8.416151169470803,10.09499979019165,9.84000015258789,9.03250002861023,8.445000171661377,8.649999618530273
2020-08-24,9.220000267028809,9.460000038146973,9.06999969482422,9.380000114440918,263900,0,0,0.020674705411650507,2.070640105961006,9.633500099182129,10.743487867174583,8.523512331189675,10.0,9.84000015258789,8.865000009536743,8.445000171661377,8.640000343322754
2020-08-25,9.529999732971191,9.6899995803833,9.350000381469728,9.510000228881836,227400,0,0,0.013859287084738714,2.099337701638693,9.67300009727478,10.702623278916903,8.643376915632658,9.75,9.84000015258789,8.865000009536743,8.445000171661377,8.729999542236328
2020-08-26,9.470000267028809,9.479999542236328,9.09000015258789,9.100000381469728,240300,0,0,-0.043112496061455396,2.00883001324513,9.675500106811523,10.69922255428748,8.651777659335565,9.71999979019165,9.84000015258789,8.884999990463257,8.445000171661377,9.010000228881836
2020-08-27,9.220000267028809,9.449999809265137,9.1899995803833,9.359999656677246,254300,0,0,0.028571347726199292,2.066224994076382,9.704500102996827,10.654548998023005,8.754451207970648,9.574999809265138,9.84000015258789,8.884999990463257,8.445000171661377,9.399999618530272
2020-08-28,9.479999542236328,9.479999542236328,9.3100004196167,9.449999809265137,372400,0,0,0.009615401270200552,2.0860925765089444,9.705500078201293,10.654420384334248,8.756579772068338,9.559999942779541,9.84000015258789,8.882499933242798,8.445000171661377,9.300000190734863
2020-08-31,9.420000076293944,9.619999885559082,9.3100004196167,9.5,450900,0,0,0.005291025581380504,2.097130145696381,9.732000064849853,10.624620984134326,8.83937914556538,9.489999771118164,9.84000015258789,8.882499933242798,8.445000171661377,9.300000190734863
2020-09-01,9.420000076293944,9.579999923706056,9.239999771118164,9.520000457763672,348100,0,0,0.0021053113435443027,2.1015452575810043,9.747500085830689,10.613406749582955,8.881593422078423,9.37999963760376,9.84000015258789,8.990000009536743,8.445000171661377,9.520000457763672
2020-09-02,9.5,9.779999732971191,9.380000114440918,9.550000190734863,311400,0,0,0.00315123230343195,2.108167714883818,9.743000078201295,10.612058515352622,8.873941641049967,9.424999713897705,9.84499979019165,8.990000009536743,8.445000171661377,9.460000038146973
2020-09-03,9.550000190734863,9.90999984741211,9.550000190734863,9.699999809265137,368700,0,0,0.015706766024549346,2.1412802119220067,9.73700008392334,10.605499982945494,8.868500184901185,9.489999771118164,9.84499979019165,8.990000009536743,8.555000305175781,9.489999771118164
2020-09-04,9.949999809265137,9.989999771118164,9.75,9.850000381469728,587800,0,0,0.015463976820011549,2.174392919484318,9.720500087738037,10.566723109615815,8.874277065860259,9.539999961853027,10.0,8.940000057220459,8.900000095367432,9.279999732971191
2020-09-08,9.9399995803833,9.9399995803833,9.5,9.640000343322754,292600,0,0,-0.021319800001433076,2.12803529731638,9.68550009727478,10.482277136579711,8.888723057969848,9.539999961853027,10.0,9.482500076293945,9.000000238418579,9.15999984741211
2020-09-09,9.6899995803833,9.779999732971191,9.5,9.510000228881836,301900,0,0,-0.013485488569610293,2.0993377016386927,9.626500129699707,10.276878210781,8.976122048618414,9.589999675750732,10.009999752044678,9.482500076293945,9.09000015258789,9.640000343322754
2020-09-10,9.5,9.609999656677246,9.229999542236328,9.279999732971191,317500,0,0,-0.024185119913260777,2.0485649675861315,9.567500114440918,10.108540864672468,9.026459364209368,9.609999656677246,10.074999809265138,9.482500076293945,9.225000143051147,9.460000038146973
2020-09-11,9.279999732971191,9.279999732971191,8.989999771118164,9.010000228881836,267400,0,0,-0.029094774984751992,1.9889624308125673,9.511500120162964,10.039620831138063,8.983379409187865,9.489999771118164,10.03499984741211,9.482500076293945,9.390000104904175,9.140000343322754
2020-09-14,9.09000015258789,9.359999656677246,8.960000038146973,9.300000190734863,236500,0,0,0.032186454437972634,2.052980079470755,9.473500108718872,9.943912065825192,9.003088151612552,9.474999904632568,10.019999980926514,9.482500076293945,9.675000190734863,9.210000038146973
2020-09-15,9.300000190734863,9.479999542236328,9.149999618530272,9.350000381469728,188500,0,0,0.005376364484882323,2.0640176486581927,9.440500116348266,9.84270762281783,9.038292609878702,9.474999904632568,10.019999980926514,9.482500076293945,9.735000133514404,9.18000030517578
2020-09-16,9.369999885559082,9.630000114440918,9.239999771118164,9.5,414800,0,0,0.016042739295235586,2.097130145696381,9.436000108718872,9.833348573237991,9.038651644199753,9.474999904632568,10.019999980926514,9.56499981880188,9.755000114440918,9.420000076293944
2020-09-17,9.380000114440918,9.6899995803833,9.100000381469728,9.510000228881836,236000,0,0,0.0010526556717722624,2.099337701638693,9.429500102996826,9.817324558792475,9.041675647201178,9.474999904632568,9.945000171661377,9.734999895095825,9.755000114440918,9.56999969482422
2020-09-18,9.609999656677246,9.640000343322754,9.109999656677246,9.43000030517578,706300,0,0,-0.008412189461688646,2.0816776751484425,9.432000112533569,9.819152757746787,9.04484746732035,9.449999809265137,9.695000171661377,9.8125,9.835000038146973,9.420000076293944
2020-09-21,9.15999984741211,9.220000267028809,8.5600004196167,8.600000381469727,442400,0,0,-0.08801695618721206,1.8984547424190046,9.40250015258789,9.926415519607483,8.878584785568298,9.170000076293945,9.46500015258789,9.8125,9.885000228881836,9.079999923706056
2020-09-22,8.550000190734863,8.739999771118164,8.119999885559082,8.180000305175781,331100,0,0,-0.04883721600744484,1.8057394980831296,9.342500162124633,10.092167203034506,8.59283312121476,8.904999732971191,9.099999904632568,9.817499876022339,9.885000228881836,8.710000038146973
2020-09-23,8.199999809265137,8.479999542236328,8.069999694824219,8.069999694824219,241100,0,0,-0.013447506876248072,1.781456803765944,9.270500135421752,10.199349842591975,8.34165042825153,8.87999963760376,9.059999942779541,9.900000095367432,9.885000228881836,8.979999542236328
2020-09-24,8.100000381469727,8.359999656677246,7.949999809265137,8.119999885559082,230000,0,0,0.006195810734284324,1.7924943729533809,9.22150011062622,10.277342528892087,8.165657692360353,8.819999694824219,8.96999979019165,9.964999914169312,9.885000228881836,9.600000381469728
2020-09-25,8.069999694824219,8.380000114440918,8.010000228881836,8.300000190734863,178800,0,0,0.022167525580375935,1.832229537818505,9.1685001373291,10.296000662368916,8.040999612289285,8.819999694824219,8.96999979019165,10.067500114440918,9.885000228881836,9.600000381469728
2020-09-28,8.449999809265137,8.680000305175781,8.449999809265137,8.609999656677246,152000,0,0,0.03734933238777871,1.9006620878371945,9.126500129699707,10.271563350389433,7.98143690900998,8.819999694824219,8.96999979019165,10.02750015258789,9.625,9.43000030517578
2020-09-29,8.529999732971191,8.699999809265137,8.369999885559082,8.649999618530273,203600,0,0,0.004645756498028009,1.9094921010823196,9.08400011062622,10.233594597647341,7.9344056236051,8.819999694824219,8.96999979019165,9.96749997138977,9.625,9.25
2020-09-30,8.729999542236328,8.850000381469727,8.399999618530273,8.640000343322754,171000,0,0,-0.0011559856241032396,1.9072847556641297,9.040000104904175,10.18680523963455,7.8931949701738,8.795000076293945,8.96999979019165,9.920000076293945,9.625,9.920000076293944
2020-10-01,8.630000114440918,8.8100004196167,8.489999771118164,8.729999542236328,169600,0,0,0.010416573534412832,1.9271521275725698,8.999000072479248,10.128249989608404,7.869750155350093,8.585000038146973,8.96999979019165,9.795000076293945,9.625,10.25
2020-10-02,8.550000190734863,9.050000190734863,8.550000190734863,9.010000228881836,115700,0,0,0.032073390759168596,1.988962430812568,8.964500093460083,10.046655669819868,7.882344517100299,8.5,8.96999979019165,9.77999997138977,9.625,11.5600004196167
2020-10-05,9.15999984741211,9.4399995803833,8.84000015258789,9.399999618530272,179200,0,0,0.04328516978260222,2.0750550073215073,8.94200005531311,9.96612006619273,7.917880044433491,8.694999694824219,8.96999979019165,9.707499980926514,9.625,11.5600004196167
2020-10-06,9.550000190734863,9.630000114440918,9.260000228881836,9.300000190734863,274300,0,0,-0.010638237431231268,2.0529800794707556,8.925000047683715,9.912450790838898,7.937549304528533,8.789999961853027,8.96999979019165,9.700000047683716,9.625,11.270000457763672
2020-10-07,9.420000076293944,9.630000114440918,9.239999771118164,9.300000190734863,282600,0,0,0.0,2.0529800794707556,8.914500045776368,9.880860083826153,7.948140007726583,8.820000171661377,8.96999979019165,9.664999961853027,9.625,10.720000267028809
2020-10-08,9.4399995803833,9.640000343322754,9.4399995803833,9.520000457763672,231500,0,0,0.023655942206107117,2.1015452575810047,8.926500082015991,9.916645422859503,7.93635474117248,9.005000114440918,8.96999979019165,9.609999895095825,9.625,11.149999618530272
2020-10-09,9.640000343322754,9.770000457763672,9.390000343322754,9.460000038146973,163100,0,0,-0.0063025647827326114,2.088300132451256,8.949000072479247,9.966093245327109,7.931906899631385,9.070000171661377,8.96999979019165,9.634999752044678,9.625,11.970000267028809
2020-10-12,9.43000030517578,9.510000228881836,9.350000381469728,9.489999771118164,207600,0,0,0.003171219117359403,2.0949225897540695,8.958500051498413,9.992125013054794,7.924875089942033,9.085000038146973,8.96999979019165,9.667499780654907,9.625,12.039999961853027
2020-10-13,9.420000076293944,9.729999542236328,9.119999885559082,9.279999732971191,179000,0,0,-0.0221285609285351,2.048564967586132,8.955000019073486,9.983707778124483,7.926292260022488,9.130000114440918,8.944999694824219,9.769999980926514,9.625,11.40999984741211
2020-10-14,9.289999961853027,9.4399995803833,9.130000114440918,9.15999984741211,141800,0,0,-0.012931022522848834,2.0220749278507566,8.938000011444093,9.940752558939542,7.935247463948643,9.160000324249268,8.864999771118164,9.769999980926514,9.625,11.40999984741211
2020-10-15,9.0,9.649999618530272,8.920000076293945,9.640000343322754,194700,0,0,0.052401801736520204,2.1280352973163805,8.944500017166138,9.963729375873728,7.925270658458549,9.305000305175781,8.860000133514404,9.799999713897705,9.625,11.420000076293944
2020-10-16,9.5600004196167,9.59000015258789,9.420000076293944,9.460000038146973,134700,0,0,-0.01867223016236308,2.0883001324512565,8.946000003814698,9.968199145377483,7.923800862251913,9.345000267028809,8.860000133514404,9.842499732971191,9.625,12.0
2020-10-19,9.489999771118164,9.600000381469728,9.119999885559082,9.140000343322754,127900,0,0,-0.03382660608180088,2.017660026490255,8.973000001907348,9.985594456946364,7.960405546868332,9.345000267028809,8.860000133514404,9.762499809265137,9.625,12.829999923706056
2020-10-20,9.289999961853027,9.489999771118164,9.18000030517578,9.210000038146973,247900,0,0,0.00765860964932652,2.0331124970381937,9.024499988555908,9.972567828026628,8.076432149085187,9.345000267028809,8.860000133514404,9.747499942779541,9.625,12.859999656677246
2020-10-21,9.199999809265137,9.399999618530272,9.149999618530272,9.18000030517578,95700,0,0,-0.003257299983380757,2.02649003973538,9.080000019073486,9.920866724463417,8.239133313683555,9.345000267028809,8.860000133514404,9.747499942779541,9.625,12.59000015258789
2020-10-22,9.149999618530272,9.56999969482422,9.149999618530272,9.420000076293944,231500,0,0,0.026143765047899725,2.079470119206131,9.14500002861023,9.870952534591517,8.419047522628944,9.324999809265137,8.860000133514404,9.747499942779541,9.625,11.800000190734863
2020-10-23,9.479999542236328,9.869999885559082,9.470000267028809,9.56999969482422,183600,0,0,0.01592352625428961,2.1125826162443206,9.208500003814697,9.843207508370408,8.573792499258985,9.394999980926514,8.90999984741211,9.710000038146973,9.625,12.220000267028809
2020-10-26,9.369999885559082,9.640000343322754,9.260000228881836,9.420000076293944,163800,0,0,-0.015673941830050664,2.079470119206131,9.249000024795532,9.825923218688354,8.672076830902709,9.394999980926514,8.90999984741211,9.572499990463257,9.625,12.859999656677246
2020-10-27,9.380000114440918,9.460000038146973,9.0600004196167,9.079999923706056,308100,0,0,-0.03609343416498689,2.004414901360507,9.270500040054321,9.784503915551587,8.756496164557054,9.394999980926514,8.90999984741211,9.317500114440918,9.625,12.970000267028809
2020-10-28,8.859999656677246,9.039999961853027,8.6899995803833,8.710000038146973,279400,0,0,-0.04074888641717811,1.9227372262120683,9.274000024795532,9.771286651772286,8.776713397818778,9.279999732971191,8.90999984741211,9.00249981880188,9.599999904632568,13.140000343322754
2020-10-29,8.649999618530273,9.119999885559082,8.40999984741211,8.979999542236328,491800,0,0,0.030998794822829634,1.9823397629856327,9.286500024795533,9.738499365219408,8.834500684371658,9.139999866485596,8.90999984741211,8.96999979019165,9.574999809265137,13.18000030517578
2020-10-30,9.100000381469728,9.640000343322754,9.100000381469728,9.600000381469728,930300,0,0,0.06904241323368687,2.119205284071256,9.316000032424927,9.768988065798961,8.863011999050894,9.139999866485596,8.940000057220459,8.894999742507935,9.514999866485596,13.630000114440918
2020-11-02,9.789999961853027,9.920000076293944,9.520000457763672,9.600000381469728,226000,0,0,0.0,2.119205284071256,9.326000070571899,9.794695041480864,8.857305099662934,9.164999961853027,9.144999980926514,8.894999742507935,9.514999866485596,13.40999984741211
2020-11-03,9.4399995803833,9.850000381469728,9.260000228881836,9.43000030517578,200800,0,0,-0.017708340576953474,2.0816776751484425,9.332500076293945,9.803195665546907,8.861804487040983,9.164999961853027,9.144999980926514,8.894999742507935,9.514999866485596,13.630000114440918
2020-11-04,9.260000228881836,9.380000114440918,8.84000015258789,9.25,262400,0,0,-0.019088048711619177,2.041942510283319,9.330000066757203,9.801902236055165,8.85809789745924,9.164999961853027,9.15999984741211,8.894999742507935,9.514999866485596,13.539999961853027
2020-11-05,9.25,9.949999809265137,9.25,9.920000076293944,322400,0,0,0.07243244068042642,2.1898453900322563,9.350000047683716,9.883064052008486,8.816936043358947,9.179999828338623,9.179999828338623,8.882499933242798,9.514999866485596,13.510000228881836
2020-11-06,10.140000343322754,10.470000267028809,9.989999771118164,10.25,304600,0,0,0.03326612108548921,2.2626930519355697,9.389500045776368,10.052202750548686,8.72679734100405,9.440000057220459,9.440000057220459,8.777499914169312,9.514999866485596,14.1899995803833
2020-11-09,10.890000343322754,11.9399995803833,10.890000343322754,11.5600004196167,431000,0,0,0.12780491898699498,2.5518763541306315,9.493000078201295,10.6533206172637,8.332679539138889,10.174999713897705,10.174999713897705,8.734999895095825,9.514999866485596,13.81999969482422
2020-11-10,11.75,12.0,11.510000228881836,11.5600004196167,268800,0,0,0.0,2.5518763541306315,9.60700011253357,11.072766143437942,8.141234081629197,10.204999923706055,10.204999923706055,8.832499742507935,9.514999866485596,13.890000343322754
2020-11-11,11.710000038146973,11.720000267028809,11.140000343322754,11.270000457763672,200000,0,0,-0.02508650097978482,2.4878587054724437,9.712500143051148,11.33183071207136,8.093169574030936,10.420000076293945,10.204999923706055,8.879999876022339,9.514999866485596,13.390000343322754
2020-11-12,11.100000381469728,11.239999771118164,10.550000190734863,10.720000267028809,190500,0,0,-0.048802144489353494,2.3664458654588816,9.76650013923645,11.44418032038892,8.088819958083981,10.420000076293945,10.204999923706055,8.894999980926514,9.514999866485596,13.399999618530272
2020-11-13,10.850000381469728,11.239999771118164,10.850000381469728,11.149999618530272,197500,0,0,0.04011187880507805,2.4613684552129462,9.851000118255616,11.62687960731868,8.075120629192552,10.420000076293945,10.204999923706055,8.987499952316284,9.514999866485596,13.1899995803833
2020-11-16,11.529999732971191,11.970000267028809,11.369999885559082,11.970000267028809,361600,0,0,0.07354266157424538,2.642384042524195,9.992500114440919,11.96187429342835,8.023125935453487,10.420000076293945,10.204999923706055,9.019999980926514,9.514999866485596,13.510000228881836
2020-11-17,11.800000190734863,12.149999618530272,11.510000228881836,12.039999961853027,364600,0,0,0.005847927590864943,2.6578365130721338,10.134000110626221,12.260334269048942,8.007665952203501,10.699999809265137,10.279999732971191,9.027499914169312,9.514999866485596,13.449999809265137
2020-11-18,12.0600004196167,12.329999923706056,11.399999618530272,11.40999984741211,272700,0,0,-0.05232559106619439,2.5187636465683214,10.245500087738037,12.394036260331402,8.096963915144672,11.15999984741211,10.369999885559082,9.037499904632568,9.514999866485596,13.56999969482422
2020-11-19,11.460000038146973,11.510000228881836,11.010000228881836,11.40999984741211,323800,0,0,0.0,2.5187636465683214,10.345000076293946,12.515846015384772,8.17415413720312,11.440000057220459,10.369999885559082,9.012500047683716,9.514999866485596,13.390000343322754
2020-11-20,11.260000228881836,11.4399995803833,11.1899995803833,11.420000076293944,511500,0,0,0.0008764442607860357,2.5209712025106326,10.437500095367431,12.62614977991234,8.248850410822522,11.440000057220459,10.369999885559082,9.082500219345093,9.514999866485596,13.56999969482422
2020-11-23,11.579999923706056,12.079999923706056,11.460000038146973,12.0,315700,0,0,0.050788084048269067,2.6490064998270086,10.566500091552735,12.80417596080841,8.32882422229706,11.440000057220459,10.369999885559082,9.102500200271606,9.514999866485596,13.649999618530272
2020-11-24,12.270000457763672,12.970000267028809,12.210000038146973,12.829999923706056,279800,0,0,0.06916666030883811,2.8322294325564474,10.754000091552735,13.089414004885032,8.418586178220437,11.760000228881836,10.690000057220459,9.102500200271606,9.514999866485596,13.550000190734863
2020-11-25,12.529999732971191,13.050000190734863,12.1899995803833,12.859999656677246,334400,0,0,0.002338248881495142,2.83885188985926,10.961500072479248,13.270627766036977,8.65237237892152,11.950000286102295,10.730000019073486,9.102500200271606,9.514999866485596,13.619999885559082
2020-11-27,12.8100004196167,12.8100004196167,12.220000267028809,12.59000015258789,202500,0,0,-0.020995296368391814,2.779249353085696,11.142000102996827,13.365210957704049,8.918789248289604,12.03000020980835,10.730000019073486,9.102500200271606,9.514999866485596,14.9399995803833
2020-11-30,12.5,12.5,11.699999809265137,11.800000190734863,463700,0,0,-0.06274820907691903,2.6048564336013826,11.252000093460083,13.373442708500017,9.13055747842015,12.03000020980835,10.730000019073486,9.09249997138977,9.514999866485596,15.199999809265137
2020-12-01,12.06999969482422,12.329999923706056,11.8100004196167,12.220000267028809,315300,0,0,0.03559322622924377,2.697571677937258,11.383000087738036,13.400122754348498,9.365877421127575,12.03000020980835,10.730000019073486,9.152499914169312,9.440000057220459,15.3100004196167
2020-12-02,12.15999984741211,12.920000076293944,11.960000038146973,12.859999656677246,530600,0,0,0.052373107664755336,2.8388518898592605,11.55450005531311,13.45706047604851,9.65193963457771,12.03000020980835,10.730000019073486,9.152499914169312,9.190000057220459,15.050000190734863
2020-12-03,12.829999923706056,13.210000038146973,12.670000076293944,12.970000267028809,252800,0,0,0.008553702432989363,2.863134584176446,11.74050006866455,13.41715760639884,10.06384253093026,12.199999809265137,10.809999942779541,9.152499914169312,9.15999984741211,15.59000015258789
2020-12-04,13.109999656677246,13.210000038146973,12.880000114440918,13.140000343322754,223400,0,0,0.01310717600570177,2.9006621930992584,11.90150008201599,13.461073575393769,10.341926588638213,12.335000038146973,10.809999942779541,9.09499979019165,9.014999866485596,15.220000267028809
2020-12-07,12.949999809265137,13.210000038146973,12.899999618530272,13.18000030517578,240200,0,0,0.003044137047785611,2.909492206344383,12.04800009727478,13.505569940967208,10.590430253582353,12.454999923706055,11.025000095367432,9.024999856948853,9.0,15.93000030517578
2020-12-08,13.010000228881836,13.770000457763672,13.010000228881836,13.630000114440918,393000,0,0,0.03414262510209687,3.0088299079830723,12.15150008201599,13.744944806859646,10.558055357172336,12.735000133514404,11.305000305175781,9.039999961853027,8.96999979019165,16.40999984741211
2020-12-09,13.84000015258789,14.010000228881836,13.329999923706056,13.40999984741211,333400,0,0,-0.016140885193076326,2.960264729872823,12.244000053405761,13.903505431903255,10.584494674908267,12.855000019073486,11.425000190734863,9.15499997138977,8.96999979019165,16.540000915527344
2020-12-10,13.199999809265137,13.65999984741211,13.119999885559082,13.630000114440918,220900,0,0,0.01640568751171645,3.0088299079830723,12.362000036239625,14.063248241392582,10.660751831086667,12.855000019073486,11.425000190734863,9.15499997138977,8.96999979019165,16.709999084472656
2020-12-11,13.56999969482422,13.720000267028809,13.350000381469728,13.539999961853027,205700,0,0,-0.006603092577566194,2.98896232555051,12.503000020980835,14.099649678761448,10.906350363200222,12.910000324249268,11.630000114440918,9.162499904632568,8.96999979019165,16.81999969482422
2020-12-14,13.850000381469728,13.850000381469728,13.460000038146973,13.510000228881836,228700,0,0,-0.0022156375964336172,2.9823398682476965,12.621000051498413,14.146740659784248,11.095259443212578,12.985000133514404,12.0,9.179999828338623,8.96999979019165,17.34000015258789
2020-12-15,13.850000381469728,14.199999809265137,13.4399995803833,14.1899995803833,257400,0,0,0.05033303774841946,3.1324500934148243,12.732000017166138,14.37215693713061,11.091843097201666,13.434999942779541,12.375,9.440000057220459,9.210000038146973,17.170000076293945
2020-12-16,14.279999732971191,14.470000267028809,13.779999732971191,13.81999969482422,354000,0,0,-0.026074693199468424,3.0507724182663867,12.821000003814698,14.494500238117016,11.147499769512379,13.675000190734863,12.510000228881836,10.174999713897705,9.944999694824219,16.90999984741211
2020-12-17,13.829999923706056,14.050000190734863,13.760000228881836,13.890000343322754,371300,0,0,0.0050651700466208815,3.0662250993384466,12.94500002861023,14.547166292116941,11.342833765103517,13.684999942779541,12.510000228881836,10.204999923706055,9.974999904632568,16.59000015258789
2020-12-18,13.93000030517578,14.140000343322754,13.210000038146973,13.390000343322754,735900,0,0,-0.035997119340631434,2.955849828512321,13.044000053405762,14.490007715034036,11.597992391777488,13.740000247955322,12.510000228881836,10.3125,9.974999904632568,16.850000381469727
2020-12-21,13.369999885559082,13.489999771118164,13.25,13.399999618530272,351400,0,0,0.000746771841010796,2.9580571739305106,13.143000030517578,14.385449211529915,11.900550849505242,13.795000076293945,12.660000324249268,10.3125,9.974999904632568,16.770000457763672
2020-12-22,13.470000267028809,13.579999923706056,13.050000190734863,13.1899995803833,321300,0,0,-0.01567164508397234,2.9116995517625734,13.202500009536744,14.32751571164575,12.077484307427737,13.760000228881836,12.740000247955322,10.3125,9.974999904632568,17.020000457763672
2020-12-23,13.270000457763672,13.619999885559082,13.270000457763672,13.510000228881836,400300,0,0,0.02426085357686092,2.982339868247697,13.236500024795532,14.355449954315887,12.117550095275178,13.760000228881836,12.740000247955322,10.3125,9.974999904632568,18.6200008392334
2020-12-24,13.479999542236328,13.619999885559082,13.31999969482422,13.449999809265137,106100,0,0,-0.004441185684692317,2.969094743117948,13.266000032424927,14.374641182133136,12.157358882716718,13.760000228881836,12.740000247955322,10.489999771118164,10.049999713897705,18.51000022888184
2020-12-28,13.1899995803833,13.800000190734863,13.1899995803833,13.56999969482422,162200,0,0,0.008921924703405582,2.995584782853324,13.315000009536742,14.38535783110401,12.244642187969475,13.760000228881836,12.740000247955322,10.764999866485596,10.139999866485596,18.540000915527344
2020-12-29,13.600000381469728,13.600000381469728,13.25,13.390000343322754,179300,0,0,-0.013264506672768794,2.9558498285123216,13.394500017166138,14.205163451057022,12.583836583275254,13.760000228881836,12.829999923706055,10.90499997138977,10.139999866485596,18.34000015258789
2020-12-30,12.6899995803833,13.649999618530272,12.6899995803833,13.56999969482422,167700,0,0,0.013442819035566878,2.995584782853324,13.461999988555908,14.067035495767806,12.85696448134401,13.414999961853027,12.96500015258789,10.90499997138977,10.139999866485596,18.809999465942383
2020-12-31,13.5600004196167,13.760000228881836,13.4399995803833,13.649999618530272,138400,0,0,0.005895351916372027,3.0132448093435733,13.50149998664856,14.04337676681653,12.959623206480588,13.414999961853027,13.085000038146973,10.90499997138977,10.139999866485596,18.700000762939453
2021-01-04,13.770000457763672,13.899999618530272,13.289999961853027,13.550000190734863,232300,0,0,-0.00732596561099208,2.991169881492822,13.530499982833863,14.0138097426553,13.047190223012427,13.294999599456787,13.085000038146973,11.225000143051147,10.460000038146973,19.3700008392334
2021-01-05,13.539999961853027,13.90999984741211,13.539999961853027,13.619999885559082,296700,0,0,0.005166029065599709,3.0066223520407602,13.554499959945678,14.003996148907014,13.105003770984343,13.299999713897705,13.085000038146973,11.34000015258789,10.5,19.899999618530277
2021-01-06,14.119999885559082,15.3100004196167,13.260000228881836,14.9399995803833,430800,0,0,0.09691627796735736,3.2980129996540124,13.642499923706055,14.37085385245129,12.914145994960819,14.0,13.505000114440918,11.380000114440918,10.5,19.61000061035156
2021-01-07,15.010000228881836,15.300000190734863,14.869999885559082,15.199999809265137,349000,0,0,0.017402960922651145,3.3554081910093867,13.720999908447265,14.719008645508643,12.722991171385887,14.0,13.5600004196167,11.380000114440918,10.5,20.51000022888184
2021-01-08,15.300000190734863,15.600000381469728,15.149999618530272,15.3100004196167,391400,0,0,0.007236882350782015,3.379690885326572,13.815999937057494,15.020359940565283,12.611639933549705,14.144999980926514,13.78000020980835,11.380000114440918,10.5,21.0
2021-01-11,15.3100004196167,15.65999984741211,14.960000038146973,15.050000190734863,296000,0,0,-0.01698237895204091,3.322295693971198,13.886999940872192,15.202670378408737,12.571329503335647,14.174999713897705,14.164999961853027,11.380000114440918,10.5,19.780000686645508
2021-01-12,15.270000457763672,15.609999656677246,15.09000015258789,15.59000015258789,350100,0,0,0.03588039568168666,3.4415009780424484,13.989499950408936,15.489683298148453,12.489316602669419,14.174999713897705,14.174999713897705,11.504999876022339,10.579999923706055,20.450000762939453
2021-01-13,15.5,15.630000114440918,14.8100004196167,15.220000267028809,255100,0,0,-0.02373315471056381,3.3598233028940103,14.074999952316285,15.650005640895916,12.499994263736653,14.460000038146973,14.174999713897705,11.572499990463257,10.579999923706055,20.63999938964844
2021-01-14,15.399999618530272,16.06999969482422,15.399999618530272,15.93000030517578,264100,0,0,0.04664914754864036,3.5165561958880733,14.161999988555909,15.934879231739702,12.389120745372116,14.664999961853027,14.37999963760376,11.740000009536743,10.579999923706055,20.38999938964844
2021-01-15,15.970000267028809,16.579999923706055,15.630000114440918,16.40999984741211,693900,0,0,0.03013179742880312,3.622516354829575,14.291499996185303,16.309766999828046,12.27323299254256,14.920000076293945,14.634999752044678,12.020000219345093,10.890000343322754,21.299999237060547
2021-01-19,16.479999542236328,16.75,16.43000030517578,16.540000915527344,512600,0,0,0.007922063944183044,3.6512141610313837,14.424000024795532,16.658286324506644,12.18971372508442,15.005000114440918,14.71999979019165,12.140000104904175,11.190000057220459,20.40999984741211
2021-01-20,16.600000381469727,16.760000228881836,16.40999984741211,16.709999084472656,469500,0,0,0.010278002390297525,3.6887413489059524,14.589999961853028,16.981868020228845,12.198131903477211,15.785000324249268,14.724999904632568,12.140000104904175,11.190000057220459,20.270000457763672
2021-01-21,16.809999465942383,17.0,16.479999542236328,16.81999969482422,399700,0,0,0.00658292138709804,3.7130240432231383,14.760999965667725,17.275345898389585,12.246654032945866,15.90500020980835,14.84499979019165,12.270000219345093,11.204999923706055,21.07999992370605
2021-01-22,16.549999237060547,17.399999618530273,16.549999237060547,17.34000015258789,315300,0,0,0.030915604470770797,3.827814425933887,14.968499994277954,17.613046073919236,12.323953914636672,16.105000019073486,15.044999599456787,12.492500066757202,11.210000038146973,21.100000381469727
2021-01-25,17.219999313354492,17.260000228881836,16.700000762939453,17.170000076293945,735000,0,0,-0.009803925882236775,3.7902868170110744,15.15149998664856,17.873269950345183,12.429730022951935,16.105000019073486,15.044999599456787,12.90499997138977,11.304999828338623,21.90999984741211
2021-01-26,17.329999923706055,17.530000686645508,16.729999542236328,16.90999984741211,389700,0,0,-0.01514270400271045,3.7328916256557,15.324499988555909,18.031321139720994,12.617678837390823,16.170000553131104,15.110000133514404,13.09250020980835,11.440000057220459,21.479999542236328
2021-01-27,16.3700008392334,16.959999084472656,16.1299991607666,16.59000015258789,434700,0,0,-0.01892369590252785,3.6622515196946988,15.475500011444092,18.109145541360867,12.841854481527317,16.46500015258789,15.110000133514404,13.097500085830688,11.440000057220459,21.96999931335449
2021-01-28,16.979999542236328,17.079999923706055,16.5,16.850000381469727,389800,0,0,0.015672105273686787,3.7196467110500735,15.648500013351441,18.161996472140213,13.135003554562669,16.580000400543213,15.110000133514404,13.125000238418579,11.440000057220459,23.520000457763672
2021-01-29,16.850000381469727,17.65999984741211,16.389999389648438,16.770000457763672,596000,0,0,-0.004747769845396044,3.7019866845598233,15.808500051498413,18.173866466679662,13.443133636317162,16.894999504089355,15.174999713897705,13.227500200271606,11.440000057220459,22.559999465942383
2021-02-01,17.0,17.18000030517578,16.6200008392334,17.020000457763672,404700,0,0,0.014907572640182165,3.757174319972886,15.977000093460083,18.17583621647901,13.778163970441154,16.894999504089355,15.174999713897705,13.250000238418579,11.440000057220459,22.770000457763672
2021-02-02,17.309999465942383,18.770000457763672,17.18000030517578,18.6200008392334,492200,0,0,0.09400707041343748,4.110375270826136,16.23050012588501,18.420577715437982,14.040422536332034,17.449999809265137,15.730000019073486,13.250000238418579,11.440000057220459,23.809999465942383
2021-02-03,18.709999084472656,18.93000030517578,18.170000076293945,18.51000022888184,765400,0,0,-0.005907658721463704,4.0860925765089515,16.475000143051147,18.531073840579506,14.41892644552279,17.52999973297119,15.809999942779541,13.250000238418579,11.440000057220459,23.530000686645508
2021-02-04,18.5,18.899999618530277,18.479999542236328,18.540000915527344,657900,0,0,0.001620782618829697,4.092715244335886,16.65500020980835,18.77212042016904,14.537879999447663,17.52999973297119,15.809999942779541,13.250000238418579,11.440000057220459,24.200000762939453
2021-02-05,18.520000457763672,18.850000381469727,18.26000022888184,18.34000015258789,1156600,0,0,-0.010787527133936159,4.048564967586138,16.812000226974487,18.9400377172039,14.683962736745073,17.52999973297119,15.809999942779541,13.295000076293945,11.440000057220459,23.0
2021-02-08,18.57999992370605,18.850000381469727,17.860000610351562,18.809999465942383,925100,0,0,0.02562700705802179,4.1523175705853275,16.98700017929077,19.167757617229594,14.80624274135195,17.52999973297119,16.09500026702881,13.190000057220459,11.440000057220459,23.399999618530277
2021-02-09,18.6200008392334,18.82999992370605,18.18000030517578,18.700000762939453,425600,0,0,-0.005847884429879713,4.128035297316385,17.169500207901002,19.280355436786515,15.05864497901549,17.65999984741211,16.09500026702881,13.25,11.440000057220459,23.07999992370605
2021-02-10,18.739999771118164,19.56999969482422,18.489999771118164,19.3700008392334,457900,0,0,0.03582887962345871,4.275938177065322,17.358500242233276,19.546165114702298,15.170835369764255,17.979999542236328,16.414999961853027,13.18999981880188,11.440000057220459,23.600000381469727
2021-02-11,19.76000022888184,20.3700008392334,19.489999771118164,19.899999618530277,488900,0,0,0.027361835639334586,4.39293569467014,17.59250020980835,19.816414042349944,15.368586377266755,18.4950008392334,16.815000534057617,13.192499876022339,11.440000057220459,23.0
2021-02-12,19.76000022888184,19.989999771118164,19.5,19.61000061035156,223500,0,0,-0.01457281476069372,4.328918256536072,17.77650022506714,20.02883832019266,15.524162129941619,18.77500057220459,17.59000062942505,13.752500057220459,11.860000133514404,21.459999084472656
2021-02-16,19.850000381469727,20.63999938964844,19.81999969482422,20.51000022888184,414500,0,0,0.04589493067405592,4.5275936598134505,17.981500244140626,20.438388061927103,15.52461242635415,19.25,17.72499990463257,13.78000020980835,11.860000133514404,20.780000686645508
2021-02-17,20.3799991607666,21.420000076293945,19.920000076293945,21.0,634500,0,0,0.02389077355680147,4.635761374697264,18.204500198364258,20.898435573678018,15.510564823050498,19.640000343322754,18.115000247955322,13.962500095367432,12.005000114440918,21.25
2021-02-18,20.81999969482422,21.100000381469727,19.709999084472656,19.780000686645508,301700,0,0,-0.05809520539783297,4.366445865458886,18.3580002784729,21.043570054650854,15.672430502294947,19.640000343322754,18.115000247955322,14.169999837875366,12.03499984741211,21.31999969482422
2021-02-19,19.979999542236328,20.479999542236328,19.93000030517578,20.450000762939453,246800,0,0,0.03387260126569647,4.5143487452078235,18.539500331878664,21.275497507088026,15.8035031566693,19.640000343322754,18.115000247955322,14.174999713897705,12.03499984741211,20.450000762939453
2021-02-22,20.420000076293945,21.229999542236328,20.309999465942383,20.63999938964844,353000,0,0,0.009290886045017377,4.556291044967017,18.70450029373169,21.5288156975153,15.880184889948083,19.800000190734863,18.40999984741211,14.317499876022339,12.03499984741211,20.989999771118164
2021-02-23,20.690000534057617,20.729999542236328,19.61000061035156,20.38999938964844,756800,0,0,-0.012112403458954701,4.501103409553954,18.865500259399415,21.688662722413348,16.042337796385482,19.954999923706055,18.52500009536743,14.522499799728394,12.454999923706055,20.71999931335449
2021-02-24,20.520000457763672,21.40999984741211,20.170000076293945,21.299999237060547,401100,0,0,0.04462971430367446,4.701986368773642,19.085000228881835,21.94866575995882,16.22133469780485,20.454999923706055,18.774999618530273,14.777499914169312,12.710000038146973,21.1299991607666
2021-02-25,21.5,21.5,20.32999992370605,20.40999984741211,295100,0,0,-0.04178401040033364,4.505518521438577,19.276000213623046,21.949835081113612,16.60216534613248,20.5,18.8149995803833,14.862499952316284,12.795000076293945,20.81999969482422
2021-02-26,20.31999969482422,20.65999984741211,19.549999237060547,20.270000457763672,373100,0,0,-0.006859352802307317,4.4746135803427,19.447000217437743,21.904832166967076,16.98916826790841,20.524999618530273,18.8149995803833,15.255000114440918,12.800000190734863,21.049999237060547
2021-03-01,20.770000457763672,21.25,20.309999465942383,21.07999992370605,225100,0,0,0.03996050555746966,4.653421401187513,19.662500190734864,21.88586780932282,17.439132572146907,20.524999618530273,18.8149995803833,15.375,13.125,21.1299991607666
2021-03-02,21.1200008392334,21.40999984741211,20.649999618530277,21.100000381469727,292200,0,0,0.0009487883223937565,4.657836513072137,19.866500186920167,21.810988114044903,17.92201225979543,20.524999618530273,18.8149995803833,15.574999809265137,13.694999694824219,21.399999618530277
2021-03-03,21.36000061035156,22.399999618530277,20.729999542236328,21.90999984741211,557200,0,0,0.03838859958759677,4.836644333916952,20.0310001373291,22.080823189079766,17.981177085578437,20.97499942779541,19.264999389648438,15.574999809265137,13.974999904632568,21.799999237060547
2021-03-04,21.90999984741211,22.420000076293945,20.93000030517578,21.479999542236328,550500,0,0,-0.019625755735756867,4.741721533638765,20.179500102996826,22.196766431191204,18.16223377480245,20.984999656677246,19.274999618530273,15.640000343322754,14.040000438690186,22.100000381469727
2021-03-05,21.88999938964844,22.11000061035156,21.25,21.96999931335449,760400,0,0,0.022811907893883765,4.849889248522578,20.351000022888183,22.364739470804633,18.337260574971733,20.984999656677246,19.40499973297119,15.787500143051147,14.040000438690186,21.34000015258789
2021-03-08,22.209999084472656,23.93000030517578,22.020000457763672,23.520000457763672,616000,0,0,0.07055080531873359,5.192052840712513,20.61000003814697,22.84533159738604,18.374668478907903,21.739999771118164,20.15999984741211,15.845000267028809,14.040000438690186,21.850000381469727
2021-03-09,23.520000457763672,23.559999465942383,22.059999465942383,22.559999465942383,381700,0,0,-0.04081636790548637,4.980132101781265,20.79750003814697,23.026462446374232,18.56853762991971,21.739999771118164,20.27500057220459,16.03499960899353,14.255000114440918,22.059999465942383
2021-03-10,23.09000015258789,23.31999969482422,22.38999938964844,22.770000457763672,411200,0,0,0.00930855482236681,5.026489934473325,21.001000022888185,23.168475069225526,18.833524976550844,21.739999771118164,20.55500030517578,16.03499960899353,14.335000038146973,22.90999984741211
2021-03-11,22.90999984741211,23.920000076293945,22.559999465942383,23.809999465942383,691600,0,0,0.04567408815418417,5.256070278846579,21.22299995422363,23.58015282010573,18.865847088341532,22.119999885559082,20.895000457763672,16.58999991416931,14.890000343322754,22.170000076293945
2021-03-12,24.170000076293945,24.520000457763672,23.40999984741211,23.530000686645508,355800,0,0,-0.011759713799968097,5.194260396654824,21.404500007629395,23.883443968165643,18.925556047093146,22.585000038146973,21.190000534057617,16.669999837875366,14.970000267028809,20.96999931335449
2021-03-15,23.71999931335449,24.290000915527344,22.75,24.200000762939453,794000,0,0,0.028474290554279635,5.342163276403761,21.63400001525879,24.2533806229389,19.014619407578678,22.625,21.190000534057617,16.669999837875366,14.970000267028809,21.479999542236328
2021-03-16,24.200000762939453,24.420000076293945,22.8700008392334,23.0,657800,0,0,-0.04958680682263317,5.077262458001763,21.758500003814696,24.38914829907284,19.127851708556552,22.725000381469727,21.190000534057617,16.669999837875366,15.059999942779541,21.1200008392334
2021-03-17,23.13999938964844,23.76000022888184,22.420000076293945,23.399999618530277,370200,0,0,0.017391287762186014,5.165562590453016,21.87849998474121,24.57860360852103,19.178396360961393,22.885000228881836,21.350000381469727,16.8125,15.195000171661377,21.940000534057617
2021-03-18,23.5,23.93000030517578,22.809999465942383,23.07999992370605,818400,0,0,-0.0136752008564488,5.094922484492013,22.04349994659424,24.609034387320808,19.47796550586767,23.270000457763672,21.505000114440918,16.87750005722046,15.315000057220459,22.07999992370605
2021-03-19,23.149999618530277,23.989999771118164,22.649999618530277,23.600000381469727,1706100,0,0,0.022530349197686483,5.209712867202763,22.20099992752075,24.74227743200794,19.659722423033564,23.289999961853027,22.005000114440918,17.197499752044678,15.634999752044678,22.040000915527344
2021-03-22,23.350000381469727,23.649999618530277,22.51000022888184,23.0,602200,0,0,-0.02542374456658214,5.077262458001763,22.31899995803833,24.776271597608336,19.861728318468323,23.454999923706055,22.010000228881836,17.655000686645508,16.035000324249268,22.5
2021-03-23,22.790000915527344,22.790000915527344,21.3700008392334,21.459999084472656,627800,0,0,-0.06695656154466711,4.73730642175414,22.37249994277954,24.701329238922316,20.043670646636766,22.945000648498535,22.03499984741211,18.18250060081482,16.035000324249268,22.36000061035156
2021-03-24,21.780000686645508,22.030000686645508,20.75,20.780000686645508,338700,0,0,-0.031686785966321906,4.587196407111135,22.34650001525879,24.7341569612339,19.95884306928368,22.635000228881836,22.03499984741211,18.487499952316284,16.22499990463257,22.209999084472656
2021-03-25,20.65999984741211,21.489999771118164,20.020000457763672,21.25,704300,0,0,0.02261786803773025,4.690949010110325,22.388500022888184,24.664164794745794,20.112835251030575,22.22000026702881,22.03499984741211,18.877500295639038,16.69000005722046,22.07999992370605
2021-03-26,21.649999618530277,21.75,20.739999771118164,21.31999969482422,783400,0,0,0.003294103285845562,4.706401480658263,22.44099998474121,24.560176297455214,20.321823672027207,22.22000026702881,22.03499984741211,18.877500295639038,17.045000076293945,24.56999969482422
2021-03-29,21.31999969482422,21.5,20.26000022888184,20.450000762939453,724100,0,0,-0.04080670470628445,4.514348745207822,22.40950002670288,24.626225266277544,20.192774787128215,22.005000114440918,22.03499984741211,18.877500295639038,17.054999828338623,24.3700008392334
2021-03-30,20.520000457763672,21.21999931335449,20.200000762939453,20.989999771118164,367500,0,0,0.026405818485705224,4.633553818754951,22.403999996185302,24.634346169866514,20.17365382250409,22.005000114440918,22.03499984741211,19.105000019073486,17.054999828338623,24.170000076293945
2021-03-31,20.86000061035156,21.280000686645508,20.6200008392334,20.71999931335449,596700,0,0,-0.012863290171884145,4.573951071457264,22.34449996948242,24.68632984649644,20.0026700924684,22.005000114440918,22.03499984741211,19.240000009536743,17.054999828338623,24.350000381469727
2021-04-01,20.81999969482422,21.1299991607666,20.549999237060547,21.1299991607666,366800,0,0,0.019787638079112213,4.664458759850828,22.326999950408936,24.699773049125305,19.954226851692567,21.835000038146973,22.03499984741211,19.614999771118164,17.054999828338623,25.0
2021-04-05,21.440000534057617,21.670000076293945,20.709999084472656,20.81999969482422,375300,0,0,-0.014671059075003545,4.596026209832139,22.26949996948242,24.72919422436244,19.8098057146024,21.405000686645508,22.03499984741211,19.65749979019165,17.09499979019165,24.61000061035156
2021-04-06,20.790000915527344,21.280000686645508,20.790000915527344,21.049999237060547,303500,0,0,0.011047048300077744,4.646798733360578,22.145999908447266,24.58995926670212,19.70204055019241,21.02500057220459,22.270000457763672,19.669999599456787,17.09499979019165,22.899999618530277
2021-04-07,20.899999618530277,21.65999984741211,20.899999618530277,21.1299991607666,412100,0,0,0.0038004715727117944,4.664458759850828,22.074499893188477,24.54964063359533,19.599359152781624,20.885000228881836,22.270000457763672,19.669999599456787,17.09499979019165,23.420000076293945
2021-04-08,20.920000076293945,21.450000762939453,20.76000022888184,21.399999618530277,204100,0,0,0.012778062872099039,4.724061507148515,22.005999851226807,24.476127401655926,19.53587230079769,20.975000381469727,22.270000457763672,19.669999599456787,17.09499979019165,24.520000457763672
2021-04-09,21.399999618530277,21.850000381469727,21.38999938964844,21.799999237060547,230700,0,0,0.018691571292548614,4.812361639599766,21.905499839782713,24.23171105289247,19.579288626672955,21.02500057220459,22.270000457763672,20.119999408721924,17.544999599456787,24.979999542236328
2021-04-12,21.88999938964844,22.270000457763672,21.809999465942383,22.100000381469727,182600,0,0,0.013761520867357158,4.878587054724387,21.833999824523925,24.039596349154582,19.628403299893268,21.235000610351562,22.270000457763672,20.12999963760376,17.554999828338623,24.270000457763672
2021-04-13,22.209999084472656,22.229999542236328,21.280000686645508,21.34000015258789,390400,0,0,-0.03438915003454368,4.710816592542888,21.69099979400635,23.614397130205894,19.767602457806802,21.40999984741211,22.270000457763672,20.19499969482422,17.554999828338623,23.420000076293945
2021-04-14,21.280000686645508,21.96999931335449,21.280000686645508,21.850000381469727,267100,0,0,0.023898792185340634,4.8233994193113245,21.633499813079833,23.462365910442077,19.80463371571759,21.40999984741211,22.270000457763672,20.949999809265137,18.30999994277954,23.3799991607666
2021-04-15,21.920000076293945,22.18000030517578,21.309999465942383,22.059999465942383,271600,0,0,0.009610941913335225,4.869756830955141,21.56649980545044,23.219509386470857,19.913490224430024,21.489999771118164,22.270000457763672,21.007500171661377,18.30999994277954,24.1299991607666
2021-04-16,22.43000030517578,22.93000030517578,22.21999931335449,22.90999984741211,321600,0,0,0.03853129655701082,5.057394875569202,21.55799980163574,23.1809437488629,19.93505585440858,21.84500026702881,22.270000457763672,21.147500038146973,18.30999994277954,24.18000030517578
2021-04-19,22.770000457763672,22.8799991607666,21.920000076293945,22.170000076293945,315500,0,0,-0.03230029576808369,4.894039525272326,21.486499786376953,22.84514625957895,20.127853313174956,21.84500026702881,22.270000457763672,21.507500171661377,18.30999994277954,23.309999465942383
2021-04-20,22.1299991607666,22.1299991607666,20.75,20.96999931335449,412600,0,0,-0.05412723314433365,4.629138706870327,21.384999752044678,22.566120724352288,20.203878779737067,21.84000015258789,22.22000026702881,21.887500286102295,18.605000019073486,23.82999992370605
2021-04-21,20.950000762939453,21.61000061035156,20.76000022888184,21.479999542236328,291200,0,0,0.024320469507934206,4.741721533638764,21.385999774932863,22.56741001851768,20.204589531348045,21.84000015258789,22.22000026702881,21.90750026702881,18.605000019073486,24.43000030517578
2021-04-22,21.479999542236328,21.68000030517578,21.100000381469727,21.1200008392334,290800,0,0,-0.016759716511867695,4.6622516249567605,21.402999782562254,22.558255806662405,20.247743758462104,21.84000015258789,22.005000114440918,21.957500457763672,18.605000019073486,24.239999771118164
2021-04-23,21.209999084472656,22.309999465942383,21.059999465942383,21.940000534057617,436100,0,0,0.03882574158335039,4.843267001743887,21.437499809265137,22.61366971745725,20.261329901073026,21.84000015258789,22.005000114440918,22.11750030517578,18.890000343322754,24.5
2021-04-26,22.040000915527344,22.56999969482422,21.979999542236328,22.07999992370605,226800,0,0,0.006381011223363986,4.874171942839763,21.475499820709228,22.683063500899735,20.26793614051872,21.84000015258789,22.005000114440918,22.387500286102295,18.890000343322754,24.450000762939453
2021-04-27,22.01000022888184,22.309999465942383,21.950000762939453,22.040000915527344,213900,0,0,-0.0018115492897154972,4.86534214011876,21.554999828338623,22.68833563679229,20.421664019884957,21.84000015258789,21.835000038146973,22.647500038146973,18.890000343322754,24.90999984741211
2021-04-28,21.950000762939453,22.700000762939453,21.950000762939453,22.5,251800,0,0,0.020871100969355405,4.966887187175638,21.630499839782715,22.804133432226724,20.456866247338706,21.84000015258789,21.475000381469727,22.732500076293945,18.890000343322754,25.290000915527344
2021-04-29,22.75,23.149999618530277,22.299999237060547,22.36000061035156,261200,0,0,-0.0062221950954862715,4.93598224607976,21.71249990463257,22.84837288873153,20.57662692053361,21.949999809265137,21.585000038146973,22.490000247955322,19.665000438690186,26.350000381469727
2021-04-30,22.13999938964844,22.709999084472656,21.979999542236328,22.209999084472656,536400,0,0,-0.006708475929533719,4.902869327993328,21.76649990081787,22.88893226566917,20.64406753596657,21.949999809265137,21.585000038146973,22.335000038146973,19.665000438690186,26.489999771118164
2021-05-03,22.32999992370605,22.790000915527344,21.84000015258789,22.07999992370605,238300,0,0,-0.005853181725589907,4.874171942839762,21.829499912261962,22.869952818957522,20.789047005566403,21.95499992370606,21.675000190734863,22.12750005722046,19.665000438690186,25.90999984741211
2021-05-04,25.13999938964844,25.13999938964844,24.100000381469727,24.56999969482422,4815000,0,0,0.11277172915407463,5.423840741028077,22.005499935150148,23.53942909444249,20.471570775857806,23.09999942779541,22.670000076293945,22.12750005722046,19.665000438690186,25.299999237060547
2021-05-05,24.799999237060547,25.0,23.920000076293945,24.3700008392334,1716600,0,0,-0.00813996166361175,5.379690885326573,22.167500019073486,23.962562342329342,20.37243769581763,23.09999942779541,22.670000076293945,22.019999980926514,19.665000438690186,25.36000061035156
2021-05-06,24.350000381469727,24.90999984741211,23.690000534057617,24.170000076293945,16544500,0,0,-0.008206842677554227,5.335540608576825,22.30600004196167,24.264662784785408,20.347337299137934,23.489999771118164,22.844999313354492,22.019999980926514,19.960000038146973,25.13999938964844
2021-05-07,23.030000686645508,24.450000762939453,22.799999237060547,24.350000381469727,1151100,0,0,0.0074472612580720465,5.37527577344195,22.43350009918213,24.569756132820782,20.297244065543477,23.489999771118164,22.844999313354492,22.019999980926514,20.075000286102295,25.68000030517578
2021-05-10,24.43000030517578,25.5,24.1299991607666,25.0,1051300,0,0,0.026694029090238658,5.518763541306265,22.578500080108643,24.98430296060655,20.172697199610738,23.670000076293945,23.104999542236328,21.93499994277954,20.324999809265137,26.34000015258789
2021-05-11,24.309999465942383,25.0,24.13999938964844,24.61000061035156,916800,0,0,-0.01559997558593762,5.432670964797325,22.742000102996826,25.232800756679417,20.251199449314235,23.670000076293945,23.125,21.72000026702881,20.324999809265137,25.309999465942383
2021-05-12,24.770000457763672,24.770000457763672,22.8799991607666,22.899999618530277,791800,0,0,-0.0694839881922642,5.05518731962689,22.794500064849853,25.251554166812383,20.337445962887323,23.670000076293945,23.125,21.64750051498413,20.324999809265137,22.809999465942383
2021-05-13,22.76000022888184,23.6299991607666,22.68000030517578,23.420000076293945,671000,0,0,0.022707443948728034,5.169977702337639,22.86250009536743,25.30962976461089,20.41537042612397,23.670000076293945,23.125,21.577500343322754,20.324999809265137,23.670000076293945
2021-05-14,23.57999992370605,24.61000061035156,23.420000076293945,24.520000457763672,857500,0,0,0.046968419209492795,5.412803382364763,22.94300012588501,25.495892464759663,20.390107787010358,24.09000015258789,23.125,21.6225004196167,20.324999809265137,23.56999969482422
2021-05-17,24.25,25.0,24.15999984741211,24.979999542236328,411800,0,0,0.018760158070348254,5.514348429421642,23.083500099182128,25.758491327768827,20.40850887059543,24.09000015258789,23.125,21.64750051498413,20.324999809265137,23.32999992370605
2021-05-18,25.0,25.1299991607666,24.270000457763672,24.270000457763672,464300,0,0,-0.02842270206099029,5.357615746951701,23.24850015640259,25.78364660379449,20.713353709010686,24.09000015258789,23.125,21.752500534057617,20.324999809265137,23.81999969482422
2021-05-19,23.780000686645508,23.799999237060547,22.96999931335449,23.420000076293945,1035200,0,0,-0.03502267677946502,5.16997770233764,23.345500183105468,25.746020886050054,20.94497948016088,24.09000015258789,23.125,21.84000015258789,20.454999923706055,24.0
2021-05-20,23.549999237060547,23.549999237060547,22.739999771118164,23.3799991607666,444900,0,0,-0.001707981016098814,5.161147478568393,23.458500099182128,25.62868249269813,21.288317705666127,24.09000015258789,23.125,21.84000015258789,20.454999923706055,23.3799991607666
2021-05-21,23.600000381469727,24.239999771118164,22.739999771118164,24.1299991607666,503200,0,0,0.03207870089484666,5.32671038480758,23.568000030517577,25.638303951925003,21.49769610911015,23.90499973297119,23.125,21.880000114440918,20.570000648498535,23.3799991607666
2021-05-24,24.200000762939453,24.36000061035156,23.770000457763672,24.18000030517578,304000,0,0,0.002072156906266276,5.337748164519139,23.673000049591064,25.640136999516827,21.7058630996653,23.90499973297119,23.125,22.05750036239624,20.850000381469727,23.01000022888184
2021-05-25,24.21999931335449,24.729999542236328,23.309999465942383,23.309999465942383,460700,0,0,-0.035980183137018895,5.145695008020454,23.736499977111816,25.564282448781814,21.908717505441818,23.90499973297119,23.125,22.05750036239624,21.190000534057617,23.31999969482422
2021-05-26,23.26000022888184,23.899999618530277,23.149999618530277,23.82999992370605,373800,0,0,0.02230804245720508,5.260485390731203,23.80299997329712,25.539530914922093,22.066469031672145,23.934999465942383,23.130000114440918,22.03000020980835,21.190000534057617,22.690000534057617
2021-05-27,24.06999969482422,24.649999618530277,23.780000686645508,24.43000030517578,492800,0,0,0.025178362710477797,5.392935799932203,23.90649995803833,25.52844317908343,22.284556736993235,23.934999465942383,23.27999973297119,22.03000020980835,21.190000534057617,22.15999984741211
2021-05-28,24.51000022888184,24.51000022888184,23.649999618530277,24.239999771118164,335300,0,0,-0.007777344727145308,5.350993079124767,24.007999992370607,25.432641349577473,22.58335863516374,23.934999465942383,23.27999973297119,21.922500133514404,21.190000534057617,22.1200008392334
2021-06-01,24.399999618530277,24.75,24.1200008392334,24.5,391700,0,0,0.010726082150859684,5.408388270480141,24.128999996185303,25.254950765731465,23.003049226639142,23.744999885559082,23.670000076293945,21.922500133514404,21.350000381469727,21.56999969482422
2021-06-02,24.799999237060547,24.920000076293945,24.25,24.450000762939453,327700,0,0,-0.002040785186144811,5.397350911816826,24.123000049591063,25.240645570053413,23.005354529128713,23.829999923706055,23.670000076293945,21.922500133514404,21.505000114440918,23.15999984741211
2021-06-03,24.440000534057617,25.030000686645508,24.11000061035156,24.90999984741211,419100,0,0,0.01881386789851991,5.498895958873704,24.15,25.315794994424376,22.98420500557562,23.885000228881836,23.670000076293945,21.83750009536743,22.005000114440918,23.299999237060547
2021-06-04,25.01000022888184,25.399999618530277,24.63999938964844,25.290000915527344,293900,0,0,0.015254960676152507,5.582781400488576,24.20600004196167,25.47449584876407,22.937504235159267,24.274999618530277,23.670000076293945,21.65750026702881,22.010000228881836,22.63999938964844
2021-06-07,25.61000061035156,26.489999771118164,25.61000061035156,26.350000381469727,507900,0,0,0.04191377728624657,5.816776856746454,24.30600004196167,25.88519699715669,22.72680308676665,24.81999969482422,24.164999961853027,21.767499923706055,22.03499984741211,22.479999542236328
2021-06-08,26.31999969482422,26.68000030517578,25.899999618530277,26.489999771118164,382800,0,0,0.005313069738962506,5.847681797842331,24.380500030517577,26.207643075023213,22.55335698601194,24.914999961853027,24.260000228881836,21.767499923706055,22.03499984741211,22.61000061035156
2021-06-09,26.25,26.68000030517578,25.739999771118164,25.90999984741211,457300,0,0,-0.02189505204671327,5.719646500525956,24.445499992370607,26.390676903868492,22.50032308087272,25.164999961853027,24.68000030517578,21.81500005722046,22.03499984741211,21.700000762939453
2021-06-10,25.940000534057617,26.26000022888184,25.200000762939453,25.299999237060547,405200,0,0,-0.023543057273019974,5.584988535382645,24.56549997329712,26.40674171444011,22.724258232154128,25.164999961853027,24.68000030517578,22.884999752044678,22.344999313354492,20.780000686645508
2021-06-11,25.420000076293945,25.780000686645508,25.100000381469727,25.36000061035156,317200,0,0,0.0023715958537706694,5.598233871036515,24.6625,26.455387187023412,22.86961281297659,25.395000457763672,24.68000030517578,22.884999752044678,22.344999313354492,21.399999618530277
2021-06-14,25.420000076293945,25.86000061035156,24.920000076293945,25.13999938964844,532000,0,0,-0.008675126790545717,5.549668482402146,24.693499946594237,26.4969835365687,22.890016356619775,25.395000457763672,24.68000030517578,23.167499542236328,22.344999313354492,22.030000686645508
2021-06-15,25.1299991607666,25.82999992370605,24.75,25.68000030517578,289100,0,0,0.02147975054246376,5.668873976997518,24.728499984741212,26.579923933029615,22.87707603645281,25.395000457763672,24.68000030517578,23.167499542236328,22.344999313354492,21.40999984741211
2021-06-16,25.68000030517578,26.399999618530277,25.21999931335449,26.34000015258789,350900,0,0,0.02570092833211879,5.814569300804145,24.83199996948242,26.798474073328233,22.86552586563661,25.65999984741211,24.68000030517578,23.387499809265137,22.524999618530273,21.86000061035156
2021-06-17,26.549999237060547,26.700000762939453,24.899999618530277,25.309999465942383,526700,0,0,-0.03910405013966223,5.587196091324959,24.926499938964845,26.790364565705126,23.062635312224565,25.725000381469727,24.690000534057617,23.397500038146973,22.524999618530273,22.15999984741211
2021-06-18,23.690000534057617,24.82999992370605,22.790000915527344,22.809999465942383,1719900,0,0,-0.09877518975707789,5.035319737194332,24.897999954223632,26.87103318367317,22.924966724774094,24.7450008392334,24.690000534057617,23.397500038146973,22.760000228881836,22.21999931335449
2021-06-21,22.950000762939453,24.09000015258789,22.950000762939453,23.670000076293945,456900,0,0,0.0377027895873312,5.225165337750705,24.875,26.89400048254515,22.85599951745485,24.7450008392334,24.72000026702881,23.397500038146973,22.760000228881836,22.68000030517578
2021-06-22,23.520000457763672,23.809999465942383,22.959999084472656,23.56999969482422,241100,0,0,-0.004224773179019925,5.203090199375832,24.84449996948242,26.922785948490098,22.766213990474743,24.7450008392334,24.72000026702881,23.607500076293945,22.760000228881836,23.049999237060547
2021-06-23,23.940000534057617,23.940000534057617,23.299999237060547,23.32999992370605,451400,0,0,-0.010182425720220545,5.15011011990508,24.845499992370605,26.92081653883731,22.7701834459039,24.7450008392334,24.72000026702881,23.607500076293945,22.760000228881836,23.3700008392334
2021-06-24,23.56999969482422,23.940000534057617,23.31999969482422,23.81999969482422,264000,0,0,0.02100299068669398,5.258277834788895,24.844999980926513,26.92131029959171,22.768689662261316,24.7450008392334,24.72000026702881,23.607500076293945,22.760000228881836,23.559999465942383
2021-06-25,23.920000076293945,24.5,23.690000534057617,24.0,983200,0,0,0.007556687971532305,5.29801299965402,24.823499965667725,26.92558026855756,22.72141966277789,24.7450008392334,24.72000026702881,23.607500076293945,22.760000228881836,23.559999465942383
2021-06-28,23.8799991607666,23.8799991607666,23.059999465942383,23.3799991607666,381900,0,0,-0.0258333683013916,5.161147478568397,24.780499935150146,26.963096045450044,22.59790382485025,24.7450008392334,24.72000026702881,23.607500076293945,22.760000228881836,23.690000534057617
2021-06-29,23.709999084472656,23.940000534057617,23.299999237060547,23.3799991607666,243700,0,0,0.0,5.161147478568397,24.724499893188476,26.98982791572992,22.459171870647033,24.7450008392334,24.7450008392334,23.514999866485596,22.760000228881836,24.43000030517578
2021-06-30,23.26000022888184,24.51000022888184,22.81999969482422,23.01000022888184,396100,0,0,-0.015825446756458694,5.079470013944082,24.652499866485595,27.03784070089129,22.2671590320799,23.8100004196167,24.7450008392334,23.514999866485596,22.760000228881836,25.3700008392334
2021-07-01,23.46999931335449,23.479999542236328,23.06999969482422,23.31999969482422,261200,0,0,0.013472379959095893,5.147902563962771,24.5729998588562,27.024506657405766,22.121493060306634,23.664999961853027,24.7450008392334,23.514999866485596,22.760000228881836,25.18000030517578
2021-07-02,23.25,23.31999969482422,22.36000061035156,22.690000534057617,364500,0,0,-0.02701540175862127,5.00882990798308,24.442999839782715,27.00317606596262,21.88282361360281,23.4350004196167,24.530000686645508,23.53249979019165,22.760000228881836,25.65999984741211
2021-07-06,22.600000381469727,22.65999984741211,21.940000534057617,22.15999984741211,241300,0,0,-0.02335833733674786,4.89183196933002,24.233499813079835,26.821077114835415,21.645922511324255,23.225000381469727,24.320000648498535,23.607499599456787,22.760000228881836,26.299999237060547
2021-07-07,21.950000762939453,22.600000381469727,21.950000762939453,22.1200008392334,302200,0,0,-0.0018050094067749711,4.883002166609017,24.014999866485596,26.540102976502723,21.489896756468468,23.225000381469727,24.320000648498535,23.607499599456787,22.760000228881836,26.0
2021-07-08,21.489999771118164,22.020000457763672,21.15999984741211,21.56999969482422,427800,0,0,-0.024864426923242422,4.761589116071332,23.7979998588562,26.3803155170059,21.2156842007065,22.835000038146973,23.93000030517578,23.707499980926514,22.760000228881836,25.32999992370605
2021-07-09,22.26000022888184,23.25,22.049999237060547,23.15999984741211,516900,0,0,0.0737134990766557,5.11258251098227,23.690999889373778,26.190643258017328,21.191356520730228,22.835000038146973,23.93000030517578,23.75,22.760000228881836,25.32999992370605
2021-07-12,22.799999237060547,23.5,22.670000076293945,23.299999237060547,287000,0,0,0.0060448786947673305,5.143487452078146,23.58799982070923,25.969809171527224,21.206190469891233,22.835000038146973,23.93000030517578,23.77750015258789,22.760000228881836,24.309999465942383
2021-07-13,23.21999931335449,23.229999542236328,22.479999542236328,22.63999938964844,318300,0,0,-0.02832617463619147,4.997792128271521,23.46299982070923,25.766155461050175,21.15984418036828,22.835000038146973,23.93000030517578,23.97249984741211,22.760000228881836,24.290000915527344
2021-07-14,22.600000381469727,23.15999984741211,22.209999084472656,22.479999542236328,260800,0,0,-0.007067131259962389,4.96247207529102,23.302999782562257,25.401236834572135,21.20476273055238,22.329999923706055,23.93000030517578,24.492499828338623,23.255000114440918,23.059999465942383
2021-07-15,22.299999237060547,22.96999931335449,22.280000686645508,22.61000061035156,242700,0,0,0.0057829657812482615,4.991169881492827,23.116499805450438,24.69579684748148,21.537202763419398,22.329999923706055,23.93000030517578,24.58750009536743,23.350000381469727,23.790000915527344
2021-07-16,22.850000381469727,22.850000381469727,21.68000030517578,21.700000762939453,197700,0,0,-0.04024767018340902,4.79028692227314,22.935999870300293,24.275886400693633,21.596113339906953,22.329999923706055,23.93000030517578,24.922500133514404,23.440000534057617,24.18000030517578
2021-07-19,20.8799991607666,21.670000076293945,20.5,20.780000686645508,381600,0,0,-0.04239631538931443,4.587196407111139,22.83449993133545,24.474704111083994,21.194295751586907,22.0,23.600000381469727,24.922500133514404,23.440000534057617,24.420000076293945
2021-07-20,20.739999771118164,21.90999984741211,20.739999771118164,21.399999618530277,402900,0,0,0.029836328748690466,4.724061507148519,22.720999908447265,24.427780459319848,21.01421935757468,22.0,23.600000381469727,25.037500381469727,23.440000534057617,24.38999938964844
2021-07-21,21.65999984741211,22.07999992370605,21.59000015258789,22.030000686645508,153500,0,0,0.029439302773150988,4.863134584176452,22.64399995803833,24.329208362089616,20.95879155398704,22.0,23.600000381469727,25.037500381469727,23.614999771118164,24.07999992370605
2021-07-22,21.96999931335449,22.020000457763672,20.940000534057617,21.40999984741211,274600,0,0,-0.028143477980426934,4.726269063090829,22.547999954223634,24.284489383990547,20.811510524456722,22.0,23.600000381469727,25.037500381469727,23.614999771118164,25.559999465942383
2021-07-23,21.700000762939453,21.959999084472656,21.51000022888184,21.86000061035156,243300,0,0,0.021018251571535806,4.825606975253638,22.45,24.106841819123,20.793158180876997,21.864999771118164,23.600000381469727,25.170000076293945,23.69499969482422,24.420000076293945
2021-07-26,21.799999237060547,22.34000015258789,21.71999931335449,22.15999984741211,264400,0,0,0.013723660964514828,4.891831969330017,22.357999992370605,23.8553784067727,20.86062157796851,21.829999923706055,22.664999961853027,25.207500457763672,23.725000381469727,24.65999984741211
2021-07-27,21.8799991607666,22.26000022888184,21.75,22.21999931335449,290500,0,0,0.0027075571460071224,4.905076883935642,22.3,23.721691253185888,20.878308746814113,21.734999656677246,22.505000114440918,24.717500686645508,23.725000381469727,24.770000457763672
2021-07-28,22.299999237060547,22.8799991607666,21.899999618530277,22.68000030517578,306500,0,0,0.020702115483182126,5.006622352040765,22.26500005722046,23.610219431443127,20.91978068299779,21.6899995803833,22.505000114440918,24.732500553131104,23.725000381469727,24.309999465942383
2021-07-29,22.86000061035156,23.700000762939453,22.770000457763672,23.049999237060547,385400,0,0,0.016313885666056516,5.088299816665081,22.267000007629395,23.616804687630648,20.917195327628143,22.100000381469727,22.505000114440918,24.732500553131104,23.725000381469727,24.31999969482422
2021-07-30,22.770000457763672,24.34000015258789,22.770000457763672,23.3700008392334,537000,0,0,0.013882933308663192,5.158940343674325,22.269500064849854,23.62734539061108,20.91165473908863,22.539999961853027,22.505000114440918,24.732500553131104,23.725000381469727,24.729999542236328
2021-08-02,23.700000762939453,24.979999542236328,23.3799991607666,23.559999465942383,450400,0,0,0.008130022245870672,5.200882643433517,22.313000011444093,23.774870347474486,20.8511296754137,22.960000038146973,22.739999771118164,24.732500553131104,23.725000381469727,24.3700008392334
2021-08-03,23.549999237060547,23.71999931335449,22.88999938964844,23.559999465942383,346400,0,0,0.0,5.200882643433517,22.382999992370607,23.94085859776899,20.825141386972224,22.960000038146973,22.739999771118164,24.732500553131104,23.725000381469727,24.440000534057617
2021-08-04,23.25,23.799999237060547,23.049999237060547,23.690000534057617,203300,0,0,0.005517872286167069,5.229580449635327,22.461499977111817,24.114802641871876,20.80819731235176,23.244999885559082,22.739999771118164,24.732500553131104,23.725000381469727,23.729999542236328
2021-08-05,23.57999992370605,24.459999084472656,23.57999992370605,24.43000030517578,137800,0,0,0.031236798414348455,5.392935799932203,22.604500007629394,24.413783411375842,20.795216603882945,23.34999942779541,22.739999771118164,24.7450008392334,23.725000381469727,23.739999771118164
2021-08-06,24.799999237060547,25.63999938964844,24.790000915527344,25.3700008392334,258000,0,0,0.03847730341036737,5.6004414269788265,22.715000057220458,24.88481182817357,20.545188286267344,23.69499969482422,23.06999969482422,24.27750062942505,23.725000381469727,22.700000762939453
2021-08-09,25.229999542236328,25.63999938964844,24.76000022888184,25.18000030517578,244200,0,0,-0.007489181228712893,5.558498706171391,22.809000110626222,25.223892870203834,20.39410735104861,23.76999950408936,23.06999969482422,24.205000400543213,23.725000381469727,23.100000381469727
2021-08-10,24.90999984741211,25.700000762939453,24.90999984741211,25.65999984741211,186900,0,0,0.019062729802178158,5.664458865112893,22.960000133514406,25.67609405023078,20.24390621679803,24.235000610351562,23.100000381469727,23.982500553131104,23.730000495910645,23.149999618530277
2021-08-11,25.82999992370605,26.31999969482422,25.309999465942383,26.299999237060547,186300,0,0,0.024941519620195196,5.805739077034895,23.151000118255617,26.223231199499008,20.078769037012226,24.545000076293945,23.40999984741211,23.77250051498413,23.880000114440918,22.8700008392334
2021-08-12,26.520000457763672,26.520000457763672,25.82999992370605,26.0,226500,0,0,-0.01140681542826072,5.739514082958517,23.320500087738036,26.622678073874532,20.01832210160154,24.704999923706055,23.510000228881836,23.77250051498413,23.880000114440918,22.84000015258789
2021-08-13,26.13999938964844,26.13999938964844,25.280000686645508,25.32999992370605,152400,0,0,-0.025769233703613392,5.591611203209579,23.502000045776366,26.82715778477163,20.176842306781104,24.704999923706055,23.510000228881836,23.382500171661377,23.93000030517578,22.6299991607666
2021-08-16,25.01000022888184,25.61000061035156,24.76000022888184,25.32999992370605,175800,0,0,0.0,5.591611203209579,23.729500007629394,26.895718126066136,20.563281889192652,24.78499984741211,23.510000228881836,23.382500171661377,23.93000030517578,23.440000534057617
2021-08-17,25.06999969482422,25.15999984741211,24.170000076293945,24.309999465942383,240900,0,0,-0.04026847456912397,5.366445549672705,23.875,26.860007057166357,20.889992942833643,25.050000190734863,23.510000228881836,23.382500171661377,23.93000030517578,24.26000022888184
2021-08-18,24.309999465942383,24.81999969482422,23.93000030517578,24.290000915527344,272600,0,0,-0.0008226470939687314,5.3620308588363255,23.988000011444093,26.852471463207124,21.123528559681063,25.225000381469727,23.510000228881836,23.382500171661377,23.93000030517578,24.3700008392334
2021-08-19,23.959999084472656,24.15999984741211,22.790000915527344,23.059999465942383,632400,0,0,-0.05063818045386259,5.090507372607392,24.070499992370607,26.7177679833334,21.423232001407815,24.655000686645508,23.510000228881836,23.130000114440918,23.93000030517578,25.190000534057617
2021-08-20,22.850000381469727,23.809999465942383,22.850000381469727,23.790000915527344,227600,0,0,0.031656611729896644,5.2516555880102,24.167000007629394,26.61614665368008,21.717853361578708,24.655000686645508,23.510000228881836,23.130000114440918,23.93000030517578,24.8700008392334
2021-08-23,24.01000022888184,24.299999237060547,23.84000015258789,24.18000030517578,183700,0,0,0.016393416336268007,5.33774816451914,24.268000030517577,26.53574638163683,22.000253679398323,24.655000686645508,23.510000228881836,23.130000114440918,23.93000030517578,25.559999465942383
2021-08-24,24.190000534057617,24.6299991607666,23.950000762939453,24.420000076293945,131900,0,0,0.009925548721634758,5.390728243989892,24.37800006866455,26.439642691113136,22.316357446215967,24.655000686645508,23.630000114440918,22.800000190734863,23.600000381469727,25.450000762939453
2021-08-25,24.46999931335449,24.799999237060547,24.3700008392334,24.38999938964844,275000,0,0,-0.0012285293428245803,5.384105576162956,24.463500022888184,26.370824063908117,22.55617598186825,24.46500015258789,23.730000495910645,22.800000190734863,23.600000381469727,27.559999465942383
2021-08-26,24.530000686645508,24.559999465942383,23.96999931335449,24.07999992370605,217900,0,0,-0.012710105522756199,5.315673026144265,24.51500005722046,26.31858673104417,22.711413383396746,24.200000762939453,23.730000495910645,22.800000190734863,23.600000381469727,27.81999969482422
2021-08-27,24.15999984741211,25.600000381469727,24.1299991607666,25.559999465942383,386600,0,0,0.06146177520454699,5.642383726738018,24.624499988555907,26.402183740394882,22.846816236716933,24.195000648498535,24.015000343322754,22.800000190734863,23.600000381469727,27.170000076293945
2021-08-30,25.670000076293945,25.690000534057617,24.36000061035156,24.420000076293945,221900,0,0,-0.04460091601987071,5.390728243989891,24.667500019073486,26.379815659302068,22.955184378844905,24.24000072479248,24.119999885559082,22.732500076293945,23.600000381469727,26.96999931335449
2021-08-31,24.600000381469727,24.88999938964844,24.190000534057617,24.65999984741211,175000,0,0,0.009828000424584316,5.443708323460642,24.722500038146972,26.357066263008054,23.08793381328589,24.24000072479248,24.135000228881836,22.24749994277954,23.600000381469727,29.63999938964844
2021-09-01,24.82999992370605,25.030000686645508,24.200000762939453,24.770000457763672,201100,0,0,0.0044606898228796155,5.467991017777829,24.776500034332276,26.34012598321689,23.212874085447663,24.270000457763672,24.210000038146973,22.119999885559082,23.600000381469727,30.57999992370605
2021-09-02,24.920000076293945,25.25,24.280000686645508,24.309999465942383,190100,0,0,-0.018570891534929745,5.366445549672706,24.770499992370606,26.34037459876222,23.20062538597899,24.765000343322754,24.645000457763672,22.09749984741211,23.600000381469727,29.739999771118164
2021-09-03,24.299999237060547,24.790000915527344,24.239999771118164,24.31999969482422,173800,0,0,0.0004113627766979544,5.368653105615018,24.717999935150146,26.274190111994425,23.161809758305868,24.820000648498535,24.645000457763672,22.302500247955322,23.600000381469727,29.13999938964844
2021-09-07,24.51000022888184,25.520000457763672,24.3799991607666,24.729999542236328,288600,0,0,0.016858546568952804,5.459160794008582,24.695499897003174,26.2371073714827,23.153892422523647,24.829999923706055,24.655000686645508,22.522500038146973,23.600000381469727,28.899999618530277
2021-09-08,24.59000015258789,24.770000457763672,24.100000381469727,24.3700008392334,249500,0,0,-0.014557165777059122,5.3796908853265775,24.630999946594237,26.111899519944906,23.150100373243568,24.829999923706055,24.655000686645508,22.84999990463257,23.600000381469727,29.540000915527344
2021-09-09,24.40999984741211,25.11000061035156,24.040000915527344,24.440000534057617,337400,0,0,0.0028723714572682635,5.395143355874516,24.53800001144409,25.80380183445972,23.27219818842846,24.86500072479248,24.655000686645508,22.84999990463257,23.600000381469727,29.81999969482422
2021-09-10,24.6299991607666,24.940000534057617,23.68000030517578,23.729999542236328,252700,0,0,-0.029050776444619508,5.2384102523563305,24.424499988555908,25.542531668976515,23.3064683081353,24.6850004196167,24.655000686645508,22.992499828338623,23.600000381469727,29.65999984741211
2021-09-13,23.979999542236328,24.200000762939453,23.40999984741211,23.739999771118164,338800,0,0,0.0004214171544352219,5.2406178082986425,24.344999980926513,25.41895984883207,23.271040113020955,24.46500015258789,24.655000686645508,23.044999599456787,23.600000381469727,29.88999938964844
2021-09-14,23.770000457763672,24.15999984741211,22.549999237060547,22.700000762939453,308900,0,0,-0.04380787776771433,5.011037463925389,24.213500022888184,25.41117427534063,23.015825770435736,24.03499984741211,24.53499984741211,23.38249969482422,23.600000381469727,30.899999618530277
2021-09-15,22.61000061035156,23.34000015258789,22.440000534057617,23.100000381469727,615300,0,0,0.01762112797737525,5.09933759637664,24.15300006866455,25.444677473386456,22.861322663942644,23.980000495910645,24.480000495910645,23.419999599456787,23.600000381469727,31.76000022888184
2021-09-16,23.38999938964844,23.56999969482422,22.979999542236328,23.149999618530277,284700,0,0,0.0021644691010767048,5.110374955039956,24.096000003814698,25.457947832341365,22.73405217528803,23.980000495910645,24.480000495910645,23.667500495910645,23.600000381469727,31.82999992370605
2021-09-17,23.32999992370605,23.75,22.850000381469727,22.8700008392334,1739100,0,0,-0.012094979866554945,5.048565072848201,24.086500072479247,25.479853327542532,22.69314681741596,23.980000495910645,24.480000495910645,23.977499961853027,23.600000381469727,32.310001373291016
2021-09-20,22.3700008392334,22.920000076293945,22.100000381469727,22.84000015258789,389500,0,0,-0.001311792109515042,5.041942405021266,24.039000034332275,25.531879459952915,22.546120608711636,23.605000495910645,24.119999885559082,24.107500076293945,23.600000381469727,31.34000015258789
2021-09-21,22.959999084472656,23.200000762939453,22.540000915527344,22.6299991607666,322300,0,0,-0.009194439160172041,4.995584572329206,23.961499977111817,25.574504814958797,22.348495139264838,23.605000495910645,23.895000457763672,24.107500076293945,23.600000381469727,30.459999084472656
2021-09-22,22.82999992370605,23.82999992370605,22.700000762939453,23.440000534057617,274800,0,0,0.03579325688598822,5.174392814222265,23.9125,25.526364467583097,22.298635532416906,23.520000457763672,23.895000457763672,24.147500038146973,23.600000381469727,31.86000061035156
2021-09-23,23.670000076293945,24.65999984741211,23.600000381469727,24.26000022888184,261700,0,0,0.03498292133708736,5.355408191009392,23.90600004196167,25.51307906951178,22.298921014411558,23.380000114440918,23.895000457763672,24.28000020980835,23.600000381469727,30.549999237060547
2021-09-24,24.15999984741211,24.559999465942383,23.18000030517578,24.3700008392334,184500,0,0,0.004534237811778752,5.379690885326577,23.920500087738038,25.538913521636125,22.30208665383995,23.380000114440918,23.895000457763672,24.36750030517578,23.600000381469727,31.040000915527344
2021-09-27,24.420000076293945,25.530000686645508,24.420000076293945,25.190000534057617,272200,0,0,0.03364791409871826,5.560706262113703,23.902000141143798,25.451276136315183,22.352724145972413,23.815000534057617,23.895000457763672,24.082500457763672,23.600000381469727,30.540000915527344
2021-09-28,24.979999542236328,25.3799991607666,24.6299991607666,24.8700008392334,229600,0,0,-0.01270344136720325,5.490066156152701,23.92450017929077,25.516170158195848,22.332830200385693,23.815000534057617,23.895000457763672,24.082500457763672,23.600000381469727,32.0
2021-09-29,24.950000762939453,25.790000915527344,24.670000076293945,25.559999465942383,430700,0,0,0.027744214050064775,5.642383726738018,23.969500160217287,25.68899904065489,22.250001279779685,23.945000648498535,23.945000648498535,24.082500457763672,23.600000381469727,31.770000457763672
2021-09-30,25.809999465942383,26.030000686645508,25.36000061035156,25.450000762939453,511400,0,0,-0.00430354872070704,5.618101453469076,24.003500175476074,25.810601193228845,22.196399157723302,24.065000534057617,24.065000534057617,24.142500400543213,23.600000381469727,32.689998626708984
2021-10-01,25.450000762939453,27.739999771118164,25.450000762939453,27.559999465942383,561300,0,0,0.08290760863455571,6.083884810042519,24.166000175476075,26.552895676921185,21.779104674030965,25.140000343322754,24.920000076293945,24.097500324249268,23.600000381469727,32.400001525878906
2021-10-04,27.540000915527344,28.229999542236328,27.18000030517578,27.81999969482422,412600,0,0,0.00943397075181851,6.1412800013978925,24.341000175476076,27.21644965463082,21.46555069632133,25.46500015258789,25.164999961853027,23.96500062942505,23.600000381469727,32.38999938964844
2021-10-05,27.850000381469727,27.88999938964844,27.030000686645508,27.170000076293945,369800,0,0,-0.023364472525540747,5.997792233533579,24.463000202178954,27.592792124440837,21.33320827991707,25.704999923706055,25.164999961853027,24.105000495910645,23.600000381469727,31.90999984741211
2021-10-06,26.799999237060547,27.209999084472656,26.690000534057617,26.96999931335449,290500,0,0,-0.0073610880521843836,5.95364195678383,24.59300012588501,27.90906385420562,21.2769363975644,25.704999923706055,25.164999961853027,24.18000030517578,23.600000381469727,32.060001373291016
2021-10-07,27.459999084472656,29.649999618530277,27.43000030517578,29.63999938964844,491700,0,0,0.09899889300226539,6.543045919837271,24.85300006866455,28.836515677112306,20.869484460216793,27.03499984741211,25.875,24.187500476837158,23.510000228881836,31.57999992370605
2021-10-08,29.670000076293945,30.76000022888184,29.290000915527344,30.57999992370605,611400,0,0,0.03171391880614882,6.7505515468838935,25.195500087738036,29.86139383958965,20.529606335886424,27.69499969482422,26.43000030517578,24.240000247955322,23.510000228881836,31.559999465942383
2021-10-11,30.850000381469727,31.299999237060547,29.729999542236328,29.739999771118164,312100,0,0,-0.027468939002079806,6.565121058212144,25.495500087738037,30.51087668257048,20.480123492905594,27.984999656677246,26.699999809265137,24.705000400543213,23.510000228881836,31.559999465942383
2021-10-12,29.68000030517578,29.84000015258789,29.020000457763672,29.13999938964844,299000,0,0,-0.020174861670725686,6.432670649011146,25.817500019073485,30.900826598412692,20.734173439734278,28.329999923706055,26.699999809265137,24.732500553131104,23.510000228881836,30.06999969482422
2021-10-13,29.18000030517578,29.3700008392334,28.520000457763672,28.899999618530277,332000,0,0,-0.008236093896536567,6.379690569540395,26.107499980926512,31.19947027951425,21.015529682338773,28.375,26.699999809265137,24.74250030517578,23.510000228881836,30.520000457763672
2021-10-14,29.049999237060547,29.56999969482422,28.670000076293945,29.540000915527344,396000,0,0,0.022145373890825493,6.5209712025106406,26.427000045776367,31.538659930545172,21.315340161007562,28.994999885559082,26.699999809265137,24.74250030517578,23.510000228881836,30.540000915527344
2021-10-15,29.850000381469727,30.299999237060547,29.5,29.81999969482422,430300,0,0,0.009478631368277979,6.582781084702395,26.77449998855591,31.815362928905994,21.733637048205825,28.994999885559082,26.699999809265137,24.760000705718994,23.510000228881836,30.81999969482422
2021-10-18,29.690000534057617,30.43000030517578,29.56999969482422,29.65999984741211,417100,0,0,-0.0053655214302326115,6.547461031721895,27.11549997329712,31.962517979157326,22.268481967436912,28.994999885559082,26.699999809265137,24.670000553131104,23.510000228881836,31.0
2021-10-19,29.850000381469727,29.920000076293945,29.479999542236328,29.88999938964844,332000,0,0,0.007754536190815342,6.598233555250335,27.478499984741212,32.00057538837754,22.956424581104883,29.364999771118164,26.699999809265137,24.5600004196167,23.510000228881836,30.979999542236328
2021-10-20,29.790000915527344,30.90999984741211,29.75,30.899999618530277,324600,0,0,0.03379057375396344,6.821191652844898,27.851499938964842,32.20533920399454,23.497660673935144,29.90999984741211,26.699999809265137,24.28499984741211,23.510000228881836,29.290000915527344
2021-10-21,31.11000061035156,31.780000686645508,30.90999984741211,31.76000022888184,310700,0,0,0.0278317353064248,7.0110372534012715,28.226499938964842,32.5702270026665,23.882772875263186,30.15000057220459,26.940000534057617,24.230000495910645,23.510000228881836,29.1200008392334
2021-10-22,31.670000076293945,31.8799991607666,31.40999984741211,31.82999992370605,277700,0,0,0.002204020602007306,7.026489723949209,28.599499893188476,32.83314484396346,24.365854942413492,30.199999809265137,26.989999771118164,24.230000495910645,23.510000228881836,28.270000457763672
2021-10-25,32.060001373291016,32.31999969482422,31.90999984741211,32.310001373291016,201300,0,0,0.015080158678463462,7.132450303938956,28.955499935150147,33.17978391647948,24.731215953820815,30.420000076293945,27.210000038146973,24.230000495910645,23.510000228881836,27.82999992370605
2021-10-26,32.27000045776367,32.27000045776367,31.34000015258789,31.34000015258789,283900,0,0,-0.030021701624097563,6.918322009065397,29.278999900817873,33.17722963931905,25.380770162316697,30.494999885559082,27.43000030517578,23.862500190734863,23.510000228881836,29.0
2021-10-27,31.030000686645508,31.26000022888184,30.399999618530277,30.459999084472656,223600,0,0,-0.028079166044374437,6.7240612966243996,29.523999881744384,33.05089609403541,25.99710366945336,30.899999618530273,27.510000228881836,23.750000476837158,23.510000228881836,26.979999542236328
2021-10-28,30.6299991607666,32.09000015258789,30.56999969482422,31.86000061035156,303300,0,0,0.045961968744528514,7.033112391776144,29.84449987411499,32.97037766756871,26.71862208066127,30.899999618530273,27.75,23.707500457763672,23.510000228881836,27.040000915527344
2021-10-29,31.1299991607666,31.920000076293945,29.84000015258789,30.549999237060547,365600,0,0,-0.041117430891240536,6.743928879056961,29.993999862670897,32.948006085394724,27.03999363994707,30.899999618530273,27.75,23.637500286102295,23.510000228881836,26.790000915527344
2021-11-01,31.38999938964844,31.6200008392334,30.690000534057617,31.040000915527344,459400,0,0,0.01603933521125489,6.852097014989018,30.154999923706054,32.9633712304448,27.34662861696731,31.03499984741211,28.369999885559082,23.637500286102295,23.510000228881836,26.65999984741211
2021-11-02,31.020000457763672,31.520000457763672,30.43000030517578,30.540000915527344,366300,0,0,-0.016108246947566296,6.741721744162892,30.323499965667725,32.773102633004186,27.87389729833127,31.079999923706055,28.47499942779541,23.855000495910645,23.510000228881836,26.15999984741211
2021-11-03,30.5,32.08000183105469,30.420000076293945,32.0,395500,0,0,0.04780612445006027,7.064017332872021,30.575,32.58478671123885,28.565213288761147,31.079999923706055,28.494999885559082,23.855000495910645,23.510000228881836,26.0
2021-11-04,31.920000076293945,32.16999816894531,31.07999992370605,31.770000457763672,323900,0,0,-0.007187485694885254,7.013244809343582,30.681500053405763,32.70766624315349,28.655333863658036,31.079999923706055,28.84000015258789,23.945000648498535,23.510000228881836,25.32999992370605
2021-11-05,32.15999984741211,33.36000061035156,32.15999984741211,32.689998626708984,271200,0,0,0.02895807855490573,7.216334903457338,30.78699998855591,32.99469196672381,28.579308010388004,31.600000381469727,29.405000686645508,24.065000534057617,23.630000114440918,25.239999771118164
2021-11-08,32.939998626708984,33.15999984741211,32.09000015258789,32.400001525878906,216100,0,0,-0.00887112612458596,7.152317886371516,30.920000076293945,33.17981920152755,28.66018095106034,31.600000381469727,30.02500057220459,25.03000020980835,24.34000015258789,25.149999618530277
2021-11-09,32.27000045776367,32.75,31.799999237060547,32.38999938964844,220000,0,0,-0.0003087078938092125,7.15010990938096,31.082500076293947,33.27254445160557,28.892455700982325,31.600000381469727,30.02500057220459,25.31500005722046,24.585000038146973,24.82999992370605
2021-11-10,32.310001373291016,32.52000045776367,31.68000030517578,31.90999984741211,210900,0,0,-0.014819374846599453,7.044149750439459,31.233000087738038,33.20278717036694,29.26321300510914,31.600000381469727,30.02500057220459,25.43499994277954,24.869999885559082,24.209999084472656
2021-11-11,32.13999938964844,32.349998474121094,31.489999771118164,32.060001373291016,155300,0,0,0.0047007686178686114,7.077262668525892,31.35900011062622,33.19601420700803,29.521986014244412,31.890000343322754,30.395000457763672,25.43499994277954,24.97499942779541,23.209999084472656
2021-11-12,32.04999923706055,32.04999923706055,31.200000762939453,31.57999992370605,224000,0,0,-0.014971972209110729,6.971302088536145,31.447000122070314,33.142373391496875,29.751626852643756,31.890000343322754,30.940000534057617,26.454999923706055,25.699999809265137,24.13999938964844
2021-11-15,31.780000686645508,32.16999816894531,31.34000015258789,31.559999465942383,298200,0,0,-0.0006333267198223025,6.966886976651522,31.542000102996827,33.02345589676326,30.06054430923039,31.890000343322754,30.940000534057617,27.0625,26.32999992370606,24.790000915527344
2021-11-16,31.57999992370605,31.68000030517578,31.040000915527344,31.559999465942383,315800,0,0,0.0,6.966886976651522,31.625500106811522,32.89624236312164,30.354757850501404,32.20000076293945,30.940000534057617,27.34249973297119,26.699999809265137,24.81999969482422
2021-11-17,31.3700008392334,31.75,30.030000686645508,30.06999969482422,514900,0,0,-0.047211653876169435,6.637968720115458,31.58400011062622,32.99489087889598,30.173109342356458,31.695000648498535,30.940000534057617,27.514999866485596,26.699999809265137,25.38999938964844
2021-11-18,30.06999969482422,30.899999618530277,29.850000381469727,30.520000457763672,300900,0,0,0.014965107000546762,6.737306632278268,31.522000122070313,33.004465350828866,30.039534893311757,31.505000114440918,31.015000343322754,27.53749990463257,26.699999809265137,25.049999237060547
2021-11-19,30.06999969482422,30.59000015258789,29.770000457763672,30.540000915527344,344900,0,0,0.0006553229837382712,6.741721744162892,31.457500171661376,32.99264686647692,29.922353476845835,31.260000228881836,31.420000076293945,27.84749984741211,26.699999809265137,25.51000022888184
2021-11-22,30.75,31.790000915527344,30.540000915527344,30.81999969482422,526400,0,0,0.00916826361830636,6.803531626354646,31.383000087738036,32.88947265380056,29.87652752167551,31.145000457763672,31.420000076293945,27.84749984741211,26.699999809265137,25.299999237060547
2021-11-23,31.040000915527344,31.420000076293945,30.559999465942383,31.0,242700,0,0,0.005840373360094908,6.84326679121977,31.36600008010864,32.88177581357874,29.85022434663854,31.059999465942383,31.420000076293945,27.84749984741211,26.699999809265137,25.309999465942383
2021-11-24,30.75,31.3700008392334,30.350000381469727,30.979999542236328,252500,0,0,-0.0006451760568926268,6.838851679335147,31.392000102996825,32.86135479498503,29.92264541100862,30.969999313354492,31.55500030517578,28.03249979019165,26.699999809265137,25.68000030517578
2021-11-26,30.059999465942383,30.15999984741211,28.36000061035156,29.290000915527344,317900,0,0,-0.054551279912220085,6.46578356709758,31.263500118255614,32.978522219955046,29.54847801655618,30.264999389648438,30.860000610351562,28.304999828338623,26.699999809265137,25.96999931335449
2021-11-29,30.030000686645508,30.5,28.82999992370605,29.1200008392334,282800,0,0,-0.005804031102089269,6.428255958174767,31.19200019836426,33.12763297096242,29.256367425766094,30.075000762939453,30.860000610351562,28.545000553131104,26.940000534057617,26.01000022888184
2021-11-30,28.6299991607666,29.040000915527344,28.020000457763672,28.270000457763672,371400,0,0,-0.02918957269824385,6.240617913560706,31.053500175476074,33.37529781659253,28.731702534359616,29.905000686645508,30.690000534057617,28.59499979019165,26.989999771118164,27.1299991607666
2021-12-01,29.149999618530277,29.489999771118164,27.809999465942383,27.82999992370605,259900,0,0,-0.015564220973925957,6.143487557340206,30.91800012588501,33.631692650707784,28.20430760106223,29.800000190734863,30.585000038146973,28.81500005722046,27.210000038146973,27.280000686645508
2021-12-02,28.06999969482422,29.530000686645508,27.8799991607666,29.0,411300,0,0,0.04204096584626016,6.4017657079152706,30.76800012588501,33.55730706647739,27.978693185292627,29.800000190734863,30.585000038146973,28.96250009536743,27.210000038146973,26.770000457763672
2021-12-03,29.170000076293945,29.43000030517578,26.729999542236328,26.979999542236328,413400,0,0,-0.06965518819874728,5.955849512726146,30.528500080108643,33.729513591406466,27.327486568810823,29.260000228881836,30.045000076293945,29.204999923706055,27.210000038146973,26.75
2021-12-06,27.46999931335449,27.71999931335449,26.75,27.040000915527344,474100,0,0,0.0022239204710543525,5.969094848380016,30.24600019454956,33.628261844330126,26.863738544768992,29.074999809265137,30.045000076293945,29.324999809265137,27.210000038146973,29.59000015258789
2021-12-07,27.84000015258789,27.84000015258789,26.56999969482422,26.790000915527344,356900,0,0,-0.00924556181713887,5.913907212966953,29.965500164031983,33.51491725164796,26.41608307641601,28.97000026702881,29.96500015258789,29.324999809265137,27.210000038146973,30.950000762939453
2021-12-08,27.020000457763672,27.21999931335449,26.399999618530277,26.65999984741211,533800,0,0,-0.004852596628314609,5.885209406765145,29.679000186920167,33.324150157304594,26.033850216535736,28.449999809265137,29.880000114440918,29.702499866485596,27.210000038146973,32.119998931884766
2021-12-09,26.5,26.6299991607666,25.82999992370605,26.15999984741211,310900,0,0,-0.01875468877951003,5.774834135939019,29.391500186920165,33.19285387533586,25.590146498504474,28.164999961853027,29.59500026702881,29.777499675750732,27.210000038146973,31.13999938964844
2021-12-10,26.65999984741211,26.65999984741211,25.32999992370605,26.0,231700,0,0,-0.006116202153874872,5.739514082958519,29.088500118255617,32.95694959068562,25.220050645825616,27.43000030517578,29.34500026702881,29.78749990463257,27.210000038146973,30.0
2021-12-13,25.8799991607666,26.229999542236328,25.299999237060547,25.32999992370605,291100,0,0,-0.025769233703613392,5.59161120320958,28.776000118255617,32.797329300427805,24.754670936083425,27.414999961853027,29.329999923706055,29.960000038146973,27.210000038146973,29.309999465942383
2021-12-14,25.299999237060547,25.75,25.190000534057617,25.239999771118164,356900,0,0,-0.0035531051266863845,5.571743620777019,28.460000133514406,32.55001563466437,24.369984632364442,27.360000610351562,29.175000190734863,30.502500534057617,27.730000495910645,28.600000381469727
2021-12-15,25.459999084472656,25.8700008392334,24.90999984741211,25.149999618530277,709300,0,0,-0.0035657746990502837,5.551876038344457,28.1395001411438,32.211970709535876,24.06702957275172,27.170000076293945,28.829999923706055,30.812500476837158,27.730000495910645,29.25
2021-12-16,25.81999969482422,25.81999969482422,24.799999237060547,24.82999992370605,434400,0,0,-0.012723646110453735,5.481235932383455,27.877500152587892,32.09276388795686,23.66223641721892,26.31999969482422,28.65999984741211,30.812500476837158,27.730000495910645,28.15999984741211
2021-12-17,24.57999992370605,24.780000686645508,23.32999992370605,24.209999084472656,2171100,0,0,-0.024969828479196154,5.344370411297833,27.56200008392334,31.883300882843745,23.240699285002936,25.585000038146973,27.839999198913574,30.812500476837158,27.730000495910645,28.06999969482422
2021-12-20,23.82999992370605,23.82999992370605,22.799999237060547,23.209999084472656,385700,0,0,-0.041305247328214945,5.123619869645582,27.195499992370607,31.686246621745184,22.70475336299603,25.00999927520752,27.48499870300293,31.142500400543213,27.730000495910645,26.75
2021-12-21,23.51000022888184,24.489999771118164,23.5,24.13999938964844,379100,0,0,0.040068950532529346,5.328917940749895,26.861499977111816,31.214337147968983,22.508662806254648,24.729999542236328,27.48499870300293,31.415000438690186,27.730000495910645,27.549999237060547
2021-12-22,24.09000015258789,24.88999938964844,23.950000762939453,24.790000915527344,209800,0,0,0.026926327353497426,5.472406129662453,26.551000022888182,30.54624841754188,22.555751628234486,24.729999542236328,27.295000076293945,31.415000438690186,27.730000495910645,29.81999969482422
2021-12-23,24.96999931335449,25.3799991607666,24.799999237060547,24.81999969482422,131400,0,0,0.0012101161028228447,5.479028376441144,26.243000030517578,29.73843654801276,22.747563513022396,24.514999389648438,27.295000076293945,31.570000648498535,27.730000495910645,30.3700008392334
2021-12-27,24.920000076293945,25.38999938964844,24.71999931335449,25.38999938964844,188000,0,0,0.022965338510583688,5.604856117815208,26.047999954223634,29.26269370524474,22.83330620320253,24.335000038146973,27.295000076293945,31.317500591278076,27.730000495910645,31.0
2021-12-28,25.25,25.56999969482422,25.030000686645508,25.049999237060547,168500,0,0,-0.013391105189490937,5.529800899969583,25.84449987411499,28.75312064845539,22.935879099774592,24.335000038146973,27.295000076293945,31.260000228881836,27.730000495910645,30.43000030517578
2021-12-29,24.8700008392334,25.520000457763672,24.81999969482422,25.51000022888184,262900,0,0,0.018363313606043485,5.6313463680747065,25.7064998626709,28.39279776983333,23.02020195550847,24.309999465942383,27.295000076293945,31.34000015258789,27.730000495910645,30.799999237060547
2021-12-30,25.65999984741211,25.88999938964844,25.280000686645508,25.299999237060547,196700,0,0,-0.00823210466237212,5.584988535382647,25.57999982833862,28.084630267274378,23.075369389402866,24.344999313354492,27.109999656677246,31.28250026702881,27.730000495910645,30.780000686645508
2021-12-31,25.15999984741211,25.440000534057617,25.06999969482422,25.309999465942383,218600,0,0,0.0003952659756285559,5.587196091324959,25.395499801635744,27.341103164596007,23.44989643867548,24.344999313354492,27.085000038146973,31.239999771118164,27.730000495910645,31.0
2022-01-03,25.549999237060547,26.34000015258789,25.270000457763672,25.68000030517578,278800,0,0,0.014618761242222833,5.668873976997519,25.330499839782714,27.140756151860202,23.520243527705226,24.920000076293945,26.649999618530273,31.262499809265137,27.730000495910645,30.31999969482422
2022-01-04,25.65999984741211,26.51000022888184,25.65999984741211,25.96999931335449,244800,0,0,0.011292796134440009,5.732891415131584,25.276999759674073,26.937500761091915,23.61649875825623,25.230000495910645,26.649999618530273,30.5625,27.730000495910645,29.459999084472656
2022-01-05,25.989999771118164,26.600000381469727,25.959999084472656,26.01000022888184,340500,0,0,0.0015402740309962137,5.741721638900832,25.237999725341798,26.78619244520278,23.689807005480816,25.65999984741211,26.164999961853027,30.467500686645508,27.730000495910645,28.57999992370605
2022-01-06,26.209999084472656,27.200000762939453,26.09000015258789,27.1299991607666,393100,0,0,0.043060319954980164,5.988962009764335,25.261499691009522,26.90758392333126,23.615415458687785,25.960000038146973,26.164999961853027,30.297500610351562,27.730000495910645,29.15999984741211
2022-01-07,27.11000061035156,27.59000015258789,26.88999938964844,27.280000686645508,498400,0,0,0.00552899117283534,6.022074927850769,25.317499732971193,27.14984080686,23.485158659082387,26.204999923706055,26.164999961853027,30.192500114440918,27.730000495910645,30.34000015258789
2022-01-10,27.21999931335449,27.299999237060547,26.450000762939453,26.770000457763672,324600,0,0,-0.018695022582294052,5.909492101082332,25.355999755859376,27.275340693334172,23.43665881838458,26.204999923706055,26.114999771118164,30.192500114440918,27.950000762939453,30.049999237060547
2022-01-11,26.75,27.06999969482422,26.489999771118164,26.75,281500,0,0,-0.0007471220553479929,5.905076989197709,25.42699975967407,27.441013218598112,23.41298630075003,26.329999923706055,25.31999969482422,29.65250015258789,28.030000686645508,28.670000076293945
2022-01-12,27.51000022888184,29.82999992370605,27.489999771118164,29.59000015258789,686400,0,0,0.10616823000328557,6.53200856117396,25.64449977874756,28.357789771864283,22.931209785630834,27.449999809265137,26.3149995803833,29.55999994277954,28.270000457763672,
2022-01-13,29.540000915527344,31.729999542236328,29.540000915527344,30.950000762939453,936500,0,0,0.04596149386070958,6.832229432556459,25.93449983596802,29.493111429423372,22.375888242512666,28.5,27.264999389648438,29.46750020980835,28.270000457763672,
2022-01-14,30.600000381469727,32.189998626708984,30.43000030517578,32.119998931884766,518000,0,0,0.03780284782242416,7.090507162083278,26.298999786376953,30.727955949488774,21.870043623265133,28.924999237060547,27.494998931884766,29.164999961853027,28.890000343322754,
2022-01-18,32.0099983215332,32.689998626708984,31.06999969482422,31.13999938964844,503300,0,0,-0.030510572068030206,6.874171732315652,26.645499801635744,31.43988955013804,21.851110053133446,29.32499885559082,27.744998931884766,28.880000114440918,28.994999885559082,
2022-01-19,31.46999931335449,32.11000061035156,29.90999984741211,30.0,344200,0,0,-0.03660884431575806,6.622516249567523,26.98499984741211,31.718801895798055,22.251197799026162,29.389999389648438,27.744998931884766,28.387500286102295,29.015000343322754,
2022-01-20,30.100000381469727,30.82999992370605,29.13999938964844,29.309999465942383,414600,0,0,-0.023000017801920625,6.470198257933961,27.243499851226808,31.890552642817283,22.596447059636333,29.56999969482422,27.744998931884766,28.37249994277954,29.329999923706055,
2022-01-21,28.88999938964844,29.56999969482422,28.459999084472656,28.600000381469727,421900,0,0,-0.024223783603191773,6.31346557546402,27.433999824523926,31.973084076473246,22.894915572574607,29.56999969482422,27.744998931884766,28.267500400543213,29.27500057220459,
2022-01-24,28.049999237060547,29.3700008392334,27.93000030517578,29.25,479200,0,0,0.022727259086031903,6.456953343328335,27.655499839782713,32.09285494216264,23.21814473740279,29.589999198913574,27.744998931884766,28.0,29.135000228881836,
2022-01-25,28.8799991607666,28.920000076293945,27.86000061035156,28.15999984741211,512100,0,0,-0.03726496248163724,6.216335219243523,27.793999862670898,32.1098169001019,23.478182825239898,30.089999198913574,27.744998931884766,27.489999771118164,29.079999923706055,
2022-01-26,28.5,29.100000381469727,27.709999084472656,28.06999969482422,444900,0,0,-0.003196028163194864,6.196467636810961,27.94499988555908,32.0713884494657,23.818611321652458,30.19999885559082,27.744998931884766,26.712499618530273,28.34500026702881,
2022-01-27,28.059999465942383,28.459999084472656,26.600000381469727,26.75,476500,0,0,-0.04702528354738855,5.905076989197709,28.00699987411499,32.0196602488725,23.99433949935748,29.644999504089355,28.094999313354492,26.247498989105225,28.079999923706055,
2022-01-28,26.799999237060547,27.940000534057617,26.40999984741211,27.549999237060547,483700,0,0,0.029906513534973644,6.081677254100212,28.11949987411499,31.941917516110593,24.297082232119386,29.549999237060547,28.31999969482422,26.10749912261963,28.079999923706055,
2022-01-31,27.6299991607666,30.1299991607666,27.5,29.81999969482422,596200,0,0,0.08239566318063796,6.5827810847024,28.344999885559083,32.004778494516884,24.685221276601286,29.260000228881836,28.70499897003174,26.012499809265137,28.079999923706055,
2022-02-01,29.709999084472656,30.479999542236328,29.309999465942383,30.3700008392334,462700,0,0,0.01844403588322785,6.704194135240085,28.579499912261962,32.12417475359333,25.034825070930594,28.619999885559082,28.70499897003174,25.90499973297119,28.079999923706055,
2022-02-02,30.5,31.07999992370605,29.81999969482422,31.0,626100,0,0,0.02074412720966201,6.843266791219776,28.83099994659424,32.31190857296542,25.35009132022306,28.744999885559082,28.7549991607666,25.81500005722046,28.079999923706055,
2022-02-03,30.350000381469727,31.56999969482422,30.229999542236328,30.43000030517578,478500,0,0,-0.0183870869298135,6.717439049845712,29.051999950408934,32.342463263938015,25.76153663687985,28.989999771118164,28.7549991607666,25.81500005722046,28.079999923706055,
2022-02-04,30.729999542236328,31.049999237060547,29.84000015258789,30.799999237060547,449200,0,0,0.01215901834288946,6.799116514470028,29.235499954223634,32.48540303737129,25.985596871075977,28.989999771118164,28.8799991607666,25.802499771118164,28.079999923706055,
2022-02-07,30.950000762939453,31.520000457763672,30.549999237060547,30.780000686645508,451100,0,0,-0.000649303600987583,6.794701823633648,29.41049995422363,32.595963888400625,26.22503602004664,28.989999771118164,28.8799991607666,25.72749948501587,28.079999923706055,
2022-02-08,31.040000915527344,31.350000381469727,30.739999771118164,31.0,447400,0,0,0.007147475907950396,6.843266791219777,29.62199993133545,32.63321454867033,26.610785314000562,28.989999771118164,28.979999542236328,25.714999675750732,28.079999923706055,
2022-02-09,31.049999237060547,31.049999237060547,30.200000762939453,30.31999969482422,344000,0,0,-0.021935493715347754,6.693156355528528,29.80049991607666,32.51515281767231,27.08584701448101,28.989999771118164,29.174999237060547,25.78499984741211,28.079999923706055,
2022-02-10,30.100000381469727,30.420000076293945,29.059999465942383,29.459999084472656,623700,0,0,-0.02836413651080505,6.503310754972154,29.793999862670898,32.51128757100538,27.076712154336413,29.53499984741211,29.32499885559082,25.94000005722046,28.079999923706055,
2022-02-11,29.399999618530277,29.440000534057617,28.32999992370605,28.57999992370605,421000,0,0,-0.029870983982155708,6.3090504635794,29.675499820709227,32.38744765596742,26.963551985451033,29.949999809265137,29.389999389648438,25.91249990463257,28.079999923706055,
2022-02-14,28.959999084472656,29.56999969482422,28.51000022888184,29.15999984741211,368500,0,0,0.020293909211139383,6.437085760895777,29.527499866485595,31.999668404417775,27.055331328553414,29.949999809265137,29.549999237060547,26.0625,28.079999923706055,
2022-02-15,29.600000381469727,30.770000457763672,29.51000022888184,30.34000015258789,272000,0,0,0.040466402995557704,6.697571467413152,29.487499904632568,31.877667274317208,27.097332534947927,29.949999809265137,29.549999237060547,26.18499994277954,28.079999923706055,
2022-02-16,29.920000076293945,30.3799991607666,29.61000061035156,30.049999237060547,209700,0,0,-0.009558368954148078,6.633553608230842,29.489999866485597,31.882434253211905,27.09756547975929,29.925000190734863,29.549999237060547,26.15999984741211,28.079999923706055,
2022-02-17,29.61000061035156,29.739999771118164,28.57999992370605,28.670000076293945,243400,0,0,-0.04592343413655242,6.328918046011963,29.457999897003173,31.876471031149702,27.039528762856644,29.925000190734863,29.549999237060547,25.824999809265137,28.079999923706055,
